331384.2511,383863.774814,0,730
331472.777654,383891.818769,0,730
331418.873008,383880.814195,0,730
331481.343759,383858.444206,0,730
331565.196033,383693.823943,0,730
331264.238162,383557.61096,0,730
331512.842709,383760.461763,0,730
331490.421747,383913.607864,0,730
331342.787511,383934.072698,0,730
331358.831702,384039.245299,0,730
331433.513719,383507.197265,0,730
331557.150538,383722.043944,0,730
331336.671635,383948.553179,0,730
331391.844399,383802.95665,0,730
331435.631204,383498.024165,0,730
331474.305917,383950.036996,0,730
331256.548519,383876.210643,0,730
331360.257914,383837.571625,0,730
331319.965932,383596.740791,0,730
331436.806699,383659.19283,0,730
331332.530793,383415.552803,0,730
331541.889655,383725.455154,0,730
331565.989127,383760.522701,0,730
331317.017017,383448.297905,0,730
331382.702008,383710.680457,0,730
331391.160652,383697.816259,0,730
331243.549279,383545.720895,0,730
331517.651915,383595.554585,0,730
331367.778079,384031.596795,0,730
331285.477991,383960.569443,0,730
331332.598405,383826.018485,0,730
331341.619136,383919.034437,0,730
331279.481653,383474.549288,0,730
331255.632043,383528.519972,0,730
331428.751604,383859.363372,0,730
331516.197155,383585.778543,0,730
331462.707745,383736.863321,0,730
331343.876577,383812.084152,0,730
331322.531789,383807.779235,0,730
331349.515013,384034.658089,0,730
331393.502092,383841.324836,0,730
331380.441036,383934.782327,0,730
331373.074018,383614.931822,0,730
331388.987634,383907.263082,0,730
331395.17535,383859.027524,0,730
331328.671663,384054.604935,0,730
331306.295201,383488.622304,0,730
331463.794575,383712.093594,0,730
331317.783401,383385.390024,0,730
331253.467715,383579.452069,0,730
331396.579655,383545.185659,0,730
331375.032832,383653.136478,0,730
331443.191763,383510.733897,0,730
331361.664089,383814.823808,0,730
331421.037817,383847.691272,0,730
331259.331537,383811.329397,0,730
331314.894009,383802.229559,0,730
331342.776353,383457.60783,0,730
331325.256693,383601.609014,0,730
331365.876742,383784.989323,0,730
331482.322361,383602.780757,0,730
331519.732696,383765.073003,0,730
331334.29782,383589.767767,0,730
331486.823149,383850.870882,0,730
331538.272058,383764.139558,0,730
331482.614141,383751.072301,0,730
331230.872559,383912.305299,0,730
331350.087692,383485.07814,0,730
331419.778087,383962.55181,0,730
331413.504191,383833.217913,0,730
331517.701509,383723.358043,0,730
331268.666499,383579.170138,0,730
331445.296011,384096.867583,0,730
331307.808435,384012.232011,0,730
331431.240613,383832.595272,0,730
331293.292837,383425.749581,0,730
331505.288266,383672.974548,0,730
331417.13721,383561.425336,0,730
331395.380298,383826.663822,0,730
331427.917944,384117.393694,0,730
331321.728263,383916.655579,0,730
331474.032861,383622.708635,0,730
331264.353492,383968.076339,0,730
331491.006838,383753.564019,0,730
331394.073461,383518.879165,0,730
331453.504218,383522.661372,0,730
331358.222417,383507.073788,0,730
331386.827585,383484.687137,0,730
331376.644843,383558.397864,0,730
331340.711732,383799.103633,0,730
331468.213492,383748.958132,0,730
331308.931677,383932.309589,0,730
331356.157095,383765.239157,0,730
331337.111802,383761.031086,0,730
331500.956883,383884.275951,0,730
331383.295443,383505.139563,0,730
331334.39004,383455.751125,0,730
331344.882525,383720.298063,0,730
331332.554256,384019.214619,0,730
331463.486109,383630.487368,0,730
331385.560004,383520.666282,0,730
331379.41871,383569.597368,0,730
331248.739672,383576.299778,0,730
331390.374492,383460.984196,0,730
331431.019187,383985.164081,0,730
331336.08805,383581.159085,0,730
331335.979707,384027.986605,0,730
331399.077866,383739.439933,0,730
331519.601112,383770.492961,0,730
331285.520779,383987.003796,0,730
331451.614613,383795.929065,0,730
331382.987073,383965.499744,0,730
331197.562639,383509.692721,0,730
331326.384384,383424.657447,0,730
331539.274194,383807.782869,0,730
331391.719347,383995.074538,0,730
331459.120198,383924.793071,0,730
331328.369764,383527.790578,0,730
331313.699469,383768.452436,0,730
331325.949374,383729.719969,0,730
331296.91081,383783.348974,0,730
331418.949015,383840.081075,0,730
331408.393599,383681.186413,0,730
331495.661654,383872.108456,0,730
331304.579551,383740.380345,0,730
331486.753602,383655.136701,0,730
331406.07999,383714.063939,0,730
331187.715972,383519.395066,0,730
331242.250593,383922.106981,0,730
331408.853109,383748.235223,0,730
331289.63686,383530.576205,0,730
331501.749767,383903.720911,0,730
331347.198943,383741.075304,0,730
331495.454892,383893.609699,0,730
331361.475313,383559.167801,0,730
331351.970969,383545.904655,0,730
331405.011887,383489.145075,0,730
331358.896613,383923.319357,0,730
331318.169204,383629.521995,0,730
331192.706533,383548.322052,0,730
331273.721689,384035.784094,0,730
331351.719106,383850.217621,0,730
331403.888941,383591.565239,0,730
331462.899876,383583.220445,0,730
331267.901398,383960.750425,0,730
331439.952306,383606.242575,0,730
331238.670286,383497.963409,0,730
331497.722631,383784.988052,0,730
331443.028167,383710.714578,0,730
331246.580737,383962.654496,0,730
331637.182281,383739.290912,0,730
331412.878206,383475.459066,0,730
331261.868328,383880.527027,0,730
331366.606349,383997.544455,0,730
331349.771588,383543.67648,0,730
331401.838878,383763.593984,0,730
331500.25081,383625.248314,0,730
331347.743194,383493.765134,0,730
331344.037003,383744.047336,0,730
331349.112152,383514.30611,0,730
331338.363323,383752.240681,0,730
331412.550001,383722.826528,0,730
331506.624519,383623.095717,0,730
331532.75129,383684.302562,0,730
331401.265938,383559.811968,0,730
331525.218378,383715.773028,0,730
331196.541764,383926.394276,0,730
331202.114569,383533.621699,0,730
331481.653184,383534.81174,0,730
331357.333015,383991.261379,0,730
331425.171354,383891.130675,0,730
331316.338847,383872.099057,0,730
331313.362782,383435.896021,0,730
331388.240331,383787.445657,0,730
331392.12389,383747.377065,0,730
331477.676761,383863.070562,0,730
331219.810754,383972.227796,0,730
331285.763748,383527.833953,0,730
331504.780339,383658.142798,0,730
331323.07119,383801.410507,0,730
331407.37954,383485.26952,0,730
331274.578067,383944.810858,0,730
331408.568737,383759.614643,0,730
331313.545699,383997.39307,0,730
331482.525759,383876.422071,0,730
331205.350024,383510.946043,0,730
331432.838127,383715.638851,0,730
331462.787572,383569.665186,0,730
331376.956164,383872.797948,0,730
331418.345817,383896.860307,0,730
331369.904325,383473.57678,0,730
331220.722015,383489.836965,0,730
331305.617113,384025.125309,0,730
331449.747789,383952.946884,0,730
331274.142487,383954.372064,0,730
331503.851509,383826.879036,0,730
331378.306958,383999.66322,0,730
331462.347968,383651.61156,0,730
331481.027405,383553.953686,0,730
331413.68891,383915.633196,0,730
331319.323732,383817.294356,0,730
331285.294178,384023.503168,0,730
331236.28312,383585.917065,0,730
331260.28083,383810.83316,0,730
331400.037416,383465.01532,0,730
331370.909862,384010.196594,0,730
331542.483014,383622.629225,0,730
331463.360427,383600.678987,0,730
331385.622979,383780.930815,0,730
331249.289668,383529.049788,0,730
331393.877782,383985.469055,0,730
331380.252658,383457.091147,0,730
331510.033779,383736.038951,0,730
331441.221129,383639.791637,0,730
331442.393954,383647.83934,0,730
331329.04601,383755.239177,0,730
331557.319935,383625.14557,0,730
331420.334105,383614.639181,0,730
331511.694677,383871.321317,0,730
331375.940178,383827.087951,0,730
331281.918325,383429.679611,0,730
331239.651241,383548.67709,0,730
331305.629959,383608.05029,0,730
331457.342379,383893.146567,0,730
331314.978027,383740.090069,0,730
331303.303059,383908.829357,0,730
331308.476532,383533.804958,0,730
331355.024851,383915.032335,0,730
331275.26099,383886.955862,0,730
331334.310552,383594.225824,0,730
331384.118311,383961.239894,0,730
331276.896807,383985.333734,0,730
331331.505972,383729.009455,0,730
331445.864616,383923.874304,0,730
331312.134331,383790.680707,0,730
331238.654778,383525.035158,0,730
331305.093061,383437.815164,0,730
331311.331297,384033.12484,0,730
331375.885363,383437.884079,0,730
331321.052419,383543.808205,0,730
331518.228657,383583.366423,0,730
331412.994911,383530.215745,0,730
331373.038798,384024.722526,0,730
331605.135654,383741.912135,0,730
331334.704877,383486.394571,0,730
331453.320563,383547.262033,0,730
331393.964639,383756.671236,0,730
331553.939651,383752.851522,0,730
331234.866033,383474.764878,0,730
331250.353353,383864.923808,0,730
331593.276137,383720.164075,0,730
331369.694366,383968.406553,0,730
331421.503101,383745.755749,0,730
331330.307819,383644.646317,0,730
331399.279476,383718.051281,0,730
331279.443876,383477.936722,0,730
331441.660405,383497.930274,0,730
331502.241359,383701.143144,0,730
331502.154429,383857.111471,0,730
331422.655241,383940.097276,0,730
331320.885527,383617.064915,0,730
331328.642381,383606.269893,0,730
331490.181435,383624.670605,0,730
331393.275933,383704.655679,0,730
331465.735602,383949.995509,0,730
331307.098378,383811.577421,0,730
331232.939292,383927.688982,0,730
331340.859646,383894.81643,0,730
331545.189255,383625.575859,0,730
331370.424402,384028.403311,0,730
331327.095467,383945.856046,0,730
331259.428707,383539.609072,0,730
331263.044558,383878.321033,0,730
331391.435108,383644.345845,0,730
331524.506592,383755.931316,0,730
331347.756339,383508.053272,0,730
331540.989397,383733.966295,0,730
331488.306246,383564.0313,0,730
331371.55831,383810.880624,0,730
331297.663221,383759.54461,0,730
331438.915117,383841.806294,0,730
331423.82995,383844.950083,0,730
331328.625828,383933.69804,0,730
331436.283822,383715.211869,0,730
331505.901637,383838.349042,0,730
331530.837148,383725.837605,0,730
331451.289019,383727.601441,0,730
331344.295471,383839.369834,0,730
331389.296886,383491.47638,0,730
331435.433304,383630.870264,0,730
331443.729026,383792.028597,0,730
331361.552955,383805.138179,0,730
331381.571147,383846.817203,0,730
331324.613517,383948.758792,0,730
331388.158464,383751.370049,0,730
331440.691679,383570.509642,0,730
331481.38066,383878.634848,0,730
331355.073028,384011.322644,0,730
331495.175309,383869.3194,0,730
331345.780556,383912.812802,0,730
331314.645394,383562.853358,0,730
331421.341852,383796.969224,0,730
331421.172001,383459.191965,0,730
331425.509245,383826.449151,0,730
331475.838872,383652.285087,0,730
331490.941362,383877.412864,0,730
331217.737136,383975.043254,0,730
331239.491039,383974.833226,0,730
331480.397276,383737.364322,0,730
331521.282248,383639.408693,0,730
331322.921143,383520.779579,0,730
331529.601845,383802.602789,0,730
331464.95355,383791.173478,0,730
331286.146993,383869.868106,0,730
331228.390202,383967.314038,0,730
331434.26928,383798.900885,0,730
331275.799296,383442.318331,0,730
331188.75965,383544.835095,0,730
331412.188707,383755.493897,0,730
331330.860125,383710.343185,0,730
331292.499524,383794.462809,0,730
331305.045126,383881.880513,0,730
331338.326129,383761.15273,0,730
331348.287356,383579.987862,0,730
331415.43329,383582.157472,0,730
331241.04123,383598.229158,0,730
331270.831503,383514.737829,0,730
331498.621581,383711.88713,0,730
331422.995892,383707.77632,0,730
331580.201195,383709.776106,0,730
331245.473451,383460.89323,0,730
331224.346548,384003.843843,0,730
331504.785813,383746.847995,0,730
331485.964962,383753.954059,0,730
331231.524168,383927.965897,0,730
331507.034805,383563.212837,0,730
331460.920364,383603.693995,0,730
331288.183054,383450.215981,0,730
331485.717121,383637.967545,0,730
331202.977796,383957.462616,0,730
331429.528977,384106.620178,0,730
331372.84719,383904.467695,0,730
331456.584886,383901.837351,0,730
331403.250633,383706.885512,0,730
331275.50973,383575.278338,0,730
331553.055046,383703.313873,0,730
331324.584879,383756.483218,0,730
331352.941526,383473.964866,0,730
331579.385329,383718.046556,0,730
331335.8735,383786.828267,0,730
331302.760481,383594.397404,0,730
331346.534831,383411.509171,0,730
331313.385159,383775.821269,0,730
331218.299145,383905.110309,0,730
331400.394299,383975.70493,0,730
331494.430774,383602.218048,0,730
331294.684471,383449.276913,0,730
331266.907834,383595.795805,0,730
331333.471512,383706.097685,0,730
331334.310504,384026.424335,0,730
331271.624237,383977.89009,0,730
331366.60145,383900.96154,0,730
331236.213958,383957.707435,0,730
331371.743798,383588.417586,0,730
331428.212392,383598.395722,0,730
331306.396387,383903.236067,0,730
331229.720468,383556.313307,0,730
331585.460615,383721.931698,0,730
331528.608757,383634.266171,0,730
331571.535604,383698.172268,0,730
331374.852062,383606.085987,0,730
331281.763516,383543.067102,0,730
331420.224095,383767.223297,0,730
331335.888738,383899.788842,0,730
331552.313686,383652.624707,0,730
331460.88126,383620.403867,0,730
331379.445308,384062.077408,0,730
331346.583402,383472.389348,0,730
331506.448225,383564.688124,0,730
331355.421771,383411.481339,0,730
331385.318375,383905.646097,0,730
331524.117036,383858.68954,0,730
331352.089192,384058.370833,0,730
331535.287622,383810.157153,0,730
331241.096161,383587.322676,0,730
331322.893918,384029.533928,0,730
331214.620662,383509.766886,0,730
331343.771808,383654.250667,0,730
331271.279844,383501.781436,0,730
331212.926502,383586.454819,0,730
331384.556802,383938.867778,0,730
331251.460724,383597.428379,0,730
331195.782738,383561.976297,0,730
331434.289158,383878.67883,0,730
331313.530172,383447.588719,0,730
331307.051177,383580.562958,0,730
331338.857851,383799.511235,0,730
331284.485367,383787.868735,0,730
331264.771023,383600.088971,0,730
331505.677362,383598.02728,0,730
331406.618736,383516.718907,0,730
331344.787413,383842.426301,0,730
331242.400888,383938.88275,0,730
331397.48398,383515.18193,0,730
331269.703551,383817.355214,0,730
331285.465091,383926.832151,0,730
331433.636319,383729.174535,0,730
331392.500127,383719.816977,0,730
331450.77247,384110.733312,0,730
331283.764358,384016.465213,0,730
331218.032601,383954.108946,0,730
331349.779778,383718.111335,0,730
331547.883211,383627.285281,0,730
331334.173254,383856.536598,0,730
331393.135591,383439.545942,0,730
331205.642436,383967.685436,0,730
331458.558283,383809.132786,0,730
331383.830661,383579.684886,0,730
331381.484159,383429.244099,0,730
331496.36823,383749.204429,0,730
331370.696447,384016.955602,0,730
331327.073009,383766.609998,0,730
331274.771015,383513.911807,0,730
331383.955056,383913.219509,0,730
331352.720028,384021.803674,0,730
331349.182972,384050.6072,0,730
331304.493195,383768.659145,0,730
331498.13125,383630.094125,0,730
331339.861135,383853.124864,0,730
331483.662212,383722.206548,0,730
331388.824298,383994.027128,0,730
331305.991647,383626.696082,0,730
331435.398583,383655.671667,0,730
331278.938698,384031.158919,0,730
331487.123396,383734.300797,0,730
331442.586823,383836.348387,0,730
331237.238387,383969.196573,0,730
331415.023393,383673.877422,0,730
331463.270271,383921.87976,0,730
331434.348024,383522.711214,0,730
331471.046506,383877.284983,0,730
331347.453194,383637.787686,0,730
331398.941958,383747.850339,0,730
331398.930735,383585.89059,0,730
331604.2894,383750.429044,0,730
331346.76743,383429.95869,0,730
331227.916582,383919.885406,0,730
331383.445627,383582.173697,0,730
331342.852221,383970.608554,0,730
331490.393287,383614.532171,0,730
331285.958304,383965.872863,0,730
331328.697619,383490.776711,0,730
331521.925038,383847.813323,0,730
331250.871848,383795.642134,0,730
331386.123958,383641.501412,0,730
331444.911216,384107.699917,0,730
331393.174901,383544.065105,0,730
331561.216843,383788.613961,0,730
331421.383935,383939.424133,0,730
331219.251852,383935.963629,0,730
331353.20698,383980.347768,0,730
331427.192857,383465.641678,0,730
331345.779711,383792.940752,0,730
331177.783505,383536.072654,0,730
331356.193548,383973.527869,0,730
331494.240029,383632.473157,0,730
331364.353912,383966.480952,0,730
331502.104834,383721.672725,0,730
331219.900641,383499.307827,0,730
331239.256924,383940.874947,0,730
331393.599725,383857.25941,0,730
331379.880991,383806.22079,0,730
331355.118547,383928.533359,0,730
331305.989895,384021.384318,0,730
331351.643029,383404.317037,0,730
331315.026606,383889.266179,0,730
331232.795026,383967.459419,0,730
331389.123049,383894.448122,0,730
331334.385725,383583.153834,0,730
331346.223734,383757.537201,0,730
331361.028409,383831.222902,0,730
331493.098454,383752.239874,0,730
331597.593031,383729.795195,0,730
331442.581538,383921.644246,0,730
331260.22744,383956.156528,0,730
331442.004923,383724.030121,0,730
331247.896789,383898.029472,0,730
331441.299733,383737.067435,0,730
331460.841475,383894.750744,0,730
331308.401948,383554.192636,0,730
331494.025238,383551.687028,0,730
331410.155745,383956.760403,0,730
331290.490647,383825.724139,0,730
331396.303424,383448.33252,0,730
331412.351429,384088.199605,0,730
331622.01974,383739.317609,0,730
331491.120474,383877.115483,0,730
331398.397096,383769.240894,0,730
331284.106083,383900.505792,0,730
331438.168259,383696.524741,0,730
331248.796547,383890.739381,0,730
331331.327149,383430.581428,0,730
331387.679294,383450.640022,0,730
331262.3129,383998.996371,0,730
331245.018728,384031.750328,0,730
331338.030418,383719.097078,0,730
331414.530526,384092.564961,0,730
331329.493006,383477.183285,0,730
331460.353291,383764.627053,0,730
331429.302529,384091.827039,0,730
331259.620585,383862.417548,0,730
331328.868954,383863.087094,0,730
331218.959418,383529.418378,0,730
331273.312938,383568.617172,0,730
331393.367144,383954.894898,0,730
331423.491155,383898.778483,0,730
331364.959495,383742.816306,0,730
331398.501009,383461.39088,0,730
331516.130559,383732.122042,0,730
331376.331623,383676.459881,0,730
331372.398908,383439.570299,0,730
331399.407392,383661.193543,0,730
331299.388509,383907.60019,0,730
331247.883072,383948.178104,0,730
331325.921076,383917.944776,0,730
331348.705097,383661.603724,0,730
331300.523313,384019.755291,0,730
331303.459291,383575.992875,0,730
331411.142837,384070.333793,0,730
331487.340313,383932.053756,0,730
331458.489135,383594.899381,0,730
331461.946606,383694.638121,0,730
331433.795722,384094.151568,0,730
331363.013595,383981.799273,0,730
331279.715496,383440.445923,0,730
331256.50413,384028.053859,0,730
331411.681026,383850.651377,0,730
331286.208714,383533.596955,0,730
331491.299534,383571.180399,0,730
331500.734839,383784.138725,0,730
331363.324353,383527.538368,0,730
331453.666915,383933.494664,0,730
331320.566664,383751.730688,0,730
331438.715929,383752.344953,0,730
331497.176941,383654.505645,0,730
331413.977473,383625.706149,0,730
331335.264444,383879.766949,0,730
331514.507104,383817.97209,0,730
331565.755167,383646.623288,0,730
331238.246692,383921.995892,0,730
331502.172979,383604.100526,0,730
331218.676247,383568.172393,0,730
331300.337808,383575.244268,0,730
331375.180739,383843.824166,0,730
331472.082689,383814.665392,0,730
331493.891051,383576.253663,0,730
331427.408249,383966.033201,0,730
331340.146226,383464.227157,0,730
331569.977693,383666.018167,0,730
331602.206701,383690.001197,0,730
331341.629831,383449.021549,0,730
331602.95924,383706.001181,0,730
331423.759879,384088.127981,0,730
331334.208105,383943.341001,0,730
331470.399674,383942.277117,0,730
331261.770351,383893.997798,0,730
331317.912668,383767.728044,0,730
331429.292958,383985.518411,0,730
331622.668563,383710.265496,0,730
331456.132424,383732.691492,0,730
331387.07208,383742.887734,0,730
331465.313181,383675.202214,0,730
331579.128897,383703.629439,0,730
331258.432537,383827.537816,0,730
331210.724303,383978.446587,0,730
331492.968584,383606.584695,0,730
331294.849748,383804.81314,0,730
331243.534868,383808.816127,0,730
331432.83406,383725.068829,0,730
331598.805605,383712.999673,0,730
331348.582921,383561.26969,0,730
331541.621333,383788.537172,0,730
331511.512961,383675.322127,0,730
331442.79885,383591.386687,0,730
331505.105409,383706.80289,0,730
331542.033147,383636.935537,0,730
331248.726013,383574.365368,0,730
331277.898772,383543.009598,0,730
331462.731483,383969.202847,0,730
331432.709964,383511.61979,0,730
331372.405208,383898.726653,0,730
331366.374655,384053.802287,0,730
331269.637725,384009.971944,0,730
331341.65909,384038.820624,0,730
331602.072403,383733.041614,0,730
331458.570261,383966.610191,0,730
331406.200303,383932.675474,0,730
331511.185941,383767.498644,0,730
331354.65661,383438.246201,0,730
331492.027818,383540.560997,0,730
331500.042311,383801.746017,0,730
331326.593753,383722.894238,0,730
331395.159988,383858.376742,0,730
331213.089557,383925.752209,0,730
331501.144185,383653.445969,0,730
331619.463585,383755.071329,0,730
331524.651607,383656.389045,0,730
331348.963653,383428.31428,0,730
331393.322852,383705.47073,0,730
331487.769209,383592.556613,0,730
331320.855161,383913.197416,0,730
331476.35131,383809.342398,0,730
331473.514497,383692.494823,0,730
331484.514737,383576.344768,0,730
331240.072276,383571.065877,0,730
331366.973858,383942.951378,0,730
331276.561231,383454.296904,0,730
331313.283839,383814.199583,0,730
331632.986988,383723.749385,0,730
331244.941659,383459.010619,0,730
331407.689771,383688.406982,0,730
331420.210089,383913.661468,0,730
331473.155279,383747.750901,0,730
331478.229931,383849.813036,0,730
331403.594964,383690.009479,0,730
331478.558999,383843.187608,0,730
331465.500156,383643.068001,0,730
331207.533272,383920.704056,0,730
331287.957091,383798.554027,0,730
331346.561706,384057.489716,0,730
331281.350833,383556.4322,0,730
331349.513053,383737.040919,0,730
331353.048617,383607.185038,0,730
331294.206056,383473.022117,0,730
331203.616985,383574.982379,0,730
331357.916311,383968.832015,0,730
331530.540501,383847.30125,0,730
331452.086707,383709.60122,0,730
331393.875921,383817.275874,0,730
331263.376937,383530.455879,0,730
331526.743135,383721.00593,0,730
331435.225762,383927.520239,0,730
331448.771644,383489.862163,0,730
331497.012194,383660.113982,0,730
331421.654419,383627.750168,0,730
331328.083211,384030.286583,0,730
331512.628304,383741.532604,0,730
331397.504546,383840.342013,0,730
331302.860898,383996.917514,0,730
331388.874829,383765.872031,0,730
331304.268749,383961.55341,0,730
331325.459096,383791.16399,0,730
331301.356565,383505.904503,0,730
331522.157339,383777.75809,0,730
331605.867288,383730.369172,0,730
331514.502326,383675.468676,0,730
331444.092214,383773.114598,0,730
331510.187234,383745.085739,0,730
331387.97705,383437.403266,0,730
331387.091711,383724.963515,0,730
331533.257219,383639.180236,0,730
331493.795781,383541.107068,0,730
331473.460099,383723.14211,0,730
331372.449671,383601.486619,0,730
331347.509602,383788.132265,0,730
331282.670142,383855.601545,0,730
331369.82304,383925.669447,0,730
331428.772584,383896.685092,0,730
331346.313356,383588.292258,0,730
331558.013521,383760.860863,0,730
331374.191232,383442.335334,0,730
331281.193063,384018.080496,0,730
331397.712264,383497.285734,0,730
331270.295484,383869.879291,0,730
331494.971027,383628.992319,0,730
331570.940495,383671.780726,0,730
331285.440315,383944.585759,0,730
331332.550029,383949.825597,0,730
331340.821593,383709.190226,0,730
331353.53893,384066.701566,0,730
331476.251071,383643.610938,0,730
331393.586484,383680.533702,0,730
331395.101038,383748.764283,0,730
331451.992899,383901.118963,0,730
331324.227211,383538.499879,0,730
331331.400261,383964.219149,0,730
331469.130953,383776.647003,0,730
331499.676984,383817.430632,0,730
331450.4592,383803.688642,0,730
331394.035234,383754.341507,0,730
331349.557807,383570.161866,0,730
331345.50818,383541.752235,0,730
331339.00306,383472.909551,0,730
331284.212509,383774.19398,0,730
331442.43227,384125.533628,0,730
331435.889856,383533.605681,0,730
331209.635863,383506.562313,0,730
331341.972331,384033.196077,0,730
331320.738399,383530.788732,0,730
331306.594688,383914.817846,0,730
331275.146465,383800.462852,0,730
331414.199923,383852.669008,0,730
331569.080747,383642.241212,0,730
331392.209751,383933.301907,0,730
331557.287778,383788.285633,0,730
331537.395194,383821.157071,0,730
331266.344349,383779.823905,0,730
331247.51466,384015.132619,0,730
331292.680266,383542.017816,0,730
331532.365751,383838.624981,0,730
331529.875422,383742.411484,0,730
331473.734918,383769.451006,0,730
331340.753501,383411.934295,0,730
331225.440615,383945.628625,0,730
331381.177441,383673.75061,0,730
331353.233369,384058.414215,0,730
331186.825113,383938.590008,0,730
331381.616246,383545.517971,0,730
331302.883199,383618.407791,0,730
331349.471778,383411.978385,0,730
331355.296322,383652.233277,0,730
331299.850868,383980.915662,0,730
331318.975342,383438.955285,0,730
331345.286231,383566.282914,0,730
331425.854443,384080.011915,0,730
331397.467104,383853.63963,0,730
331197.634659,383566.00598,0,730
331418.311494,383455.192628,0,730
331369.353998,383529.413127,0,730
331481.529565,383590.877424,0,730
331299.130151,383972.493174,0,730
331277.10434,383833.852752,0,730
331299.720028,383491.847348,0,730
331461.397806,383549.315265,0,730
331301.998959,383509.263376,0,730
331322.503319,383973.282212,0,730
331340.560549,383757.132217,0,730
331259.57468,383787.456384,0,730
331336.986098,383474.633486,0,730
331262.623236,383559.052883,0,730
331324.467,383523.357978,0,730
331282.392647,383584.30538,0,730
331344.843524,383725.086138,0,730
331335.179289,383553.253697,0,730
331379.64494,384010.270865,0,730
331396.612338,383645.49779,0,730
331476.781026,383550.926665,0,730
331437.408592,383587.513738,0,730
331250.079683,383972.855174,0,730
331266.745586,383825.439346,0,730
331351.586756,383693.186208,0,730
331575.990486,383693.224704,0,730
331339.570652,383839.281709,0,730
331208.728648,383920.369032,0,730
331455.217007,383700.89444,0,730
331524.13207,383656.167404,0,730
331494.760894,383685.787133,0,730
331427.473064,383916.551151,0,730
331437.178527,383518.264569,0,730
331401.914517,383457.406934,0,730
331473.118771,383538.30662,0,730
331351.949826,384060.718411,0,730
331252.766008,383974.279016,0,730
331345.505999,383835.110865,0,730
331377.996421,383676.31645,0,730
331380.672392,384019.128294,0,730
331298.559766,383513.636583,0,730
331495.780097,383577.351599,0,730
331334.425279,383815.519225,0,730
331498.539672,383805.897603,0,730
331241.09643,383589.740991,0,730
331602.83446,383688.559348,0,730
331456.229701,383666.61752,0,730
331238.921426,383888.225146,0,730
331306.700674,383429.48314,0,730
331366.794184,383480.901648,0,730
331308.029741,383532.541824,0,730
331222.397914,383984.061894,0,730
331282.03158,383951.135643,0,730
331513.879911,383702.068294,0,730
331421.426693,383832.379362,0,730
331409.823318,383556.616402,0,730
331251.386999,383559.24103,0,730
331389.678363,383699.37494,0,730
331310.930832,383965.469297,0,730
331338.494833,383621.337357,0,730
331363.256748,383772.155524,0,730
331380.353534,383746.363807,0,730
331486.763599,383558.393432,0,730
331230.456214,383984.391213,0,730
331364.838472,383555.945864,0,730
331270.718988,384017.710692,0,730
331370.266599,383540.662785,0,730
331325.56946,383477.376983,0,730
331258.524585,384026.111779,0,730
331311.650273,383497.31294,0,730
331301.697914,383816.302975,0,730
331240.804835,383519.99131,0,730
331562.15891,383641.546448,0,730
331382.521014,383521.661788,0,730
331435.025934,383709.258669,0,730
331193.861409,383935.031982,0,730
331593.251821,383691.165268,0,730
331290.59699,384024.428082,0,730
331361.978566,383852.816066,0,730
331436.502181,383932.407019,0,730
331386.651441,383430.93414,0,730
331605.260524,383735.129136,0,730
331391.417264,383981.866155,0,730
331353.890983,383735.96261,0,730
331382.685769,383565.373893,0,730
331420.981902,383552.398603,0,730
331480.936625,383593.511244,0,730
331366.844624,383510.82599,0,730
331326.326843,383622.174089,0,730
331443.623733,383920.318337,0,730
331416.777675,383572.076858,0,730
331462.637067,383792.255153,0,730
331497.0783,383711.381719,0,730
331399.887365,383505.716918,0,730
331448.883737,383642.858266,0,730
331451.129275,383879.591543,0,730
331504.432233,383678.518885,0,730
331232.761822,383816.643354,0,730
331517.709758,383719.250272,0,730
331555.791655,383656.574034,0,730
331392.489577,383808.666163,0,730
331464.640003,383760.775645,0,730
331276.28277,383919.436423,0,730
331321.424213,383925.654555,0,730
331431.457473,383815.31122,0,730
331424.093142,383597.824916,0,730
331264.567927,383968.807996,0,730
331286.796237,383827.469088,0,730
331252.939664,383595.366302,0,730
331319.747076,383826.864807,0,730
331258.946006,383595.65303,0,730
331300.618476,383411.234027,0,730
331430.964725,383464.88874,0,730
331320.54801,383416.184719,0,730
331437.203873,383623.462064,0,730
331317.915406,383504.778727,0,730
331219.993946,383961.324536,0,730
331205.511028,383519.772704,0,730
331415.645078,383982.566003,0,730
331584.258391,383695.845077,0,730
331406.48734,383857.906641,0,730
331460.583864,383746.986694,0,730
331422.602744,383797.245357,0,730
331466.799753,383517.823673,0,730
331341.626588,383594.868078,0,730
331509.531058,383666.938537,0,730
331322.513725,383424.164426,0,730
331225.913277,383509.79328,0,730
331452.6621,383490.440709,0,730
331392.998701,383886.833882,0,730
331324.649044,384037.207434,0,730
331328.646541,383511.18656,0,730
331394.651759,383715.883769,0,730
331340.799105,383938.643677,0,730
331332.035029,383919.181436,0,730
331349.073142,383736.371071,0,730
331344.756452,384043.717886,0,730
331254.095142,383815.388008,0,730
331372.052354,383783.649919,0,730
331346.660783,383750.48359,0,730
331475.759152,383639.146022,0,730
331506.689316,383609.630884,0,730
331298.364291,383746.763095,0,730
331316.013543,383811.606315,0,730
331396.329585,383688.470569,0,730
331500.930447,383889.900932,0,730
331377.131629,383712.986104,0,730
331295.523261,383805.613453,0,730
331394.788145,383727.295964,0,730
331549.04517,383776.390232,0,730
331343.946952,383518.478377,0,730
331561.108454,383652.041385,0,730
331570.07433,383750.803334,0,730
331393.761076,383554.144249,0,730
331453.376942,383803.395992,0,730
331327.815875,383525.832204,0,730
331277.313516,383844.553231,0,730
331292.354807,383418.691122,0,730
331236.914451,383957.690815,0,730
331591.317972,383764.149869,0,730
331420.609221,383508.206693,0,730
331229.63421,383994.093282,0,730
331492.163925,383871.832571,0,730
331268.503235,383877.777149,0,730
331401.710704,383494.037079,0,730
331427.401222,383516.910256,0,730
331522.389091,383712.235033,0,730
331180.390987,383549.773995,0,730
331576.006017,383712.223937,0,730
331346.834907,383646.643939,0,730
331352.465909,383719.097719,0,730
331601.101287,383755.977163,0,730
331515.505641,383572.482278,0,730
331342.857952,383865.734308,0,730
331442.809472,383782.193773,0,730
331440.858989,384116.389203,0,730
331329.26437,384033.495776,0,730
331410.320629,383885.659651,0,730
331540.014571,383647.849748,0,730
331370.477079,383644.54871,0,730
331462.530314,383746.741066,0,730
331597.776267,383753.731464,0,730
331600.583378,383687.125813,0,730
331291.003344,383855.811568,0,730
331465.101731,383620.287124,0,730
331527.530509,383673.920369,0,730
331255.677608,383953.007637,0,730
331477.898841,383864.767556,0,730
331451.731543,383716.738901,0,730
331555.770946,383706.444991,0,730
331348.821066,383698.306049,0,730
331490.297366,383702.523792,0,730
331377.210311,383612.669072,0,730
331259.664183,383998.614108,0,730
331490.094934,383666.350285,0,730
331420.109605,383569.753706,0,730
331250.459897,383472.913806,0,730
331263.932933,383909.050078,0,730
331409.817102,383835.070272,0,730
331403.83024,383898.144893,0,730
331480.156431,383825.006853,0,730
331448.775713,383649.908387,0,730
331262.674936,383820.655688,0,730
331419.367554,383933.563531,0,730
331287.329953,383861.325656,0,730
331323.522595,383429.929503,0,730
331476.41414,383691.399471,0,730
331584.969567,383681.043907,0,730
331459.492135,383605.149724,0,730
331397.00306,383704.656538,0,730
331250.391352,383833.165099,0,730
331332.436378,384017.354229,0,730
331527.827967,383666.966056,0,730
331380.441919,383965.64844,0,730
331408.124217,383583.397989,0,730
331376.943645,384033.094695,0,730
331406.61647,383946.636817,0,730
331358.018634,383667.708277,0,730
331217.605774,383493.086083,0,730
331447.82551,383781.734173,0,730
331506.428137,383846.689924,0,730
331227.335725,383475.861738,0,730
331180.541573,383942.035311,0,730
331382.579223,384016.183937,0,730
331419.790779,383852.244558,0,730
331256.373766,383497.247285,0,730
331573.781179,383690.653406,0,730
331332.438311,383568.661602,0,730
331479.584102,383910.348651,0,730
331288.231545,383565.980725,0,730
331425.223649,383873.256863,0,730
331383.463723,383496.729088,0,730
331559.991011,383650.083999,0,730
331315.713641,383596.772053,0,730
331470.865916,383959.347417,0,730
331470.251834,383607.094643,0,730
331514.643885,383658.632005,0,730
331306.064476,384045.330246,0,730
331559.372426,383786.572196,0,730
331574.366926,383648.063609,0,730
331416.236115,383450.262485,0,730
331567.255664,383647.702552,0,730
331525.214334,383707.004245,0,730
331299.581267,383475.878885,0,730
331254.864375,383517.312971,0,730
331330.380933,383888.620721,0,730
331372.128811,383591.294109,0,730
331328.754868,383912.533651,0,730
331509.460902,383891.370329,0,730
331425.1527,383529.01539,0,730
331360.889199,383887.753181,0,730
331516.004662,383868.789054,0,730
331420.648173,383710.605518,0,730
331374.485231,383478.270355,0,730
331470.266104,383690.891616,0,730
331233.754731,383525.938117,0,730
331370.749971,384001.402023,0,730
331417.335913,383989.022944,0,730
331359.733379,383690.17967,0,730
331275.235869,383860.243627,0,730
331482.767683,383934.557072,0,730
331363.54178,384002.714112,0,730
331359.409521,383715.402779,0,730
331397.719162,383854.220878,0,730
331223.716942,383546.020885,0,730
331335.758716,383848.667056,0,730
331192.084712,383557.19741,0,730
331520.814703,383648.595098,0,730
331573.999541,383801.521753,0,730
331254.523752,383861.295821,0,730
331352.988457,383639.458045,0,730
331495.406295,383721.089663,0,730
331325.098452,383392.562413,0,730
331573.58068,383750.37046,0,730
331366.535944,384003.871607,0,730
331243.204487,383596.51865,0,730
331351.679039,383843.714416,0,730
331613.994493,383704.184083,0,730
331303.163544,383464.644013,0,730
331306.45667,383879.598383,0,730
331356.964163,383468.919669,0,730
331307.839787,383874.543432,0,730
331430.529905,383963.562422,0,730
331368.961068,383990.839039,0,730
331363.617591,383882.143586,0,730
331584.830925,383732.032475,0,730
331414.508926,383534.429026,0,730
331430.377841,383506.731891,0,730
331401.438636,383814.1581,0,730
331398.61742,383532.014069,0,730
331294.967947,383915.052698,0,730
331595.52693,383744.552287,0,730
331475.571106,383780.463485,0,730
331535.029241,383776.464358,0,730
331293.750688,383529.475745,0,730
331287.305938,383515.088938,0,730
331395.537933,383680.588908,0,730
331355.150415,383814.351478,0,730
331375.293114,383768.629083,0,730
331331.725867,383887.313136,0,730
331589.962088,383723.048355,0,730
331263.06455,383839.770825,0,730
331286.342127,384003.447454,0,730
331307.794152,383767.770755,0,730
331374.417267,383769.395681,0,730
331373.89686,383959.807218,0,730
331611.075017,383738.41602,0,730
331394.644353,384010.055539,0,730
331240.426216,383918.590216,0,730
331267.218492,383472.246881,0,730
331378.850868,383606.463339,0,730
331245.122306,384016.170582,0,730
331563.328261,383798.860839,0,730
331305.391063,383967.736861,0,730
331295.262716,383781.060385,0,730
331553.598718,383634.853945,0,730
331375.768264,383882.582025,0,730
331376.379595,383683.149965,0,730
331351.394274,383925.314724,0,730
331461.854083,383604.359224,0,730
331354.900488,383644.287142,0,730
331423.446395,384103.634449,0,730
331482.508046,383697.972796,0,730
331301.099427,383991.3408,0,730
331512.440367,383635.755929,0,730
331389.341755,384016.71748,0,730
331482.000078,383604.887217,0,730
331364.24034,383707.470293,0,730
331339.878962,383980.836909,0,730
331539.934286,383819.888816,0,730
331377.394099,383914.585696,0,730
331325.430204,383972.250608,0,730
331370.184946,383468.733368,0,730
331312.470393,383495.775575,0,730
331326.897628,383474.184331,0,730
331468.093844,383877.215783,0,730
331610.47031,383697.526577,0,730
331301.68025,384012.828267,0,730
331351.201664,383499.509836,0,730
331375.997076,383689.979253,0,730
331339.579606,383593.356005,0,730
331498.32256,383864.928826,0,730
331354.11491,383784.460121,0,730
331291.241099,384013.458708,0,730
331391.457758,383767.171753,0,730
331502.774126,383890.760209,0,730
331380.4744,383977.589859,0,730
331358.860306,383595.191482,0,730
331416.518981,383890.433157,0,730
331480.303775,383858.714154,0,730
331261.477464,383930.589102,0,730
331568.744358,383677.189165,0,730
331206.837627,383550.886086,0,730
331374.128115,383899.312869,0,730
331483.279082,383828.878958,0,730
331414.186939,383668.719396,0,730
331392.84109,383761.484791,0,730
331287.291113,383533.253077,0,730
331308.114412,383980.41029,0,730
331579.238199,383680.223097,0,730
331541.824606,383617.703738,0,730
331406.919732,384006.153293,0,730
331272.289783,383889.378722,0,730
331328.60205,383714.883283,0,730
331365.502067,384005.327215,0,730
331387.818194,383799.633403,0,730
331614.902152,383725.339192,0,730
331372.799464,383831.267352,0,730
331261.697533,383563.736286,0,730
331370.599662,384005.640186,0,730
331328.314316,384022.565633,0,730
331391.459568,383440.722466,0,730
331468.829128,383909.67137,0,730
331398.953457,383898.617238,0,730
331353.80041,383429.559275,0,730
331479.570697,383752.413137,0,730
331247.270701,383512.284696,0,730
331321.522998,383930.1579,0,730
331327.615324,383780.977368,0,730
331513.670476,383859.226596,0,730
331419.281672,383696.852629,0,730
331273.675748,383958.197849,0,730
331304.6829,383435.524394,0,730
331328.192852,384040.318721,0,730
331306.393556,383975.846637,0,730
331445.75815,383981.281896,0,730
331304.000286,384045.08401,0,730
331379.155505,383728.798012,0,730
331360.92462,383649.321068,0,730
331466.112497,383680.687677,0,730
331368.236108,383969.294042,0,730
331250.310126,383828.891578,0,730
331415.31706,383555.705131,0,730
331378.91816,383685.697721,0,730
331399.017827,383455.332542,0,730
331432.072137,383742.506762,0,730
331571.257257,383730.327583,0,730
331399.651226,383528.740141,0,730
331194.641671,383969.231268,0,730
331206.847858,383561.511283,0,730
331377.19078,383521.583486,0,730
331460.030001,383506.939107,0,730
331399.192505,383640.501597,0,730
331300.138291,383970.981758,0,730
331432.293388,383651.012911,0,730
331358.073947,383874.52683,0,730
331481.060849,383803.428417,0,730
331383.798572,383525.366868,0,730
331343.550505,383502.012442,0,730
331572.910312,383713.664908,0,730
331511.353717,383564.001926,0,730
331481.051584,383606.134989,0,730
331616.649689,383730.671098,0,730
331294.066675,383464.33239,0,730
331585.686905,383715.442867,0,730
331390.555788,383516.954974,0,730
331393.068877,383855.047511,0,730
331281.577423,384020.433748,0,730
331384.145991,383450.325334,0,730
331308.022946,383824.815288,0,730
331303.441528,383833.408968,0,730
331278.702499,383979.709242,0,730
331481.21013,383684.299222,0,730
331285.249219,383423.764855,0,730
331476.108231,383598.788778,0,730
331358.998148,383891.428502,0,730
331499.657718,383796.434693,0,730
331568.029898,383691.022993,0,730
331295.359876,383850.58075,0,730
331517.022779,383792.744695,0,730
331254.972373,384032.486917,0,730
331287.710811,383546.459731,0,730
331295.654398,383931.297401,0,730
331511.677033,383664.315755,0,730
331474.727612,383803.826284,0,730
331326.045096,383795.940464,0,730
331386.165644,383557.670839,0,730
331456.874722,383708.238616,0,730
331346.016785,383637.672176,0,730
331348.993688,383485.760861,0,730
331405.901092,383751.594408,0,730
331496.219814,383731.434518,0,730
331404.713609,383743.494776,0,730
331480.710296,383875.003535,0,730
331455.137889,383911.64921,0,730
331306.322497,383914.237242,0,730
331561.00519,383816.99936,0,730
331220.564593,383512.507383,0,730
331419.198103,383959.079647,0,730
331372.117134,383835.247318,0,730
331380.431829,383545.513243,0,730
331290.347694,383477.526886,0,730
331389.365274,383964.005366,0,730
331605.724385,383762.902625,0,730
331377.622088,384018.32485,0,730
331269.040766,383565.172834,0,730
331389.062794,383770.114011,0,730
331330.3826,383982.048418,0,730
331371.995846,383493.773252,0,730
331489.236482,383572.579195,0,730
331346.107019,383462.60236,0,730
331399.963613,383920.486053,0,730
331333.24545,384022.843101,0,730
331187.446812,383574.171795,0,730
331410.363793,383576.718259,0,730
331469.20994,383656.871779,0,730
331419.959384,383757.066714,0,730
331316.968464,383445.995297,0,730
331595.219896,383721.905719,0,730
331470.052007,383600.566973,0,730
331405.770992,383765.594375,0,730
331315.81472,383472.897802,0,730
331418.019339,383563.938777,0,730
331384.264193,383994.267494,0,730
331348.64037,383732.366918,0,730
331409.251234,383744.383104,0,730
331289.707308,383882.989834,0,730
331342.151209,383909.170126,0,730
331381.586859,383855.170925,0,730
331522.02102,383868.168624,0,730
331388.237076,383856.127584,0,730
331227.357259,383917.567789,0,730
331501.597063,383559.211646,0,730
331347.443472,383970.018771,0,730
331409.894907,383943.197322,0,730
331490.261428,383843.157346,0,730
331499.747831,383577.150594,0,730
331442.422257,383985.505564,0,730
331512.036465,383695.771947,0,730
331594.681291,383712.059261,0,730
331356.612392,383532.574538,0,730
331318.912629,383415.618638,0,730
331287.740547,384007.106134,0,730
331261.029484,384013.6466,0,730
331270.672674,383961.932167,0,730
331512.947682,383592.601132,0,730
331547.688704,383709.485604,0,730
331362.788844,383616.970462,0,730
331445.793968,384117.362566,0,730
331424.764261,383666.468778,0,730
331347.104909,383797.893283,0,730
331318.695597,383744.177485,0,730
331365.302138,384050.096275,0,730
331211.294305,383910.453206,0,730
331363.905135,383774.348851,0,730
331205.071817,383497.043214,0,730
331424.740374,383869.237193,0,730
331401.8256,383932.163801,0,730
331538.271076,383820.669131,0,730
331270.301508,383786.368014,0,730
331342.709042,383756.812676,0,730
331514.487938,383702.929445,0,730
331418.601176,383816.193108,0,730
331177.132772,383940.210367,0,730
331315.423742,383440.619237,0,730
331331.839533,383477.057252,0,730
331393.740454,383903.072916,0,730
331219.169078,383911.57286,0,730
331397.845785,383643.276146,0,730
331447.904817,383801.126937,0,730
331515.039918,383816.53921,0,730
331342.222268,383537.646453,0,730
331267.736824,383450.203038,0,730
331509.586379,383707.224517,0,730
331473.232914,383630.685356,0,730
331370.758786,383420.426719,0,730
331443.381857,384115.904531,0,730
331566.781183,383736.938671,0,730
331459.086228,383671.921538,0,730
331584.997694,383724.308589,0,730
331517.626572,383818.206482,0,730
331331.677947,383698.196922,0,730
331357.129775,383635.540524,0,730
331435.217676,383748.696468,0,730
331505.630908,383672.151677,0,730
331251.769535,383483.006986,0,730
331363.475485,383433.100899,0,730
331452.122222,383824.665224,0,730
331374.562863,383822.289444,0,730
331410.533839,383767.667188,0,730
331371.066697,384064.585761,0,730
331385.778626,384005.079424,0,730
331483.17072,383640.447338,0,730
331286.336656,383840.395506,0,730
331427.318285,383947.913633,0,730
331429.714833,383545.931443,0,730
331302.256457,383427.631911,0,730
331390.233033,384083.361163,0,730
331305.007615,383611.126373,0,730
331352.554842,383843.61871,0,730
331406.538058,383598.390778,0,730
331348.975021,383658.958425,0,730
331364.448519,383890.427875,0,730
331544.322678,383719.291353,0,730
331399.300127,383443.452133,0,730
331293.477058,383982.317806,0,730
331329.901178,383423.307928,0,730
331212.660267,383559.958117,0,730
331331.13109,383869.08282,0,730
331349.870268,383881.63616,0,730
331312.841685,383476.698047,0,730
331352.325066,383832.257776,0,730
331260.626836,383506.259936,0,730
331394.556694,383814.759412,0,730
331374.638974,383815.738786,0,730
331346.494322,383973.294986,0,730
331586.624287,383674.591519,0,730
331445.169142,383833.607564,0,730
331585.04869,383702.957727,0,730
331479.112492,383784.774327,0,730
331531.28531,383765.679021,0,730
331367.76136,383950.000477,0,730
331378.826143,383789.348194,0,730
331372.384371,383970.921677,0,730
331593.853264,383773.08458,0,730
331298.094406,383425.741501,0,730
331314.448584,383504.472704,0,730
331290.826341,383800.981344,0,730
331526.034997,383659.99418,0,730
331522.25772,383660.479448,0,730
331314.85025,383817.218896,0,730
331379.080325,383978.96732,0,730
331346.247043,383451.94371,0,730
331288.125149,383885.065037,0,730
331439.650026,383816.018724,0,730
331518.484119,383668.997416,0,730
331468.05987,383741.212154,0,730
331369.995357,383621.554211,0,730
331263.077116,383872.261047,0,730
331421.266398,383618.695334,0,730
331303.976697,383806.83218,0,730
331325.501322,383962.457879,0,730
331340.770204,383431.092494,0,730
331521.058104,383848.593741,0,730
331571.959843,383795.814372,0,730
331423.741952,383481.020492,0,730
331391.545407,383522.21471,0,730
331195.437771,383570.336014,0,730
331310.573627,383475.582625,0,730
331438.233698,383681.060087,0,730
331363.417263,383821.799222,0,730
331475.71019,383922.889192,0,730
331321.58554,383557.468315,0,730
331496.934686,383753.738578,0,730
331520.811798,383881.904971,0,730
331430.506601,383895.089045,0,730
331381.501635,383500.314037,0,730
331290.651248,383485.780554,0,730
331328.338912,383943.612823,0,730
331365.060837,383503.156134,0,730
331307.026563,383939.025429,0,730
331349.313074,383886.858636,0,730
331442.454249,383843.414251,0,730
331509.049553,383865.074213,0,730
331310.09827,383767.356268,0,730
331259.711275,383548.356871,0,730
331363.898214,383729.457864,0,730
331552.985924,383755.158495,0,730
331195.086385,383540.079837,0,730
331443.880339,384117.601686,0,730
331489.431273,383787.984451,0,730
331367.419325,383524.613752,0,730
331495.456591,383809.896445,0,730
331359.26932,383850.877301,0,730
331509.276246,383846.058785,0,730
331367.571342,383706.96947,0,730
331302.396445,383927.833817,0,730
331406.899945,383938.125115,0,730
331467.046993,383735.461209,0,730
331226.505951,383574.386371,0,730
331345.553389,384059.568626,0,730
331268.282542,383875.367455,0,730
331384.667167,383568.125057,0,730
331489.745744,383809.737612,0,730
331186.962357,383569.493153,0,730
331216.884315,383557.920011,0,730
331400.302796,383454.663137,0,730
331348.433854,383699.463564,0,730
331249.477389,383876.422629,0,730
331483.261716,383848.353493,0,730
331496.465785,383888.266818,0,730
331533.499086,383842.581432,0,730
331366.290382,383645.941065,0,730
331454.204669,383908.266686,0,730
331512.571038,383567.993817,0,730
331353.993839,384016.020731,0,730
331436.765842,384086.117641,0,730
331390.135245,383778.068894,0,730
331296.269087,383765.284594,0,730
331268.146275,383843.131811,0,730
331383.417629,383685.310868,0,730
331261.132995,383895.002071,0,730
331232.812054,383938.43948,0,730
331366.818943,383977.44497,0,730
331361.080374,383813.722449,0,730
331500.444706,383553.437641,0,730
331364.242463,383962.926009,0,730
331413.560089,383934.669733,0,730
331602.544261,383744.343229,0,730
331518.177582,383682.453149,0,730
331405.522574,383883.900831,0,730
331328.922752,383431.281491,0,730
331309.131533,383593.48949,0,730
331255.134712,384025.70287,0,730
331344.480209,383567.534867,0,730
331521.1039,383794.222523,0,730
331437.847799,383506.601161,0,730
331264.821447,383995.325086,0,730
331470.928517,383912.444824,0,730
331397.667708,383478.139645,0,730
331357.073148,383856.047375,0,730
331548.773045,383623.481416,0,730
331408.951132,383991.153577,0,730
331274.779208,383842.653409,0,730
331387.216496,384009.016804,0,730
331370.287918,383759.950848,0,730
331358.215525,383809.017633,0,730
331278.168335,383572.22821,0,730
331505.003021,383845.330913,0,730
331402.492101,383936.61878,0,730
331608.643355,383695.638012,0,730
331524.810684,383788.479196,0,730
331389.398118,383467.207297,0,730
331207.375576,383568.495868,0,730
331560.040106,383770.538509,0,730
331222.26063,383998.002557,0,730
331440.440398,384117.484187,0,730
331380.306861,383607.53209,0,730
331440.423832,383722.057237,0,730
331255.510199,383499.052247,0,730
331397.779137,383859.540657,0,730
331512.626088,383752.472288,0,730
331575.874248,383726.329768,0,730
331433.962738,383466.301602,0,730
331290.550929,384041.033691,0,730
331609.974457,383761.26324,0,730
331488.657552,383550.701077,0,730
331325.804739,383702.393561,0,730
331475.707873,383728.775186,0,730
331456.754254,383915.366514,0,730
331436.485962,383846.59447,0,730
331457.956726,383759.496824,0,730
331270.409757,383475.154777,0,730
331353.548941,383762.075998,0,730
331314.647736,383394.455893,0,730
331500.959248,383727.153771,0,730
331323.136387,383937.248965,0,730
331339.044907,383706.67121,0,730
331499.615756,383794.572757,0,730
331451.489753,383539.135324,0,730
331241.153832,383979.332296,0,730
331269.853126,384014.134474,0,730
331460.369589,383544.669019,0,730
331490.044547,383844.059604,0,730
331489.210123,383667.054519,0,730
331404.809006,383522.828572,0,730
331573.885708,383795.374519,0,730
331304.082021,383875.284018,0,730
331491.787618,383721.230466,0,730
331393.625062,383515.60818,0,730
331194.940027,383510.223152,0,730
331186.826222,383542.848127,0,730
331364.069293,383696.436037,0,730
331449.489462,384103.880943,0,730
331283.579929,383850.907677,0,730
331448.254715,384101.550787,0,730
331443.003505,383572.3961,0,730
331385.254223,383506.167268,0,730
331357.473355,384041.15469,0,730
331443.337315,383690.793945,0,730
331409.211689,383678.782837,0,730
331415.224144,383616.296689,0,730
331345.685188,383751.15781,0,730
331194.497314,383528.440796,0,730
331604.3686,383717.951757,0,730
331427.074023,383857.175018,0,730
331495.717634,383733.999877,0,730
331383.33279,383798.752316,0,730
331242.123271,383959.364757,0,730
331207.326137,383948.536571,0,730
331379.117517,383972.202069,0,730
331343.283595,383800.685197,0,730
331313.999327,383527.995478,0,730
331453.654014,383619.957998,0,730
331468.790233,383576.339746,0,730
331189.480088,383558.610211,0,730
331415.317169,383860.411709,0,730
331499.105703,383628.726491,0,730
331487.814019,383780.765549,0,730
331312.282808,383968.872584,0,730
331388.880795,383560.338716,0,730
331433.066215,383501.997092,0,730
331525.253303,383584.87473,0,730
331531.904379,383846.579607,0,730
331406.016546,383898.173999,0,730
331521.237068,383824.251563,0,730
331459.884122,383747.745385,0,730
331275.898625,383868.196585,0,730
331520.238671,383746.699765,0,730
331424.902385,383471.00833,0,730
331412.714659,384098.156063,0,730
331446.546214,383644.812229,0,730
331289.367295,383966.730685,0,730
331504.395927,383842.113719,0,730
331451.086179,383761.349355,0,730
331434.135807,383984.866816,0,730
331317.482117,384021.810927,0,730
331393.307008,383449.308755,0,730
331346.650836,383712.690346,0,730
331316.616908,384000.245094,0,730
331298.375333,383974.976806,0,730
331284.349572,384010.411161,0,730
331341.421264,384032.965362,0,730
331360.654268,383597.05906,0,730
331424.390958,383468.135175,0,730
331516.948988,383601.999714,0,730
331226.708443,383992.635558,0,730
331230.347469,383953.358896,0,730
331609.606122,383696.095803,0,730
331479.945198,383577.674524,0,730
331510.354452,383590.592473,0,730
331434.395083,383842.871639,0,730
331422.234457,383759.061215,0,730
331569.432811,383731.387219,0,730
331365.849901,383976.885798,0,730
331446.899824,383973.293906,0,730
331504.661744,383864.347374,0,730
331410.20038,383484.870493,0,730
331385.237398,383915.91883,0,730
331305.710302,383735.850628,0,730
331306.475799,383847.754042,0,730
331315.654073,384035.561558,0,730
331341.440957,383920.037207,0,730
331450.436651,383594.202022,0,730
331336.252002,383949.959806,0,730
331487.390184,383536.266594,0,730
331466.96225,383779.323927,0,730
331484.505947,383569.192078,0,730
331321.329459,384034.291944,0,730
331343.94861,383772.325248,0,730
331281.033001,383449.598493,0,730
331421.872957,383711.232851,0,730
331332.967979,383982.016843,0,730
331344.747776,383512.170331,0,730
331450.021709,383900.682288,0,730
331609.742364,383700.781986,0,730
331451.720617,383801.319886,0,730
331594.073199,383686.213799,0,730
331430.78052,383939.688066,0,730
331329.799728,383571.666436,0,730
331508.700171,383783.119455,0,730
331478.332321,383654.084478,0,730
331395.543525,383842.685711,0,730
331223.28072,384001.543174,0,730
331311.315122,383435.36267,0,730
331414.037831,383980.258906,0,730
331419.702686,383499.878096,0,730
331603.666703,383771.188108,0,730
331343.213831,383622.972437,0,730
331517.456581,383832.0031,0,730
331435.305708,383599.386518,0,730
331595.737011,383702.779535,0,730
331348.569566,383595.03435,0,730
331292.692019,383904.382209,0,730
331319.647508,383538.916056,0,730
331416.42627,384080.406261,0,730
331304.799385,383905.500278,0,730
331562.595979,383812.502917,0,730
331544.533041,383698.499849,0,730
331407.008536,383582.836044,0,730
331318.466847,383983.119792,0,730
331346.946503,383642.29764,0,730
331382.864118,383614.321123,0,730
331554.81737,383823.140655,0,730
331237.987839,383582.774437,0,730
331593.162581,383699.719308,0,730
331386.395405,383914.325318,0,730
331312.300737,383910.57811,0,730
331214.975873,383582.702421,0,730
331351.333841,384045.219983,0,730
331249.22492,383514.041469,0,730
331519.677326,383755.062933,0,730
331401.447887,383565.53235,0,730
331356.353918,383651.069943,0,730
331437.121509,383682.648648,0,730
331507.03706,383708.157237,0,730
331372.185976,383633.003078,0,730
331369.048498,383527.179053,0,730
331387.163487,383670.417636,0,730
331216.393376,383520.264945,0,730
331557.453214,383644.987232,0,730
331502.953296,383867.043918,0,730
331261.921003,384011.869124,0,730
331343.160927,384064.500396,0,730
331339.77722,383637.791717,0,730
331597.623238,383691.214414,0,730
331334.473091,383482.619733,0,730
331400.875521,383634.26029,0,730
331619.343159,383708.091213,0,730
331580.899637,383656.808037,0,730
331554.842803,383748.362225,0,730
331299.366316,383502.276393,0,730
331374.862046,383991.413442,0,730
331582.916125,383695.00857,0,730
331274.881369,383898.551609,0,730
331489.546855,383610.457519,0,730
331291.79578,383462.248265,0,730
331523.636793,383811.275957,0,730
331270.361451,383791.745014,0,730
331320.495149,383801.749995,0,730
331329.289195,384001.248744,0,730
331385.036828,383610.375492,0,730
331361.573692,383644.373484,0,730
331310.253851,383790.932694,0,730
331549.407811,383666.529606,0,730
331364.414052,383575.818038,0,730
331461.494116,383669.33018,0,730
331205.094058,383969.8962,0,730
331284.809421,383988.464505,0,730
331352.116598,383458.611788,0,730
331290.63622,383947.73969,0,730
331503.471534,383740.29257,0,730
331381.859912,383813.452418,0,730
331247.270226,384015.014488,0,730
331347.173231,383479.687316,0,730
331226.811154,383560.756068,0,730
331553.803684,383784.359246,0,730
331278.865171,383596.878502,0,730
331345.704668,383659.795781,0,730
331328.189608,383513.405752,0,730
331376.594482,383816.157136,0,730
331372.483224,383802.004028,0,730
331302.042328,383502.669946,0,730
331445.423764,383728.823228,0,730
331600.660952,383685.568684,0,730
331428.98448,383795.667563,0,730
331278.491158,383434.314815,0,730
331211.312594,383491.21483,0,730
331412.090857,384092.425355,0,730
331371.494392,383614.244688,0,730
331247.897054,383962.623034,0,730
331475.637937,383542.730607,0,730
331322.459167,383926.676588,0,730
331384.17122,384009.744049,0,730
331252.296141,383814.289518,0,730
331357.607296,383802.372528,0,730
331488.693254,383830.110093,0,730
331235.414101,383564.560888,0,730
331381.487418,383657.979959,0,730
331381.309987,383464.574384,0,730
331445.987368,383851.948859,0,730
331511.140275,383708.433734,0,730
331459.063465,383594.301034,0,730
331461.268322,383708.264865,0,730
331560.48667,383731.710297,0,730
331405.298921,383854.461301,0,730
331340.30906,383513.827924,0,730
331442.062435,383776.731081,0,730
331568.71869,383796.377773,0,730
331216.556041,383567.045481,0,730
331344.292071,383508.807939,0,730
331199.858857,383514.990304,0,730
331428.670253,383644.630588,0,730
331401.110021,383649.436076,0,730
331392.643274,383524.071429,0,730
331361.765746,383527.080283,0,730
331281.085545,383504.774858,0,730
331192.458082,383932.738689,0,730
331436.13752,384108.605805,0,730
331488.240667,383734.158794,0,730
331261.127406,383965.270906,0,730
331380.233086,383977.555118,0,730
331504.074917,383737.971094,0,730
331436.833123,383820.292906,0,730
331315.637975,383417.037798,0,730
331226.121212,383469.798198,0,730
331462.899515,383573.934546,0,730
331374.322045,383477.934738,0,730
331364.736314,383966.379271,0,730
331440.810793,383704.053111,0,730
331310.82017,383858.022206,0,730
331545.40396,383729.092436,0,730
331281.526994,383772.010862,0,730
331379.699255,383930.480901,0,730
331307.756889,383935.128724,0,730
331324.773878,383527.839291,0,730
331417.324594,383804.694565,0,730
331292.173363,383548.080803,0,730
331252.266463,383443.680787,0,730
331453.514297,383547.124539,0,730
331426.737618,383693.263037,0,730
331311.494182,383501.55401,0,730
331249.715331,383551.309482,0,730
331404.276534,384083.90318,0,730
331492.534436,383622.461813,0,730
331317.964155,383447.361576,0,730
331359.177983,383870.506173,0,730
331264.790812,383884.039153,0,730
331461.530682,383867.471586,0,730
331467.475047,383842.296104,0,730
331321.557738,383456.238933,0,730
331490.976071,383649.325571,0,730
331364.511163,383923.956557,0,730
331276.416094,383990.702145,0,730
331330.089026,383471.749888,0,730
331293.625438,383799.547844,0,730
331423.554476,383665.731828,0,730
331603.964523,383746.203898,0,730
331554.058753,383821.769305,0,730
331247.424577,383886.703214,0,730
331310.519751,383990.39926,0,730
331297.253965,384037.4452,0,730
331443.386998,383763.733284,0,730
331367.210004,383624.537236,0,730
331479.956244,383739.483946,0,730
331440.800917,383976.038232,0,730
331462.983578,383923.178717,0,730
331285.858006,383543.647268,0,730
331279.78568,383930.578753,0,730
331232.902027,383543.471767,0,730
331388.519816,383919.452918,0,730
331306.978621,383969.961182,0,730
331255.884658,383493.043356,0,730
331354.373592,383925.633179,0,730
331513.618155,383620.859361,0,730
331436.285969,383720.96109,0,730
331381.400911,383567.346955,0,730
331372.736782,383566.224289,0,730
331357.745116,383882.735679,0,730
331445.377636,383624.795657,0,730
331350.973303,383591.488529,0,730
331451.645568,383535.755464,0,730
331451.892776,383736.369821,0,730
331457.927895,383947.94466,0,730
331399.16603,383838.035549,0,730
331325.947352,383535.495006,0,730
331495.189874,383839.113678,0,730
331408.193468,383941.453096,0,730
331306.265118,383994.36553,0,730
331506.727404,383659.649211,0,730
331264.490172,383871.653933,0,730
331475.797815,383566.328322,0,730
331521.088133,383692.163816,0,730
331493.623561,383650.008296,0,730
331405.449257,383586.800395,0,730
331500.319846,383795.030717,0,730
331468.576062,383621.232856,0,730
331450.084442,383658.944277,0,730
331466.450276,383879.669851,0,730
331236.680599,383909.324396,0,730
331294.124771,383758.634774,0,730
331363.088197,383887.575784,0,730
331596.906478,383725.098517,0,730
331381.213533,384046.752905,0,730
331591.908776,383681.395077,0,730
331297.362314,383880.49152,0,730
331354.365742,383726.866239,0,730
331234.735833,383979.480765,0,730
331368.657199,383890.962568,0,730
331340.55955,383951.696569,0,730
331328.943891,383504.598147,0,730
331298.264858,383429.29976,0,730
331488.74113,383746.399278,0,730
331502.70375,383803.07682,0,730
331406.508695,384007.742733,0,730
331316.510171,383425.932938,0,730
331306.714988,383842.791402,0,730
331264.158892,384019.860288,0,730
331354.915771,383909.745748,0,730
331465.751718,383736.76274,0,730
331430.915094,383949.579758,0,730
331459.12766,383615.637481,0,730
331528.752501,383832.72123,0,730
331503.522134,383745.649139,0,730
331286.235628,383813.150899,0,730
331482.317448,383712.119811,0,730
331387.198927,383802.766763,0,730
331348.371563,383832.406245,0,730
331339.922477,383879.50156,0,730
331333.846331,383927.264171,0,730
331495.278111,383693.44535,0,730
331418.280887,383620.140836,0,730
331581.367065,383667.601348,0,730
331379.990991,383738.739453,0,730
331448.159034,383668.944486,0,730
331437.179226,383475.026195,0,730
331420.84768,383976.350436,0,730
331381.139924,383795.731884,0,730
331508.500332,383802.509872,0,730
331408.308031,383528.657077,0,730
331506.552438,383832.266679,0,730
331366.617643,383553.314344,0,730
331377.176528,383957.863009,0,730
331395.144974,383457.233582,0,730
331339.646432,383976.46055,0,730
331318.808548,383767.641862,0,730
331318.318235,383750.277629,0,730
331432.252117,383965.252303,0,730
331368.726411,383501.812432,0,730
331323.648095,383438.568511,0,730
331310.488387,383733.913091,0,730
331411.44578,383734.373135,0,730
331296.117811,383784.70697,0,730
331448.762638,383547.21207,0,730
331311.566536,383792.191588,0,730
331206.77004,383923.49592,0,730
331324.972138,383525.870036,0,730
331334.619964,383814.690012,0,730
331228.787676,383556.350766,0,730
331293.705804,383878.205381,0,730
331234.415708,383494.37442,0,730
331305.650567,383591.676162,0,730
331484.465805,383602.999403,0,730
331521.402276,383633.902649,0,730
331195.108351,383961.89269,0,730
331465.174502,383736.5564,0,730
331250.038614,383477.782706,0,730
331393.413771,383839.801276,0,730
331412.632352,383884.745629,0,730
331396.041783,383743.81202,0,730
331347.273823,383677.694385,0,730
331398.262331,383566.468316,0,730
331482.281694,383897.946815,0,730
331317.373763,383956.253844,0,730
331219.723077,383916.747533,0,730
331449.683823,383828.262255,0,730
331437.689069,383965.823519,0,730
331431.856978,383753.281745,0,730
331388.322857,383684.025471,0,730
331331.126747,383496.558127,0,730
331413.109009,383489.160702,0,730
331518.837807,383711.558413,0,730
331594.758945,383674.767964,0,730
331356.257464,383863.016638,0,730
331187.467545,383525.523479,0,730
331289.241196,384023.031785,0,730
331249.477862,383808.5178,0,730
331502.334199,383887.965152,0,730
331415.893148,383597.23504,0,730
331197.53903,383936.088996,0,730
331392.583684,383977.827987,0,730
331240.956636,383949.946876,0,730
331198.100706,383959.948236,0,730
331547.559181,383632.602801,0,730
331298.813582,384013.834961,0,730
331316.644458,383550.112757,0,730
331388.425503,383628.450211,0,730
331414.288671,383962.3208,0,730
331325.607508,383920.151037,0,730
331340.000248,383635.27626,0,730
331588.453459,383766.925376,0,730
331445.932715,383672.531579,0,730
331374.807586,383936.173201,0,730
331420.427019,383899.268416,0,730
331330.375446,383709.652197,0,730
331379.311569,383696.956856,0,730
331262.021351,383476.706889,0,730
331259.381375,383557.89592,0,730
331257.62946,383512.870873,0,730
331403.153845,383738.489559,0,730
331313.629492,383425.685176,0,730
331487.821087,383862.66342,0,730
331282.041744,383874.689666,0,730
331360.961043,383959.690047,0,730
331402.693512,383596.049932,0,730
331486.699076,383755.52832,0,730
331515.443139,383879.810564,0,730
331383.129178,383905.843793,0,730
331243.917346,383989.50692,0,730
331415.683527,383757.336562,0,730
331334.308059,383701.221729,0,730
331479.330206,383828.233922,0,730
331410.322182,383972.560496,0,730
331277.431274,384026.550502,0,730
331395.683145,384063.837462,0,730
331514.772105,383830.413487,0,730
331393.015542,383776.37962,0,730
331421.077249,383599.1013,0,730
331302.330072,383553.335146,0,730
331361.880939,384055.560646,0,730
331470.543186,383684.782196,0,730
331453.019041,383701.858383,0,730
331511.406572,383641.4325,0,730
331570.587019,383753.385468,0,730
331499.54935,383636.591068,0,730
331552.885412,383640.720321,0,730
331556.086133,383788.48462,0,730
331408.095782,383878.113369,0,730
331514.864942,383780.888276,0,730
331341.947815,383651.432592,0,730
331420.539441,383802.014834,0,730
331372.291516,383921.199315,0,730
331332.633478,383551.283997,0,730
331436.456525,383730.778259,0,730
331605.279385,383749.88325,0,730
331304.085712,383536.542897,0,730
331418.399078,383969.073738,0,730
331320.153705,383782.804712,0,730
331239.38235,383526.129287,0,730
331485.323895,383613.518882,0,730
331343.187811,383799.879704,0,730
331511.340435,383774.267113,0,730
331352.71386,383827.911106,0,730
331433.348601,383810.184328,0,730
331438.339709,384117.61601,0,730
331522.349013,383672.87755,0,730
331356.109859,383682.960601,0,730
331305.256923,383419.895817,0,730
331532.759357,383707.3602,0,730
331375.829316,384022.0584,0,730
331545.587949,383830.754004,0,730
331357.558044,383434.957653,0,730
331433.347341,383868.932761,0,730
331525.374899,383624.681621,0,730
331514.586995,383611.809884,0,730
331350.131058,383954.505811,0,730
331291.20584,384026.562978,0,730
331389.565059,383575.106991,0,730
331344.073715,383944.796024,0,730
331334.524678,383552.245483,0,730
331369.710121,383548.694017,0,730
331453.396472,383919.680578,0,730
331279.579376,383858.449595,0,730
331519.004967,383803.950467,0,730
331440.618882,383609.313876,0,730
331315.272817,383430.234168,0,730
331503.011861,383713.495796,0,730
331510.691561,383876.792001,0,730
331413.449944,383703.060298,0,730
331291.736623,383462.489204,0,730
331474.870121,383822.410483,0,730
331334.103623,384022.170172,0,730
331192.404502,383952.021485,0,730
331238.668354,383560.469366,0,730
331277.321507,383896.691465,0,730
331562.849824,383735.383204,0,730
331494.82102,383892.421833,0,730
331234.735319,383591.722952,0,730
331317.70002,383867.901979,0,730
331411.736619,383583.00016,0,730
331538.39467,383793.118147,0,730
331371.951148,383704.72339,0,730
331484.437819,383600.849379,0,730
331347.748207,383638.188565,0,730
331373.189447,383989.963747,0,730
331338.752711,383784.686086,0,730
331381.078737,383952.029609,0,730
331247.198526,383550.066013,0,730
331323.988654,383790.59121,0,730
331331.758455,384033.168578,0,730
331310.59626,383593.121171,0,730
331454.538096,384101.452296,0,730
331305.38292,383813.551848,0,730
331327.507471,383865.98182,0,730
331511.391967,383742.957807,0,730
331413.648441,383785.978569,0,730
331439.948786,383829.854112,0,730
331490.112132,383643.299214,0,730
331362.283736,383887.002988,0,730
331392.336634,383867.904991,0,730
331390.792701,383888.669739,0,730
331354.433323,383973.131136,0,730
331474.227694,383719.29547,0,730
331324.189893,383897.402678,0,730
331494.352161,383679.382699,0,730
331428.159799,383563.050828,0,730
331351.366893,383575.534131,0,730
331316.009534,383387.451686,0,730
331352.386891,383766.414714,0,730
331504.010587,383619.7679,0,730
331312.450664,384035.658109,0,730
331354.505046,383997.615917,0,730
331455.741013,383754.505514,0,730
331329.343806,383903.016326,0,730
331425.493644,383729.899435,0,730
331212.10415,383909.584534,0,730
331364.858694,383768.790878,0,730
331537.98967,383723.350013,0,730
331415.556002,383464.301668,0,730
331520.76056,383723.534821,0,730
331263.5888,383922.278586,0,730
331487.208061,383886.484049,0,730
331534.986218,383724.855491,0,730
331429.587632,383560.841613,0,730
331348.56995,383498.114786,0,730
331471.148772,383650.783484,0,730
331526.693572,383851.528414,0,730
331363.014333,383511.706545,0,730
331254.6298,383983.70329,0,730
331510.752938,383870.950061,0,730
331503.818711,383754.858981,0,730
331489.318913,383563.592934,0,730
331285.235671,383864.200563,0,730
331313.147373,383747.297392,0,730
331193.306753,383568.44214,0,730
331243.319556,383878.216099,0,730
331377.952446,383951.991635,0,730
331344.905186,383775.86056,0,730
331342.801364,383878.838784,0,730
331412.630454,383680.212531,0,730
331257.765423,383953.235164,0,730
331549.931496,383835.828172,0,730
331497.785351,383888.038275,0,730
331420.010111,383885.958535,0,730
331333.36648,383428.313148,0,730
331257.912416,383980.448142,0,730
331246.719599,384007.195299,0,730
331275.307544,383500.527864,0,730
331415.459046,383642.726701,0,730
331316.850421,383409.216494,0,730
331565.062533,383665.336829,0,730
331423.799472,383925.152959,0,730
331546.426152,383828.227964,0,730
331445.398527,383786.435933,0,730
331438.709572,383494.631632,0,730
331353.138277,384002.649614,0,730
331317.344279,383833.465316,0,730
331321.135148,383797.133273,0,730
331475.154249,383931.866747,0,730
331495.375053,383726.396893,0,730
331281.383649,383568.453801,0,730
331344.187009,384009.430878,0,730
331272.075345,383853.264899,0,730
331364.106047,383889.417978,0,730
331262.386308,383483.139986,0,730
331425.52307,383869.594951,0,730
331289.218853,383428.11692,0,730
331426.426577,383798.718633,0,730
331441.701502,383875.071911,0,730
331275.243704,383517.249723,0,730
331411.085408,383998.360301,0,730
331342.138151,383997.924968,0,730
331396.559421,383800.385766,0,730
331448.018576,383826.870755,0,730
331373.35251,383809.405157,0,730
331306.509486,383938.698011,0,730
331371.242158,383927.862937,0,730
331320.784323,383786.755564,0,730
331303.216527,383892.169325,0,730
331288.544074,383539.650986,0,730
331355.485038,383664.934121,0,730
331324.839499,384004.423011,0,730
331383.09122,383496.802989,0,730
331377.493997,383542.936725,0,730
331490.209643,383864.588643,0,730
331337.743743,383475.730332,0,730
331408.287806,383457.434829,0,730
331303.394216,384030.018329,0,730
331468.893323,383523.754132,0,730
331293.743073,383836.22963,0,730
331521.615675,383732.191886,0,730
331576.582832,383689.790035,0,730
331278.304218,383926.112685,0,730
331338.916137,383961.898922,0,730
331372.253698,383875.400477,0,730
331438.580999,384089.656481,0,730
331281.057652,383834.358581,0,730
331310.820152,383889.679896,0,730
331302.743202,383463.922341,0,730
331232.188006,383525.076626,0,730
331506.344756,383821.593319,0,730
331335.056165,383649.365755,0,730
331256.003811,383491.254296,0,730
331314.681138,383726.449586,0,730
331425.901536,383961.332422,0,730
331371.424349,383939.842487,0,730
331292.37543,383778.251182,0,730
331193.925754,383946.891814,0,730
331438.612303,383571.310716,0,730
331314.062381,383817.808371,0,730
331283.530452,383998.022216,0,730
331366.120024,383600.938376,0,730
331540.200962,383791.475242,0,730
331358.81697,383680.078582,0,730
331443.927208,383977.390598,0,730
331599.182686,383726.62543,0,730
331285.040391,383596.236622,0,730
331393.71989,383619.527509,0,730
331581.337668,383751.059749,0,730
331421.19061,383500.904494,0,730
331449.524816,383762.718563,0,730
331460.212294,383892.532432,0,730
331449.545648,383795.432721,0,730
331440.151062,383797.386599,0,730
331424.653101,383718.597207,0,730
331591.166811,383699.219462,0,730
331349.746229,383891.570648,0,730
331423.281478,384083.028203,0,730
331246.822117,383930.675419,0,730
331532.398808,383702.572714,0,730
331260.120133,383944.332096,0,730
331221.734381,383935.61229,0,730
331454.650789,383912.358341,0,730
331287.482828,383425.905482,0,730
331444.705202,384101.61482,0,730
331536.752818,383760.87025,0,730
331354.311174,383588.463324,0,730
331418.514633,383771.977958,0,730
331332.758406,383448.33423,0,730
331445.221478,383889.748361,0,730
331429.787764,383542.247447,0,730
331300.245638,383616.527712,0,730
331278.396775,384009.214751,0,730
331629.351301,383743.770472,0,730
331477.673841,383659.659338,0,730
331300.85292,383827.066267,0,730
331417.429773,383523.32252,0,730
331465.225166,383822.931701,0,730
331341.77018,383598.154354,0,730
331505.735433,383640.140895,0,730
331310.722461,383441.632926,0,730
331531.066137,383704.806315,0,730
331371.295839,384022.610695,0,730
331433.197755,383539.097873,0,730
331214.901998,383957.337702,0,730
331397.081905,383485.920741,0,730
331529.163803,383797.648409,0,730
331247.96097,383895.785763,0,730
331459.702101,383968.473532,0,730
331497.148246,383551.074964,0,730
331555.830092,383630.663292,0,730
331258.305143,383787.350446,0,730
331358.232607,383573.586992,0,730
331210.372382,383951.528415,0,730
331351.707523,383958.237998,0,730
331237.34787,383973.907923,0,730
331222.892156,383927.42677,0,730
331438.466996,383969.127412,0,730
331363.277076,383467.107987,0,730
331548.744538,383726.147497,0,730
331481.247109,383894.789618,0,730
331248.84205,383504.744032,0,730
331433.37904,383727.169445,0,730
331270.75051,383956.441349,0,730
331277.748282,383801.693707,0,730
331374.535544,384022.668635,0,730
331295.355073,383472.837894,0,730
331480.072265,383826.561338,0,730
331348.702139,383755.74171,0,730
331343.934582,383471.70096,0,730
331431.392848,384098.223671,0,730
331427.79828,383491.630195,0,730
331279.723661,383954.2006,0,730
331493.491252,383732.968055,0,730
331417.437723,383730.821804,0,730
331343.095837,383757.453098,0,730
331378.145239,383598.993692,0,730
331277.753622,383481.459274,0,730
331396.454387,383792.750594,0,730
331315.275916,383905.634566,0,730
331334.26436,383436.843776,0,730
331365.061424,383579.077237,0,730
331413.909307,383810.961808,0,730
331366.373178,383923.3922,0,730
331467.228809,383691.097712,0,730
331352.62144,383864.88311,0,730
331274.990207,383819.216113,0,730
331409.973593,383552.308883,0,730
331486.019168,383622.591696,0,730
331580.888743,383664.069811,0,730
331619.08715,383759.937321,0,730
331478.5238,383517.040472,0,730
331418.213579,383985.715665,0,730
331554.929642,383704.137871,0,730
331315.690697,383421.52965,0,730
331552.046059,383787.349216,0,730
331368.753861,383557.336593,0,730
331464.357235,383670.868797,0,730
331515.015055,383870.328173,0,730
331360.22752,383850.123797,0,730
331354.009959,383748.923177,0,730
331369.008484,383764.254246,0,730
331343.977118,383420.068592,0,730
331305.129453,383609.100609,0,730
331303.617092,383786.922268,0,730
331614.227029,383764.532652,0,730
331425.564669,383488.400976,0,730
331417.709294,383655.171588,0,730
331436.800086,383824.201705,0,730
331226.232717,383949.980693,0,730
331469.068171,383861.706563,0,730
331428.84391,383763.112594,0,730
331438.627116,383620.183662,0,730
331442.779365,383581.244313,0,730
331417.511718,383562.797519,0,730
331472.131609,383680.871466,0,730
331293.120334,383887.378612,0,730
331320.937315,383802.648917,0,730
331364.246748,383903.544745,0,730
331458.461852,383607.454492,0,730
331303.526416,383471.727309,0,730
331228.697381,383995.101183,0,730
331302.917867,384041.549397,0,730
331364.074367,383937.047556,0,730
331271.634928,383813.19998,0,730
331247.904734,383895.521612,0,730
331396.798551,383692.216748,0,730
331442.537426,384102.354234,0,730
331390.346686,383458.670941,0,730
331388.1728,383438.039664,0,730
331351.365222,383620.410017,0,730
331491.214948,383792.754335,0,730
331317.234584,383747.811925,0,730
331480.086854,383540.140866,0,730
331615.628611,383726.814885,0,730
331374.82554,383698.826023,0,730
331553.162629,383754.474559,0,730
331293.599778,383830.035026,0,730
331309.132235,383404.61996,0,730
331457.181305,383701.888545,0,730
331331.774481,383896.135551,0,730
331329.919687,384006.820025,0,730
331576.664795,383663.766404,0,730
331327.355956,383616.583406,0,730
331518.290966,383797.164616,0,730
331270.031719,383883.693087,0,730
331265.62574,383582.35125,0,730
331476.777184,383929.868066,0,730
331362.649073,383510.291871,0,730
331357.933402,383877.379001,0,730
331304.948206,384005.491624,0,730
331529.675789,383649.462997,0,730
331375.077842,383829.829087,0,730
331276.432715,383538.659811,0,730
331348.758533,383914.69415,0,730
331621.598177,383749.974958,0,730
331360.521397,383662.556097,0,730
331367.896246,383909.097352,0,730
331287.178736,383530.188762,0,730
331307.924205,383929.894268,0,730
331574.892923,383766.590723,0,730
331297.968903,383548.970575,0,730
331275.471206,383837.282639,0,730
331406.348724,383854.695646,0,730
331501.054098,383892.736129,0,730
331454.511761,383623.42798,0,730
331414.546549,384075.451785,0,730
331401.666376,383656.344764,0,730
331518.31461,383687.527834,0,730
331465.14697,383734.654884,0,730
331345.79004,384031.606798,0,730
331387.555043,384070.819892,0,730
331306.695268,383752.701462,0,730
331384.275449,383936.599878,0,730
331191.673879,383521.384185,0,730
331363.247632,383593.242108,0,730
331531.934379,383769.542311,0,730
331584.862079,383720.603615,0,730
331324.798554,383396.473198,0,730
331221.727227,383583.969373,0,730
331400.725906,383489.219359,0,730
331280.045091,383967.696292,0,730
331361.518199,383955.974088,0,730
331469.199691,383605.863631,0,730
331276.980123,383911.472427,0,730
331295.277366,383605.927375,0,730
331594.076393,383743.972089,0,730
331627.261607,383721.250181,0,730
331483.768023,383795.083508,0,730
331579.103863,383757.319288,0,730
331224.281577,383583.211752,0,730
331426.974247,383822.225812,0,730
331448.026684,383487.424806,0,730
331261.433649,383538.538025,0,730
331524.548823,383872.795168,0,730
331560.442279,383681.066218,0,730
331587.181365,383786.684395,0,730
331430.663894,383680.152657,0,730
331230.000322,383921.24,0,730
331538.837805,383605.335926,0,730
331282.206599,383508.987624,0,730
331296.467097,383940.984001,0,730
331537.359997,383609.722223,0,730
331346.006318,383846.746289,0,730
331436.753296,383848.993209,0,730
331372.418886,383685.295264,0,730
331589.625882,383673.471836,0,730
331378.516245,383432.624896,0,730
331532.695757,383691.791921,0,730
331466.994419,383636.860463,0,730
331305.311851,383967.003614,0,730
331589.190686,383686.064828,0,730
331336.643914,383784.048507,0,730
331282.920609,383418.941119,0,730
331411.133863,384078.619455,0,730
331398.564825,383857.69319,0,730
331488.405614,383698.774758,0,730
331301.724771,383409.173649,0,730
331258.279639,384026.697001,0,730
331550.271107,383752.775282,0,730
331233.778811,384003.166714,0,730
331436.655763,383978.559975,0,730
331341.946073,383557.421867,0,730
331467.164326,383653.270783,0,730
331478.230653,383794.861788,0,730
331224.858967,383924.155554,0,730
331311.000502,383887.636971,0,730
331508.060307,383755.780851,0,730
331391.74691,383987.77075,0,730
331376.736553,383983.439336,0,730
331409.755494,383746.54481,0,730
331188.319487,383541.857984,0,730
331531.707558,383671.9286,0,730
331470.757947,383541.750864,0,730
331479.298423,383661.771008,0,730
331422.452575,383483.828672,0,730
331338.886611,383421.827185,0,730
331479.611629,383579.530973,0,730
331252.568225,383508.184221,0,730
331282.989551,383764.602138,0,730
331373.581825,384004.699351,0,730
331567.454808,383798.444917,0,730
331484.652145,383892.237872,0,730
331356.936623,383992.803901,0,730
331332.9154,383434.022586,0,730
331229.385688,383531.012799,0,730
331375.466157,383769.151625,0,730
331602.393745,383709.864782,0,730
331330.895149,383642.662784,0,730
331269.455716,383869.80638,0,730
331231.694451,383530.716766,0,730
331349.267583,383775.27241,0,730
331585.480237,383772.676513,0,730
331362.536269,383801.072323,0,730
331288.547766,383759.952483,0,730
331594.308745,383755.875648,0,730
331500.108841,383811.690981,0,730
331298.803694,383941.574969,0,730
331558.411169,383661.906826,0,730
331443.37327,383911.010523,0,730
331234.855822,383494.965024,0,730
331453.604115,383851.573063,0,730
331443.295608,383947.994893,0,730
331308.432947,383937.428327,0,730
331358.189206,383875.306244,0,730
331301.995653,383744.888244,0,730
331325.310892,383993.635765,0,730
331337.434275,383794.838072,0,730
331527.314044,383618.994661,0,730
331454.54939,383508.553426,0,730
331480.018948,383931.066414,0,730
331339.844544,383514.731353,0,730
331231.565056,383981.334128,0,730
331330.872457,383405.87356,0,730
331479.124363,383692.635963,0,730
331349.130765,383882.894785,0,730
331368.594703,383972.928289,0,730
331567.785122,383739.350624,0,730
331387.443159,383896.825582,0,730
331503.192232,383641.226779,0,730
331443.037787,383922.078046,0,730
331328.849374,383497.326827,0,730
331379.459362,383690.304497,0,730
331598.690668,383754.912635,0,730
331403.380284,383853.87509,0,730
331324.076437,383880.735944,0,730
331326.605588,383485.565222,0,730
331344.616424,383529.0038,0,730
331369.22683,383795.056422,0,730
331512.007896,383606.551506,0,730
331391.33001,383490.494172,0,730
331395.257129,383729.208132,0,730
331536.975655,383743.367112,0,730
331457.518572,383788.513268,0,730
331480.331255,383842.865346,0,730
331382.980133,383995.130094,0,730
331386.928949,384025.847751,0,730
331257.128707,383496.877944,0,730
331511.066672,383645.112044,0,730
331259.071458,383506.914226,0,730
331231.934333,383978.269397,0,730
331365.805605,383852.121459,0,730
331379.826605,383960.873703,0,730
331578.877166,383736.6404,0,730
331487.890932,383863.16679,0,730
331262.299274,383909.993352,0,730
331386.374331,383870.730962,0,730
331250.818074,383948.670426,0,730
331325.565379,383713.945478,0,730
331323.668008,383782.2514,0,730
331363.980503,383609.959416,0,730
331360.382378,383807.407543,0,730
331478.455821,383672.653981,0,730
331364.353046,383603.859946,0,730
331469.830459,383824.125122,0,730
331511.332068,383595.733001,0,730
331318.125225,383748.05583,0,730
331360.405182,383847.945338,0,730
331192.019424,383572.661701,0,730
331215.966104,383487.047708,0,730
331413.458457,383981.912194,0,730
331276.424495,383501.169327,0,730
331340.729319,383416.71331,0,730
331393.826094,384072.404509,0,730
331470.437709,383764.637366,0,730
331317.63628,383621.578847,0,730
331461.478818,383937.632487,0,730
331506.26845,383874.177056,0,730
331403.175537,383770.032109,0,730
331398.332158,383806.653688,0,730
331393.542475,383853.313493,0,730
331414.711179,383909.828488,0,730
331401.304852,383987.458078,0,730
331394.411057,383898.192652,0,730
331331.694955,383459.842093,0,730
331292.378226,383781.115362,0,730
331386.038165,383753.943015,0,730
331389.723015,383850.095445,0,730
331340.041853,383711.884174,0,730
331378.76237,383797.508591,0,730
331495.002635,383623.706055,0,730
331314.731433,383865.485643,0,730
331401.286992,383443.738644,0,730
331400.120477,383818.85185,0,730
331569.664128,383650.577572,0,730
331454.564642,383574.172019,0,730
331381.43725,383661.576044,0,730
331442.490333,383782.767403,0,730
331325.505086,384022.1336,0,730
331348.264884,384043.573796,0,730
331319.814489,383620.292096,0,730
331313.897792,383827.586515,0,730
331251.21618,383920.282402,0,730
331313.719875,383859.702862,0,730
331528.974931,383725.026486,0,730
331584.922732,383677.555418,0,730
331328.729953,383856.835373,0,730
331572.292858,383691.190828,0,730
331400.369518,383507.85156,0,730
331376.663362,383617.555661,0,730
331557.252173,383758.032011,0,730
331453.731808,383637.876141,0,730
331389.424081,383537.261243,0,730
331370.194321,383427.24132,0,730
331443.862359,383779.576456,0,730
331512.468212,383769.896252,0,730
331455.851964,383618.364435,0,730
331459.991462,383498.605257,0,730
331352.151544,383517.11788,0,730
331466.799019,383598.271837,0,730
331476.910974,383894.900031,0,730
331401.216185,383670.722464,0,730
331429.116438,383826.455801,0,730
331261.303828,383589.777292,0,730
331308.971836,383542.347404,0,730
331447.014517,383534.025337,0,730
331276.427924,383517.406397,0,730
331301.582114,383753.529084,0,730
331375.42553,383935.526325,0,730
331359.279767,383483.787147,0,730
331412.415801,383720.755879,0,730
331249.358636,383919.305998,0,730
331340.677668,383956.544475,0,730
331369.73764,383688.862353,0,730
331339.050142,383982.838516,0,730
331519.537118,383801.030861,0,730
331312.353293,383501.947327,0,730
331278.283469,383988.695238,0,730
331460.731821,383595.064778,0,730
331422.630483,383680.450512,0,730
331451.166271,383837.407579,0,730
331412.971711,383714.075709,0,730
331325.439839,383520.294717,0,730
331366.104943,383510.00227,0,730
331446.684774,383857.900088,0,730
331287.71805,383422.151104,0,730
331323.690616,383999.650381,0,730
331503.552372,383890.917848,0,730
331459.241109,383517.847919,0,730
331409.286933,383612.287552,0,730
331348.403794,383876.781804,0,730
331368.302035,383833.124733,0,730
331340.512383,383782.158979,0,730
331329.967312,383914.294048,0,730
331509.509472,383733.614227,0,730
331304.486819,383802.400463,0,730
331294.138024,383898.075717,0,730
331495.594558,383620.527213,0,730
331407.642881,383728.430578,0,730
331342.451471,383407.567799,0,730
331403.003519,383876.123464,0,730
331283.795257,383543.435186,0,730
331453.014703,384119.336754,0,730
331375.915285,384019.343698,0,730
331475.369924,383753.586953,0,730
331325.204253,383986.956785,0,730
331415.640747,383581.489133,0,730
331303.058979,383580.593577,0,730
331428.679255,383680.559776,0,730
331259.278808,383885.581511,0,730
331387.458433,383625.486036,0,730
331518.921414,383858.331055,0,730
331272.54676,383808.984481,0,730
331267.82119,383431.562815,0,730
331439.446021,383811.102017,0,730
331278.735616,383450.513317,0,730
331279.499003,383462.184088,0,730
331283.824314,383500.343077,0,730
331327.342763,383716.01123,0,730
331341.17094,383825.853566,0,730
331456.304506,383891.384615,0,730
331253.398715,383888.993479,0,730
331377.12151,384053.625408,0,730
331354.418521,383792.369067,0,730
331587.687424,383740.944309,0,730
331273.833997,383536.627203,0,730
331217.295375,383957.214814,0,730
331281.854687,383910.96826,0,730
331473.898139,383654.766659,0,730
331238.758226,383548.557034,0,730
331308.649689,383539.887619,0,730
331458.276644,383584.79314,0,730
331529.009468,383866.869656,0,730
331319.90731,383766.407383,0,730
331311.814568,383439.378313,0,730
331309.855657,383918.173394,0,730
331434.028229,384092.72193,0,730
331472.701453,383608.591905,0,730
331312.344776,383563.552488,0,730
331581.971759,383761.768478,0,730
331209.589333,383927.17153,0,730
331319.963751,383993.498392,0,730
331220.431545,383554.007334,0,730
331482.049536,383803.49427,0,730
331442.004927,383904.213716,0,730
331263.778302,383454.251829,0,730
331275.091729,383569.896216,0,730
331419.627177,383606.400171,0,730
331367.634145,383885.483907,0,730
331445.087016,383514.95756,0,730
331381.78737,383824.85717,0,730
331319.544604,383437.26579,0,730
331332.220365,383913.164126,0,730
331300.210804,383409.573591,0,730
331488.644232,383530.510312,0,730
331413.165831,383725.031456,0,730
331354.264137,383930.911186,0,730
331476.842208,383791.951235,0,730
331327.496417,383483.110171,0,730
331391.379302,383827.187464,0,730
331282.785637,383843.044572,0,730
331396.76395,383815.741044,0,730
331301.231073,383936.436309,0,730
331561.745066,383749.001041,0,730
331575.77841,383770.727652,0,730
331425.14695,383867.002692,0,730
331530.197334,383745.262818,0,730
331484.525091,383729.861749,0,730
331342.276303,383877.076365,0,730
331382.786172,383698.973091,0,730
331392.96732,383517.080545,0,730
331454.561234,383899.191119,0,730
331481.767393,383557.168209,0,730
331418.968792,383965.991599,0,730
331379.750696,383606.771351,0,730
331342.016234,383803.615591,0,730
331436.04711,383774.699877,0,730
331335.71699,383433.626869,0,730
331311.781507,383612.132254,0,730
331343.690449,383563.367556,0,730
331591.700161,383694.145015,0,730
331426.51202,383805.466131,0,730
331359.300339,384043.228014,0,730
331362.246155,383899.662714,0,730
331607.359749,383736.645617,0,730
331315.458042,383550.668288,0,730
331351.972455,383618.604592,0,730
331358.445502,383489.420218,0,730
331435.980272,383746.405833,0,730
331289.257806,383429.092887,0,730
331506.543048,383790.401193,0,730
331424.648344,383886.598605,0,730
331580.08889,383777.940017,0,730
331510.685547,383767.348702,0,730
331309.516727,383934.549833,0,730
331326.592548,383572.064622,0,730
331197.937608,383551.937876,0,730
331547.943158,383692.668789,0,730
331461.559397,384111.810651,0,730
331458.867974,383656.473993,0,730
331370.751069,384047.306074,0,730
331369.342303,383571.611802,0,730
331440.51838,383847.256879,0,730
331339.660726,383717.386776,0,730
331434.612492,383567.527009,0,730
331434.830424,383765.796544,0,730
331446.899688,383942.591307,0,730
331424.228524,383591.128789,0,730
331457.27774,383624.452391,0,730
331460.524765,383799.408006,0,730
331269.883256,383786.143431,0,730
331318.950137,383545.113471,0,730
331404.708955,383526.995824,0,730
331438.592683,384124.132587,0,730
331348.195571,383834.53385,0,730
331439.079388,383631.368532,0,730
331487.386943,383544.945851,0,730
331354.605874,384017.585027,0,730
331404.412615,383807.852531,0,730
331497.385255,383767.832601,0,730
331357.975089,383438.599842,0,730
331493.373503,383683.667459,0,730
331374.598319,383718.73968,0,730
331539.541726,383746.434449,0,730
331502.022561,383822.889292,0,730
331429.094482,383941.166575,0,730
331506.674334,383651.612403,0,730
331464.305031,383865.743551,0,730
331508.754038,383833.12893,0,730
331356.865123,383589.691579,0,730
331411.065937,383688.16623,0,730
331487.610004,383579.760797,0,730
331601.564859,383769.588739,0,730
331429.674651,383977.114219,0,730
331394.074484,383697.563088,0,730
331260.327746,383911.122685,0,730
331260.073985,383917.956171,0,730
331308.221527,383794.562566,0,730
331336.164816,383399.83289,0,730
331316.782008,383602.441615,0,730
331508.936601,383878.232212,0,730
331405.541634,383653.29234,0,730
331528.526754,383866.45177,0,730
331476.245418,383514.007666,0,730
331219.778914,383491.537135,0,730
331503.59681,383707.802077,0,730
331298.709448,384028.275436,0,730
331351.05763,383897.442674,0,730
331271.668096,383914.804789,0,730
331197.986141,383568.661761,0,730
331408.50867,383688.060387,0,730
331424.229042,383881.985754,0,730
331378.999603,383789.233174,0,730
331468.393902,383509.073453,0,730
331505.147972,383801.077898,0,730
331583.721907,383699.943128,0,730
331556.16139,383623.661845,0,730
331347.183989,383631.038415,0,730
331382.542393,383598.36477,0,730
331297.382912,383841.852271,0,730
331517.125422,383674.919066,0,730
331367.944199,383751.327286,0,730
331419.665319,383719.19587,0,730
331364.603761,383775.194782,0,730
331338.007862,383457.460847,0,730
331410.767003,383669.345842,0,730
331407.081757,384073.065313,0,730
331304.275429,384014.412661,0,730
331392.402942,383522.933336,0,730
331458.528776,383592.54717,0,730
331541.892605,383738.088673,0,730
331383.071972,383454.608754,0,730
331226.694917,383530.320932,0,730
331464.452699,383900.220844,0,730
331211.442541,383907.371114,0,730
331582.863782,383737.812566,0,730
331473.672052,383886.634422,0,730
331448.697775,383502.211845,0,730
331331.377147,383697.213183,0,730
331450.236132,383813.679415,0,730
331288.884135,383605.977568,0,730
331410.354313,383604.276973,0,730
331294.844799,383559.394382,0,730
331462.955837,383717.069245,0,730
331326.135083,383598.245062,0,730
331508.260462,383882.48775,0,730
331542.111714,383646.9386,0,730
331396.627555,383798.871606,0,730
331460.285448,383850.91847,0,730
331360.342037,384060.067275,0,730
331330.892855,383591.680207,0,730
331308.47907,383454.574693,0,730
331227.506551,383587.114262,0,730
331330.898129,383582.512451,0,730
331490.139153,383920.290724,0,730
331353.353003,383802.516219,0,730
331244.423249,383987.460542,0,730
331233.799559,383552.384341,0,730
331613.69758,383756.055618,0,730
331452.335767,383776.371677,0,730
331241.975593,384012.138432,0,730
331516.166727,383595.995215,0,730
331237.747992,383528.767612,0,730
331489.026039,383675.599356,0,730
331327.267745,383754.180609,0,730
331266.715382,383955.570398,0,730
331487.83098,383724.429903,0,730
331519.856871,383850.389775,0,730
331350.028224,383557.841037,0,730
331438.649636,383935.401507,0,730
331449.668341,383639.996356,0,730
331579.011767,383733.759134,0,730
331233.850322,383883.629885,0,730
331336.624741,383400.42865,0,730
331226.988828,383476.177064,0,730
331350.979355,384023.053126,0,730
331374.294479,383933.958027,0,730
331278.933594,383528.044033,0,730
331553.082581,383718.419955,0,730
331393.400408,383596.574789,0,730
331399.661579,383866.556125,0,730
331278.151857,383996.346302,0,730
331389.0348,383881.214039,0,730
331351.603493,383448.931479,0,730
331386.534473,383524.933782,0,730
331468.477739,383658.825266,0,730
331320.206839,383717.368794,0,730
331407.666718,383769.808722,0,730
331393.747927,383834.528427,0,730
331570.488402,383749.247769,0,730
331250.886711,383561.062205,0,730
331386.771424,383817.216447,0,730
331422.013117,383748.970419,0,730
331400.715881,383851.061823,0,730
331308.29461,383592.257062,0,730
331285.849323,383479.877243,0,730
331510.499311,383629.433782,0,730
331308.363368,383426.972607,0,730
331286.262414,383426.884805,0,730
331337.413853,383449.02206,0,730
331325.207263,383468.724392,0,730
331344.022576,383510.890461,0,730
331220.461518,383500.629973,0,730
331273.184064,383950.355992,0,730
331476.809626,383906.301763,0,730
331471.062341,383809.071663,0,730
331190.980618,383567.047269,0,730
331562.895306,383689.409085,0,730
331314.421834,383577.711293,0,730
331591.338308,383705.408797,0,730
331316.290463,383416.732,0,730
331356.893612,384020.521008,0,730
331426.677454,383646.596648,0,730
331368.475158,383832.018024,0,730
331613.418703,383754.903451,0,730
331586.287976,383739.718115,0,730
331237.598487,383510.602391,0,730
331334.517621,383744.306203,0,730
331317.802941,383725.814918,0,730
331296.250996,383993.637974,0,730
331370.875609,383884.833289,0,730
331392.610651,383884.567618,0,730
331178.244514,383942.155105,0,730
331280.484701,383800.01871,0,730
331334.392272,384052.340149,0,730
331401.846466,383488.445972,0,730
331419.367209,383893.63602,0,730
331472.099532,383943.480576,0,730
331356.32596,383638.163122,0,730
331328.449202,383837.823267,0,730
331501.846437,383744.770844,0,730
331256.454888,383556.108738,0,730
331378.295572,383474.529537,0,730
331467.319941,383804.148621,0,730
331392.715164,383711.294251,0,730
331332.567897,383697.648138,0,730
331328.176339,383619.159223,0,730
331421.864004,383805.960667,0,730
331201.481211,383956.079227,0,730
331562.163152,383726.112164,0,730
331516.280153,383690.323178,0,730
331428.503961,383487.326843,0,730
331450.826474,383683.689183,0,730
331392.345002,383567.949289,0,730
331351.357718,383740.955034,0,730
331421.843769,383940.495632,0,730
331342.962677,383519.680178,0,730
331323.844141,383413.8284,0,730
331427.805601,383883.792758,0,730
331285.062497,383800.999808,0,730
331456.478147,383775.988355,0,730
331474.51341,383804.188696,0,730
331302.90671,383831.223536,0,730
331528.635376,383809.41159,0,730
331253.945644,383528.296289,0,730
331486.996487,383590.35018,0,730
331516.805292,383820.0992,0,730
331460.333736,383695.221378,0,730
331564.762219,383711.531202,0,730
331450.63356,383881.916158,0,730
331473.137237,383741.539185,5,730
331479.844944,383641.257333,8,730
331266.089449,383604.252172,12,730
331451.392205,383765.574114,17,730
331237.754708,383908.355944,18,730
331377.317541,383879.61034,19,730
331536.106086,383808.925459,25,730
331234.995201,383477.986117,26,730
331331.004832,383875.664907,32,730
331324.554674,383939.175722,37,730
331282.624076,383969.2847,38,730
331306.225465,383767.17344,39,730
331276.224604,383934.093542,44,730
331276.906136,383882.999295,45,730
331450.441864,383485.454762,56,730
331324.554674,383939.175722,72,730
331408.15006,383671.624052,75,730
331340.832885,383630.262665,76,730
331379.545666,383730.863048,90,730
331222.830284,383942.318781,93,730
331484.982068,383867.348563,94,730
331246.188032,383978.929469,97,730
331389.167595,383964.513231,103,730
331382.185997,384045.636374,106,730
331309.528004,383554.707074,110,730
331461.84668,383936.925129,115,730
331490.532337,383853.486675,124,730
331324.554674,383939.175722,126,730
331433.729175,384100.616307,131,730
331391.855395,383764.440523,134,730
331437.811038,383485.013531,135,730
331185.471327,383947.475755,146,730
331511.7772,383753.282803,149,730
331331.833884,383840.77786,158,730
331332.90244,383751.432652,171,730
331355.516071,383570.917344,172,730
331377.484693,383803.68571,180,730
331185.471327,383947.475755,190,730
331338.79541,383849.440201,192,730
331609.437755,383769.210715,205,730
331184.420115,383559.533159,213,730
331532.36301,383710.522301,214,730
331492.089773,383556.377614,216,730
331428.15699,383741.603865,229,730
331536.955899,383732.212316,240,730
331385.383055,383495.590636,244,730
331253.697969,383468.520361,247,730
331316.549481,384041.598994,253,730
331185.471327,383947.475755,267,730
331478.279371,383593.429742,280,730
331471.550573,383652.371945,290,730
331263.833402,383552.799505,301,730
331416.11977,383681.520902,306,730
331290.316157,384042.977565,307,730
331353.096369,383420.091156,308,730
331500.024111,383825.458789,310,730
331377.929794,383604.4069,314,730
331478.954717,383765.647105,316,730
331392.842892,383514.492402,319,730
331386.653615,383605.049704,321,730
331320.712923,383404.972092,329,730
331245.188664,383478.103357,334,730
331358.008874,383758.398812,344,730
331500.024111,383825.458789,347,730
331338.947175,383961.631349,349,730
331282.624076,383969.2847,354,730
331449.924789,383915.99163,356,730
331285.738383,383559.767178,361,730
331299.119025,383810.850294,364,730
331615.692753,383720.82574,367,730
331319.21732,383532.234434,368,730
331354.726978,383520.873158,369,730
331385.383055,383495.590636,375,730
331538.232521,383680.370563,380,730
331288.58563,383485.375548,384,730
331476.255625,383903.793536,385,730
331518.736212,383795.928276,386,730
331303.586203,383752.351212,387,730
331477.943083,383723.817743,388,730
331386.221535,383720.690987,393,730
331559.807321,383643.258978,395,730
331338.139321,383732.159397,396,730
331322.836971,383459.644476,407,730
331436.9638,383617.980235,414,730
331369.415401,383426.332947,420,730
331451.392205,383765.574114,421,730
331249.182577,383499.308188,443,730
331578.51431,383716.86368,445,730
331262.242184,383602.028908,448,730
331386.041754,383854.74424,453,730
331543.059718,383812.943254,457,730
331303.586203,383752.351212,460,730
331492.79413,383853.03457,463,730
331269.232776,383974.005693,479,730
331490.924448,383699.117334,480,730
331517.510122,383882.167054,481,730
331478.916964,383644.699678,493,730
331222.830284,383942.318781,499,730
331313.310574,384039.27579,507,730
331460.073676,383744.953745,510,730
331209.294659,383522.301613,514,730
331371.371347,383720.612157,517,730
331569.025868,383780.664802,523,730
331473.137237,383741.539185,527,730
331319.373874,383847.499945,530,730
331350.409343,383912.236117,543,730
331609.437755,383769.210715,545,730
331282.609852,383953.465622,549,730
331251.473542,383796.304103,552,730
331416.11977,383681.520902,553,730
331269.156401,383977.781325,560,730
331469.148712,383949.146739,569,730
331295.118825,383430.316145,576,730
331346.67573,383588.745368,582,730
331366.66852,383980.863096,585,730
331407.287896,383920.641156,588,730
331445.211916,383688.688596,590,730
331369.011216,384027.718508,594,730
331492.089773,383556.377614,638,730
331324.886514,383756.802967,649,730
331431.268085,383640.275933,650,730
331338.947175,383961.631349,652,730
331535.868976,383828.136645,653,730
331391.964344,383504.039426,657,730
331418.325358,383852.824094,658,730
331196.467185,383944.54619,661,730
331431.936562,383926.115536,674,730
331266.089449,383604.252172,675,730
331445.463442,384124.72188,676,730
331312.385933,383876.796215,682,730
331382.185997,384045.636374,683,730
331263.833402,383552.799505,687,730
331303.586203,383752.351212,688,730
331418.325358,383852.824094,689,730
331395.32543,383439.371593,702,730
331353.002783,383848.989065,722,730
331463.261902,383872.10346,725,730
