327958.009885,375701.746985,0,730
328013.519835,376182.576892,0,730
327941.240371,375794.705482,0,730
328115.077625,376154.653652,0,730
328236.918344,376269.310398,0,730
328118.267092,375697.994185,0,730
328002.866433,375472.590358,0,730
328144.267453,375802.371243,0,730
328076.861586,376199.684413,0,730
328011.934299,375693.658793,0,730
328325.858539,376324.645822,0,730
328245.776948,376288.992476,0,730
327908.139913,376299.556612,0,730
328029.671376,375523.807594,0,730
328079.286654,375635.983435,0,730
327909.661001,375822.475592,0,730
328136.360619,376036.969128,0,730
327847.709624,376237.240584,0,730
327966.117409,375900.791121,0,730
328048.63576,375691.583754,0,730
328191.314016,376155.963309,0,730
327965.787545,375745.97918,0,730
328071.385569,375807.748233,0,730
327965.920108,376155.565304,0,730
328274.881758,376323.266072,0,730
327842.149428,375989.402947,0,730
328059.921994,375778.905041,0,730
328064.773,376257.09965,0,730
327902.538038,375806.149604,0,730
328014.643432,376135.240068,0,730
328276.458773,376183.520103,0,730
327989.310821,375908.271147,0,730
328054.219262,376005.741955,0,730
328020.310628,376105.910137,0,730
328126.153143,376197.642868,0,730
327941.327751,375397.26961,0,730
327967.829828,375258.423211,0,730
328132.935496,376159.096391,0,730
328222.100329,376042.993093,0,730
328010.208139,376221.627594,0,730
328072.473598,376275.214191,0,730
328140.246183,376173.237166,0,730
328024.030239,375905.009534,0,730
328148.48558,376059.406743,0,730
328077.180867,376287.733785,0,730
328073.295197,376199.041377,0,730
327918.638856,376001.645876,0,730
328057.198471,375675.978824,0,730
327925.63255,375509.859141,0,730
328162.536896,376124.588718,0,730
327942.306865,375431.71109,0,730
328241.211412,376085.849064,0,730
327907.883094,375565.142104,0,730
328219.723728,376291.558198,0,730
328020.324908,375776.072676,0,730
328221.832209,376257.979682,0,730
328094.302299,375712.141488,0,730
328002.994705,375426.191115,0,730
328113.750092,375680.198884,0,730
327920.443734,376224.968594,0,730
328096.365581,375650.789258,0,730
327947.175379,375565.850417,0,730
328043.415741,375933.832892,0,730
327861.399278,375871.770904,0,730
327934.586857,375952.85085,0,730
327972.233396,375433.300332,0,730
328082.39293,375746.041666,0,730
328008.815412,375884.564966,0,730
328161.924833,375912.188462,0,730
328054.831118,375751.993813,0,730
328002.498418,375633.382541,0,730
328100.860717,375648.299014,0,730
328114.304923,376262.237353,0,730
328146.515995,375885.549418,0,730
328001.97459,375873.086904,0,730
327958.674356,375270.281842,0,730
327999.872957,375906.812588,0,730
328117.240553,375804.878199,0,730
328002.214716,376213.756546,0,730
328092.92894,376188.042487,0,730
328001.730225,375515.365201,0,730
327902.751982,376286.103391,0,730
327956.094911,376178.122973,0,730
327954.304102,376191.620503,0,730
328224.840537,376239.927039,0,730
327867.296823,376128.216271,0,730
327972.324317,375852.616916,0,730
328133.645168,375709.303788,0,730
328170.294271,375911.887593,0,730
328165.994887,376267.419849,0,730
328117.296872,376136.685436,0,730
327915.198127,376138.569344,0,730
327976.336037,375576.943159,0,730
327914.721914,375999.325251,0,730
328216.065459,376286.770613,0,730
328165.985546,375992.478125,0,730
328097.241032,375714.76356,0,730
328149.160097,375910.279183,0,730
328025.960582,375997.442201,0,730
327948.993871,376049.112128,0,730
328076.21409,375994.704755,0,730
328036.17383,375886.704161,0,730
328037.338874,376243.811288,0,730
328034.241605,376245.572474,0,730
327898.198087,375900.990564,0,730
327958.656625,375995.61964,0,730
328094.31465,376301.806734,0,730
328128.025663,376235.419853,0,730
327930.190681,375794.79027,0,730
328147.825143,375882.35649,0,730
328027.421737,375450.96703,0,730
328082.17474,375523.181125,0,730
328255.751005,376114.930373,0,730
328143.88642,375799.816233,0,730
327929.14045,375834.512991,0,730
328091.736618,376173.272323,0,730
328215.153005,376006.43256,0,730
327947.846655,375947.835294,0,730
327961.010762,375708.290252,0,730
328039.801091,375998.153392,0,730
328149.650642,376013.914649,0,730
328199.923304,375908.513251,0,730
328183.787604,375837.301771,0,730
328008.424586,376307.51047,0,730
328186.317646,376085.792063,0,730
327926.442067,375449.45071,0,730
328219.738844,376001.068641,0,730
327841.52149,376105.996596,0,730
328184.456523,376148.305203,0,730
327993.692889,375769.242197,0,730
328149.234333,375920.244433,0,730
327896.136673,375704.710691,0,730
327915.557167,376127.401835,0,730
328057.385627,375922.430584,0,730
327876.823239,375854.075792,0,730
328070.155929,376192.909711,0,730
328064.896405,376080.871102,0,730
328015.957062,376216.872061,0,730
328043.924875,375609.602303,0,730
328172.991114,376244.778552,0,730
327987.399872,375602.913839,0,730
328047.443438,376005.332265,0,730
328114.433542,376021.769643,0,730
327992.590674,375774.936067,0,730
328072.489897,376268.828215,0,730
327941.313418,376300.656455,0,730
327986.384232,375530.903583,0,730
327861.588566,376166.343548,0,730
328172.298352,375859.534938,0,730
328193.336728,376011.196484,0,730
328078.616481,376041.071866,0,730
328298.310806,376295.38518,0,730
327885.455154,375846.356088,0,730
328048.896771,375688.341932,0,730
328202.734247,376160.73601,0,730
328225.99578,376165.52575,0,730
328012.474802,375802.317624,0,730
328186.110113,375991.092086,0,730
328080.583651,375767.988527,0,730
327903.182247,375920.183928,0,730
328166.028746,376100.130259,0,730
327898.634358,376227.395873,0,730
327922.280321,376181.178807,0,730
328199.320434,376158.848285,0,730
328116.124987,375826.09798,0,730
328158.591684,375786.991434,0,730
328033.738554,375424.097981,0,730
328104.923006,376126.630684,0,730
328228.711584,376069.733089,0,730
328121.003297,376315.229101,0,730
328134.685867,375698.575443,0,730
327929.651425,376072.062837,0,730
328009.502959,375337.365951,0,730
327856.57234,376135.911372,0,730
328157.79537,375813.401494,0,730
327932.511713,375416.399043,0,730
328255.885981,376338.099818,0,730
327894.751255,376218.266631,0,730
327897.862825,376189.398719,0,730
328043.29357,376182.552241,0,730
328035.077401,376233.168299,0,730
327928.793304,376030.908698,0,730
328213.530852,376162.29928,0,730
327969.061946,375556.307958,0,730
328065.747757,375926.228663,0,730
328217.776388,375999.696079,0,730
328191.400366,376174.745755,0,730
328137.226556,376101.836729,0,730
328125.58939,375723.275302,0,730
327952.982183,375286.702768,0,730
328283.494721,376164.556786,0,730
328251.030602,376319.212261,0,730
328057.462148,375855.658057,0,730
328008.002689,376279.704719,0,730
328020.831442,375886.733318,0,730
327857.045688,376029.047683,0,730
328268.421114,376323.393202,0,730
327983.695081,375575.330265,0,730
328168.128477,376168.405721,0,730
328048.529452,375784.10617,0,730
328046.667517,375572.609911,0,730
328085.875856,375539.753437,0,730
327894.545019,375857.928084,0,730
327923.765375,375672.244434,0,730
327942.231776,375709.277657,0,730
327945.241551,376153.696705,0,730
328170.650141,375877.860253,0,730
328063.213282,375878.906323,0,730
327917.918042,375997.897207,0,730
327863.058826,375917.569826,0,730
328146.876211,375924.491713,0,730
327976.007363,375571.810168,0,730
327844.320234,376226.866402,0,730
328223.453366,375969.620956,0,730
328160.104925,375958.596089,0,730
327958.149039,375463.398023,0,730
328175.524054,375827.067736,0,730
328086.73863,375719.176285,0,730
327877.739966,375852.631073,0,730
328054.023515,375992.163694,0,730
328015.450324,376127.108023,0,730
327960.809099,375636.12818,0,730
328031.074993,376256.565747,0,730
328026.48787,376225.335868,0,730
328022.064357,376217.038077,0,730
327950.4117,375356.528387,0,730
327863.611411,376222.186448,0,730
327909.436142,375642.609929,0,730
328025.101751,375889.094345,0,730
328096.368074,375627.781109,0,730
328008.844471,376088.692908,0,730
327954.281275,375601.875369,0,730
328115.948765,376317.966004,0,730
328083.391287,376209.141953,0,730
327927.611394,375909.340574,0,730
328013.614957,376001.64944,0,730
328007.924176,375317.636428,0,730
327977.641015,376121.868962,0,730
328121.244623,376104.405496,0,730
328085.276593,376268.501462,0,730
328027.019608,375537.025699,0,730
327938.891873,375772.516087,0,730
328126.813144,375667.938003,0,730
327961.606824,375983.186267,0,730
328062.086785,376117.918403,0,730
327952.155688,375910.118471,0,730
328005.633878,375977.555573,0,730
328129.028789,375733.240908,0,730
327914.968453,375785.615102,0,730
328022.367898,375451.360478,0,730
328066.725066,376026.196335,0,730
328052.532568,375573.192673,0,730
328159.040511,376215.063612,0,730
328278.363085,376295.171165,0,730
327885.920067,375954.018631,0,730
328004.299102,375422.590478,0,730
328073.612118,375924.608868,0,730
327908.859746,375787.378186,0,730
327982.415165,375641.486329,0,730
328048.656683,376131.510618,0,730
328036.911442,376231.324961,0,730
328003.407314,376249.997499,0,730
327944.22172,375996.241693,0,730
328065.629768,375715.257323,0,730
328182.959028,375989.226299,0,730
328008.310775,375501.56795,0,730
327976.886293,375955.003747,0,730
327947.489764,375551.921131,0,730
328065.247181,375981.282386,0,730
328249.180213,376308.005276,0,730
328174.361488,376048.382378,0,730
327909.670444,376072.923568,0,730
328082.326637,376041.779988,0,730
328037.98681,375914.949998,0,730
328016.726106,376074.031584,0,730
327998.661526,376097.283705,0,730
328030.961063,375381.748663,0,730
328008.656095,375897.779479,0,730
328121.245069,376277.96209,0,730
328271.588946,376347.059577,0,730
328097.551669,375612.363611,0,730
328222.911855,376197.283416,0,730
328099.012912,375725.682068,0,730
328162.712531,376333.372317,0,730
327898.189884,375898.513041,0,730
327977.441022,375457.212406,0,730
327840.773634,375978.054037,0,730
328052.069091,376242.528253,0,730
328024.910166,375652.096861,0,730
327868.397225,376009.702539,0,730
328062.537553,375933.057652,0,730
327986.084487,376137.538751,0,730
328026.892103,375934.150361,0,730
328024.022187,376214.564157,0,730
328124.343652,376219.276435,0,730
327978.833689,376118.852292,0,730
327866.290998,376075.788457,0,730
327857.611889,376082.784747,0,730
328141.126737,375918.209832,0,730
328253.48174,376052.142893,0,730
327978.256278,375251.206762,0,730
327958.338118,376153.044155,0,730
327991.252221,375455.34864,0,730
328075.358201,376031.562034,0,730
328182.55696,375940.888619,0,730
327969.264301,375409.992036,0,730
328048.510455,375506.75521,0,730
328204.956695,376172.364072,0,730
327993.847175,375686.275998,0,730
327896.79852,375946.858062,0,730
328164.358493,376254.883652,0,730
328113.004369,375854.262338,0,730
328132.893027,376054.781267,0,730
328082.539955,376045.811604,0,730
328199.070237,375965.373703,0,730
328169.695913,375930.752744,0,730
327972.13795,376103.218369,0,730
328108.533474,376040.912736,0,730
327886.929692,375802.550785,0,730
327918.147243,375491.475891,0,730
328002.608768,376074.147924,0,730
327981.008845,375581.304473,0,730
327859.528798,375944.630283,0,730
328003.887123,375798.048122,0,730
328206.813482,376262.699778,0,730
328174.915511,376002.129433,0,730
327908.832274,376086.97415,0,730
327915.860169,375506.411047,0,730
328066.53766,376058.805114,0,730
328184.625839,376273.401175,0,730
328017.108718,376035.537638,0,730
328236.999242,376273.283076,0,730
327938.136621,375690.336423,0,730
328239.746937,376325.642028,0,730
327993.903201,375365.444972,0,730
328106.116245,376060.438116,0,730
328144.139233,376311.936663,0,730
327941.164389,375862.913615,0,730
327981.182462,375755.458925,0,730
328219.637726,375969.302102,0,730
328062.104804,375965.220303,0,730
328017.380287,376305.915264,0,730
328130.920638,375685.004261,0,730
328006.095028,375955.831542,0,730
327991.831301,375611.123074,0,730
328037.025166,375643.87105,0,730
328003.444158,375647.116914,0,730
327957.769962,375638.246908,0,730
328194.600233,375961.359365,0,730
327916.559913,375556.765712,0,730
328025.133136,376107.443234,0,730
328025.07679,375826.232031,0,730
327903.653607,376065.391999,0,730
327972.438739,376116.206628,0,730
328011.592514,375373.578345,0,730
327961.110613,375860.748823,0,730
328067.407017,376219.843002,0,730
327960.848543,375255.445025,0,730
327973.827284,375819.62341,0,730
328000.921703,376027.244084,0,730
328303.662366,376229.601767,0,730
328032.701416,376050.504486,0,730
327871.449063,376199.196633,0,730
328169.465881,376195.449528,0,730
328112.361411,376131.970415,0,730
328067.270306,375631.649325,0,730
328008.884859,376274.766948,0,730
328072.453794,375543.149279,0,730
328182.009414,375842.623939,0,730
328053.854743,375722.064691,0,730
328110.198236,376095.247357,0,730
328090.590886,375771.411134,0,730
328058.725937,375778.100991,0,730
327995.747931,375346.989172,0,730
328025.317046,375917.606244,0,730
328059.328544,375790.322652,0,730
328211.385515,376183.117032,0,730
328274.790411,376326.882553,0,730
328137.912665,376317.393087,0,730
327958.526077,375341.372771,0,730
327974.206961,375700.475573,0,730
328291.271541,376210.513248,0,730
328168.206524,376006.009149,0,730
327928.178493,375546.170917,0,730
328028.1223,375717.022448,0,730
327848.590501,376277.831826,0,730
328209.257154,376180.619659,0,730
327909.803406,376051.901218,0,730
327906.84042,375568.742287,0,730
328048.213789,375692.401989,0,730
327915.005941,375867.179859,0,730
328044.567915,375865.328924,0,730
328253.232512,376259.057912,0,730
328053.203341,375731.734224,0,730
328099.495232,376299.84188,0,730
327897.58275,376121.140668,0,730
327942.855035,375508.689837,0,730
328059.158424,375575.718926,0,730
328066.84908,375758.945949,0,730
328032.93109,375432.603945,0,730
328069.389958,376293.746531,0,730
327956.373848,375817.608841,0,730
327970.392333,375981.550224,0,730
327989.512752,376134.028651,0,730
327891.062327,375833.609125,0,730
328112.174095,375792.038822,0,730
328167.391709,375824.361357,0,730
327928.079962,375895.399282,0,730
327945.465973,375966.38894,0,730
328143.438035,376234.102634,0,730
328125.305244,375683.086018,0,730
328093.62572,375642.760985,0,730
327908.350076,375975.696606,0,730
327923.835223,376211.536419,0,730
328135.859308,376266.905393,0,730
327964.629596,375570.019986,0,730
328058.55958,375563.190374,0,730
328047.184994,375821.067259,0,730
327975.121902,375736.770134,0,730
327985.58623,375968.583451,0,730
327927.063321,376092.915785,0,730
327983.862682,375339.573324,0,730
327912.908881,376059.486307,0,730
328017.677362,376302.933319,0,730
327898.13856,376229.716225,0,730
327999.495842,375758.920137,0,730
327939.619269,376170.92445,0,730
327936.644336,376117.587868,0,730
327947.90145,375405.427055,0,730
327958.417367,375958.636685,0,730
328180.658937,376196.121938,0,730
328020.656695,375968.560422,0,730
328034.68402,375768.681482,0,730
328107.744851,375656.981731,0,730
327883.893844,376162.308688,0,730
328013.776661,375815.657457,0,730
328057.95752,375591.854134,0,730
328169.519261,375881.923381,0,730
328047.452907,376026.978583,0,730
328061.661561,376085.770845,0,730
327919.494139,376060.575254,0,730
328024.463773,376184.287667,0,730
327845.379169,376248.131129,0,730
327928.481533,375433.418835,0,730
328064.148273,376150.276442,0,730
328172.110531,376001.167784,0,730
328200.338853,376056.624775,0,730
327952.714595,375320.367833,0,730
327863.392281,376188.008172,0,730
328045.901094,376049.633231,0,730
327898.38252,375830.980151,0,730
328075.730632,376018.58996,0,730
328232.75606,376001.630785,0,730
327925.400091,376285.367909,0,730
328215.980226,376202.189638,0,730
328043.542838,375682.087213,0,730
327944.215746,375908.268643,0,730
328083.234226,376065.561709,0,730
328210.320254,376112.110764,0,730
328069.848691,375650.267672,0,730
327935.837895,376122.187789,0,730
327888.359445,375699.561299,0,730
328078.326264,376220.898124,0,730
328037.089386,375873.723806,0,730
328043.640597,376169.812572,0,730
328131.427311,375908.461077,0,730
328013.609397,375833.013365,0,730
328010.637602,375494.261442,0,730
328212.308846,375986.929873,0,730
328040.066138,376294.533817,0,730
327997.849838,376056.745978,0,730
328068.237469,376279.504556,0,730
328010.171177,376000.196136,0,730
328128.21189,376015.088038,0,730
328199.984916,376096.557908,0,730
328348.257314,376340.515603,0,730
328321.072684,376352.009452,0,730
327929.104397,376282.132597,0,730
328008.997089,375888.966046,0,730
328030.702659,376119.324705,0,730
327903.364105,375955.952529,0,730
328152.710144,375855.777276,0,730
327853.817503,376044.123629,0,730
327936.512659,375489.004253,0,730
328043.340326,376289.489781,0,730
327948.499689,375446.038052,0,730
328087.346107,375826.95964,0,730
328005.194064,375393.785383,0,730
327918.940164,375594.116244,0,730
328019.187363,376176.002413,0,730
328034.521,376285.766571,0,730
328000.202471,375497.038493,0,730
327884.01406,376226.747343,0,730
328180.45488,376053.66112,0,730
328147.81755,375902.570589,0,730
327996.150271,375797.558141,0,730
327852.823269,375980.152029,0,730
327951.964637,375713.882938,0,730
327925.883684,375942.791937,0,730
328117.238768,376304.490047,0,730
327963.467582,375836.676857,0,730
327996.68325,375375.957769,0,730
328206.835163,376088.97836,0,730
328049.181596,376284.368773,0,730
328163.039112,375807.355861,0,730
328003.858932,375833.423588,0,730
328025.708538,375627.065348,0,730
328188.931305,376161.969367,0,730
327976.322034,376276.205308,0,730
328034.815185,375934.209156,0,730
328175.179074,375944.014611,0,730
327870.096725,375985.101409,0,730
327879.100457,375809.704789,0,730
328045.879537,375789.759055,0,730
328025.275885,375430.40762,0,730
328045.909967,376069.545388,0,730
328194.660224,375906.328369,0,730
328056.200841,375829.644848,0,730
327979.857527,375289.433837,0,730
327975.624414,375968.263011,0,730
328243.784042,376168.54963,0,730
328292.080613,376332.980936,0,730
328063.604326,375693.501398,0,730
328080.643617,376041.225681,0,730
328279.423778,376222.32248,0,730
328078.3538,376288.361229,0,730
327952.064471,375302.060252,0,730
328142.348683,376068.784107,0,730
327865.941415,376098.08884,0,730
327857.666107,376146.564856,0,730
327953.07593,376105.606601,0,730
328001.567433,375870.121453,0,730
327895.672878,376186.334589,0,730
328059.034486,376102.239118,0,730
327994.355974,376101.097065,0,730
327997.661045,376149.878088,0,730
328179.292681,375879.799542,0,730
327996.632891,376054.618467,0,730
328108.427136,375953.928425,0,730
328187.331321,376158.858362,0,730
327971.079496,376259.652265,0,730
327943.458745,375350.594522,0,730
328014.573719,375350.777996,0,730
327952.683647,375809.125237,0,730
327877.420699,376065.374859,0,730
327985.281545,375544.630068,0,730
328054.909189,375706.486029,0,730
327939.701778,375342.695536,0,730
328006.847734,375814.008344,0,730
328017.680831,375350.711126,0,730
328119.71335,375657.004199,0,730
327852.886991,376175.991797,0,730
328113.633365,375917.491551,0,730
327922.170404,376005.738432,0,730
328108.10879,375841.60098,0,730
328089.762857,375872.738057,0,730
328087.759908,376232.041834,0,730
328197.997276,376064.51143,0,730
327995.087073,375429.682039,0,730
327865.614876,376252.269383,0,730
328238.281822,376022.447896,0,730
328026.012859,375547.680542,0,730
328002.815334,375710.068615,0,730
328030.443433,375832.981024,0,730
328082.577707,375990.656927,0,730
328226.715833,376228.939796,0,730
328204.307253,376264.15363,0,730
328090.196728,375754.836274,0,730
328246.292102,376240.821178,0,730
327934.832676,375599.62335,0,730
328312.886899,376225.789865,0,730
327990.86399,375567.229658,0,730
328138.770608,375897.69946,0,730
328022.528093,375881.74818,0,730
328018.516239,375647.012468,0,730
328290.995737,376164.33433,0,730
328178.254901,376174.602893,0,730
327895.015962,375834.748811,0,730
328088.301015,376068.761558,0,730
327943.933488,375908.428163,0,730
327978.764697,376098.030518,0,730
327988.806365,375988.787288,0,730
327990.204056,375661.902879,0,730
328060.2042,375972.817895,0,730
328183.600299,376182.335521,0,730
328195.583049,376101.573289,0,730
328013.400927,375760.893648,0,730
327843.319771,375973.611915,0,730
328041.840452,375538.734447,0,730
328106.542212,376250.537056,0,730
328076.516606,375610.382983,0,730
327908.783866,375699.095181,0,730
328021.41272,375577.171991,0,730
328009.339278,375574.210708,0,730
328010.358461,375449.37937,0,730
328090.624503,376210.925208,0,730
328322.177224,376323.250216,0,730
328038.482192,375569.306572,0,730
327957.69413,376120.715992,0,730
327913.127197,375582.263666,0,730
328200.787189,375986.364972,0,730
328057.204005,376311.041014,0,730
328007.149446,376063.183683,0,730
327946.609552,375528.720962,0,730
328035.957913,375685.740608,0,730
327916.804526,375596.039075,0,730
327886.173931,375948.595838,0,730
327980.284074,376303.580335,0,730
328150.479106,375954.114458,0,730
327960.543661,375922.221381,0,730
327991.20937,375288.993258,0,730
327978.684253,375471.334909,0,730
328041.858653,376041.483638,0,730
328194.474805,376208.293083,0,730
328014.705673,376065.480373,0,730
327943.84402,375925.976589,0,730
328167.843961,376318.583859,0,730
328261.837902,376326.442286,0,730
328145.847821,376322.038934,0,730
328081.255869,375634.064625,0,730
328161.301036,375916.056155,0,730
328178.050007,376260.943519,0,730
328057.410335,376183.126476,0,730
328129.001427,376117.027347,0,730
328040.57082,376158.812458,0,730
328269.212416,376325.978706,0,730
328068.28472,376247.726052,0,730
327950.620847,375774.438946,0,730
327903.141923,375636.857571,0,730
328196.649909,375957.74828,0,730
327935.477287,375804.37257,0,730
328280.65136,376230.194711,0,730
328219.287962,376142.205304,0,730
327931.200446,375940.170431,0,730
327996.200404,376164.36026,0,730
328235.358176,375996.843237,0,730
328097.003077,375861.091348,0,730
327923.959679,376177.323695,0,730
328068.500166,375930.476744,0,730
328094.228186,375906.091564,0,730
327998.272261,376226.047566,0,730
327952.176711,375797.402112,0,730
327858.043212,376228.342537,0,730
327883.65524,376142.453554,0,730
328297.570166,376349.941355,0,730
328104.923328,376095.76856,0,730
327908.86806,375898.781006,0,730
327914.623469,375493.618752,0,730
328142.489922,376129.988493,0,730
327917.384643,376257.250924,0,730
328047.441553,376195.697604,0,730
328004.999598,375976.518377,0,730
328026.737697,375822.996284,0,730
327866.87376,375802.409362,0,730
328115.449816,375656.300369,0,730
328148.740396,376017.303928,0,730
328186.074526,375900.093326,0,730
328151.102408,375893.576416,0,730
327996.806149,376253.506324,0,730
328114.489221,375722.094839,0,730
328066.926384,376056.356429,0,730
328094.034383,376249.749417,0,730
328109.426225,376000.378136,0,730
327879.504698,376060.145486,0,730
328009.852114,375687.570813,0,730
327964.397897,375762.041888,0,730
327991.474773,375435.583155,0,730
328071.522722,376129.346735,0,730
328021.57304,376275.583323,0,730
328007.700292,376084.243781,0,730
327852.237908,376105.58978,0,730
328039.777119,375885.523003,0,730
328155.847749,376229.556571,0,730
328106.772331,376033.540264,0,730
328040.344719,376127.993501,0,730
328160.676937,375868.534196,0,730
327997.123179,376002.044649,0,730
327920.339753,376188.88949,0,730
327915.299766,375650.998252,0,730
327936.490831,375717.674953,0,730
328203.683394,375955.060771,0,730
328104.809574,376021.480743,0,730
327948.921574,375892.806333,0,730
328195.873549,375910.406313,0,730
328267.860839,376309.848582,0,730
327965.2563,376282.446768,0,730
328136.788001,375960.448215,0,730
328036.616838,375487.845335,0,730
328068.612393,375861.087157,0,730
327904.547136,375910.270299,0,730
327967.727513,375817.825994,0,730
327968.435415,376277.099319,0,730
328181.431488,376120.563152,0,730
328057.763933,375606.492735,0,730
328082.58812,375745.564943,0,730
327949.367238,375618.384906,0,730
328261.033026,376124.83633,0,730
327894.103554,375857.845946,0,730
328082.343201,375668.988438,0,730
328059.019353,376030.320532,0,730
328059.587777,375644.193778,0,730
328179.3571,376075.004756,0,730
328013.910074,376025.272452,0,730
328209.546323,376223.213733,0,730
327913.940889,375733.516936,0,730
327946.602077,376023.478285,0,730
327884.656578,376249.278542,0,730
327861.068909,375835.91841,0,730
328125.16101,376081.015313,0,730
328173.28331,375995.217478,0,730
327996.216875,375493.308423,0,730
327888.743191,375735.412565,0,730
328192.854928,376179.601774,0,730
328262.00299,376166.467164,0,730
327942.780819,375905.15757,0,730
328014.93703,375642.726565,0,730
328097.872874,375966.883193,0,730
328304.692978,376339.579655,0,730
328117.589562,375636.399745,0,730
327872.559583,375814.986209,0,730
328287.003671,376167.301735,0,730
328105.121349,376046.996109,0,730
328129.755067,376116.092213,0,730
327913.906604,375933.583488,0,730
328113.529887,376085.032823,0,730
328026.864884,375781.742972,0,730
327918.021204,375504.103848,0,730
328018.865545,375734.600991,0,730
327928.913498,375524.34759,0,730
327920.775933,376203.154943,0,730
328054.819156,375879.935335,0,730
328156.934741,375809.888428,0,730
328046.710583,375563.436254,0,730
328064.786723,376130.656146,0,730
328229.288386,376060.161668,0,730
328250.118866,376164.479815,0,730
327948.757979,375575.957796,0,730
327960.638654,376153.474303,0,730
328163.620262,376051.542454,0,730
328246.219927,376326.003793,0,730
327904.172159,375907.9158,0,730
327999.24223,376025.062949,0,730
328178.300781,376258.213393,0,730
327923.838817,375668.932734,0,730
327896.259431,375751.540799,0,730
328197.880234,375891.935722,0,730
328071.61256,375513.719316,0,730
328042.75416,376049.875637,0,730
328044.259263,375543.768504,0,730
328254.504501,376063.182781,0,730
327969.076368,376119.88393,0,730
327906.104132,375894.670676,0,730
328059.19265,375867.480526,0,730
328092.587924,376214.346403,0,730
327992.915579,376273.125708,0,730
327972.010282,375434.408684,0,730
328111.161064,376143.977038,0,730
328169.348436,375970.113041,0,730
328064.983934,376170.007469,0,730
327859.636074,375928.688397,0,730
328134.08038,376268.22898,0,730
328006.65229,375804.932452,0,730
327983.155112,375622.448194,0,730
327921.423032,375800.325825,0,730
328088.872123,375578.601037,0,730
327868.993266,376025.568322,0,730
328051.782585,375879.66933,0,730
328225.943868,376048.765333,0,730
328233.426377,376179.541281,0,730
327846.270462,376169.721357,0,730
327903.438641,376098.62272,0,730
327913.730431,375921.880083,0,730
328117.753691,375705.522461,0,730
328057.226443,375526.159928,0,730
328054.258775,375605.379215,0,730
328107.803105,376026.731039,0,730
328021.392261,375816.028481,0,730
327887.201275,375784.085239,0,730
328288.370558,376315.654706,0,730
328053.339586,375551.314374,0,730
328003.016127,375977.398998,0,730
328175.610152,376025.116286,0,730
328328.399199,376311.557732,0,730
328243.322332,376100.954084,0,730
328221.963812,376231.950075,0,730
327966.238694,375574.78566,0,730
327989.161221,376023.956321,0,730
328149.883516,376264.762044,0,730
328100.787826,375832.860006,0,730
328212.063293,376279.854795,0,730
328266.584387,376093.137226,0,730
328174.762922,375997.46145,0,730
328053.098902,375519.173108,0,730
328222.959712,376302.815543,0,730
328052.093565,375441.428128,0,730
328094.103066,375830.922468,0,730
328156.437853,376081.018134,0,730
328121.500902,375937.770617,0,730
328306.20853,376261.910996,0,730
328159.51889,376075.078126,0,730
328161.40618,375764.584342,0,730
327938.282038,375718.523008,0,730
327928.625168,375604.396101,0,730
328016.705079,376204.25314,0,730
328139.163914,375897.373881,0,730
328011.13302,375841.133281,0,730
327966.509492,375985.074366,0,730
328180.963048,376259.331246,0,730
328235.01195,376078.005368,0,730
328121.487451,375817.861215,0,730
327999.954835,375335.995025,0,730
328037.842806,375524.39142,0,730
328093.726717,376011.84979,0,730
327968.555653,375471.220642,0,730
328076.532486,376112.499298,0,730
327974.769331,376197.125665,0,730
328078.623073,375771.677115,0,730
327948.055429,376069.811664,0,730
328000.39645,375595.654674,0,730
327875.7118,376099.264362,0,730
327946.720139,375663.645016,0,730
328034.829127,375812.255494,0,730
327983.500277,375871.392288,0,730
328265.246145,376101.421717,0,730
327982.719314,375990.231769,0,730
328056.121291,375492.01642,0,730
328257.235642,376129.666688,0,730
327994.404364,375501.635235,0,730
327948.836099,375591.63332,0,730
328179.017592,376323.38123,0,730
327938.908458,376020.629225,0,730
328162.273273,376133.378813,0,730
328101.578873,375790.416497,0,730
328060.762735,375774.86916,0,730
327900.216475,375601.618639,0,730
327846.309313,376024.344418,0,730
328228.955843,376017.765049,0,730
327902.967021,376202.645293,0,730
328335.535079,376302.881347,0,730
328119.721171,375849.018263,0,730
328084.281193,376283.313486,0,730
327990.695523,375884.308367,0,730
328175.437771,375849.325214,0,730
328150.882474,376028.887131,0,730
327973.438506,375984.128765,0,730
328266.284123,376216.213641,0,730
328026.990052,375378.531445,0,730
328144.366235,376206.805985,0,730
328300.905498,376339.730953,0,730
327953.734285,375839.511401,0,730
327941.444964,375672.982997,0,730
328015.0505,375448.627172,0,730
327945.601421,375708.791185,0,730
327996.62611,376075.46078,0,730
328037.452164,375793.156181,0,730
327904.433452,375672.889431,0,730
327989.902256,375570.302827,0,730
327923.375163,375642.153651,0,730
328273.577858,376106.543028,0,730
327927.842855,375638.796887,0,730
327998.446087,375907.088077,0,730
328253.455168,376166.765946,0,730
327993.660204,375558.183631,0,730
328085.841018,376112.692517,0,730
328163.149538,375870.48926,0,730
328096.58776,375737.287023,0,730
327964.701417,375460.647283,0,730
327931.799027,375676.213828,0,730
328058.389239,376314.275434,0,730
328139.494016,375935.441509,0,730
327902.181096,375788.900321,0,730
327943.263007,375488.541943,0,730
327937.385418,375982.334644,0,730
327990.254138,375567.914234,0,730
327963.142818,375798.12143,0,730
328150.570176,376322.877025,0,730
328126.574961,376091.997678,0,730
328005.291134,376076.125384,0,730
328050.340466,376164.639013,0,730
327881.951242,375762.544576,0,730
328237.490193,376050.404794,0,730
328185.828233,376296.605347,0,730
327891.374078,376050.119971,0,730
328058.415673,376042.238757,0,730
327937.091514,375782.361312,0,730
327896.321505,376106.58595,0,730
328113.151347,376186.193177,0,730
328289.497051,376233.656411,0,730
327901.111236,376004.451491,0,730
327906.287578,376204.373195,0,730
327864.488001,376210.424401,0,730
328188.553536,376143.781085,0,730
328109.470771,376287.312228,0,730
327974.285014,376025.371709,0,730
327872.287135,376037.078181,0,730
328098.904686,375840.555981,0,730
327952.321306,375754.708063,0,730
327999.094828,375323.157935,0,730
328192.369835,375867.973413,0,730
328205.386606,376255.077067,0,730
327970.779095,376092.219331,0,730
327955.314633,375867.007516,0,730
327967.84996,375697.975201,0,730
328197.217127,376207.19148,0,730
328239.278328,376074.858236,0,730
327973.921165,375503.842943,0,730
328011.502982,375739.614098,0,730
327997.169745,376005.471667,0,730
328184.889396,376075.101988,0,730
327959.403172,376229.908809,0,730
328245.120173,376311.338632,0,730
328164.947216,375858.22684,0,730
327934.060377,375627.576025,0,730
327897.029948,376286.227004,0,730
328050.35413,376082.29729,0,730
328001.343783,375299.754216,0,730
328180.620055,376186.587407,0,730
328145.858901,376188.079065,0,730
327945.483555,376293.73689,0,730
327981.874646,376108.961458,0,730
328028.296224,376142.003782,0,730
328224.892162,376182.674364,0,730
328196.513501,376193.672565,0,730
328062.913213,375515.878625,0,730
327848.151782,375950.34192,0,730
328055.490754,375442.347293,0,730
327964.859536,375290.286453,0,730
328076.698489,375517.834829,0,730
328201.753194,376155.528756,0,730
328120.049437,376099.431464,0,730
328023.578195,375382.660286,0,730
328276.445836,376258.400225,0,730
328156.110488,376184.110297,0,730
328132.720404,376049.549843,0,730
328056.688031,375984.066203,0,730
328112.762442,376247.615123,0,730
328247.662012,376253.159222,0,730
328027.625221,375802.263631,0,730
328128.254132,375744.525886,0,730
328204.882451,376217.606997,0,730
327948.010026,376051.357674,0,730
327984.527268,375848.210149,0,730
327971.448498,375561.101843,0,730
328153.171006,375911.940772,0,730
328019.404245,376157.906939,0,730
328074.085852,375507.983996,0,730
328008.716635,376065.970695,0,730
328024.459402,375871.822626,0,730
327981.736929,375957.689528,0,730
327904.242901,375796.114639,0,730
327957.00963,375832.470948,0,730
327881.339716,375974.043744,0,730
327996.105718,376295.015018,0,730
327947.301202,375832.458435,0,730
328114.673225,376049.953744,0,730
327913.186662,375967.599238,0,730
328166.619003,376169.422507,0,730
327933.755829,376204.31987,0,730
327940.144869,375369.690321,0,730
328109.979739,375809.660647,0,730
328006.843385,375387.035824,0,730
328037.075982,376107.908239,0,730
327858.996205,376022.222072,0,730
327973.322578,375793.951199,0,730
327995.645407,375319.705092,0,730
328162.862249,375942.112733,0,730
327939.99102,375347.124041,0,730
327906.551057,375839.70794,0,730
327972.532277,375630.878926,0,730
327893.901582,375621.891206,0,730
328048.819287,375984.013346,0,730
327935.187519,375641.257622,0,730
328055.192473,375860.040941,0,730
328192.465698,375943.092446,0,730
328213.209274,375922.598108,0,730
328211.866362,376318.999702,0,730
328087.227346,376136.898603,0,730
327853.185553,376080.422753,0,730
328121.092421,376106.098822,0,730
328091.868715,375911.786983,0,730
328150.39638,375962.074403,0,730
328255.065153,376216.158274,0,730
328095.635992,375655.381191,0,730
327921.584384,375650.601582,0,730
328061.797682,376228.815071,0,730
328072.266232,376205.738617,0,730
328210.75616,375967.046258,0,730
328073.087094,375563.868275,0,730
328064.04798,376247.440008,0,730
328070.021072,375960.386687,0,730
328019.856843,375998.145438,0,730
328171.774518,375825.267041,0,730
328149.311343,375890.083886,0,730
327976.518178,375918.150296,0,730
328120.206061,375900.722364,0,730
328094.711326,375669.022638,0,730
328241.677369,376200.828548,0,730
327986.854099,375883.071458,0,730
327936.590274,376239.331927,0,730
327888.481471,375880.553877,0,730
327848.199204,376080.077154,0,730
327955.840645,375490.139902,0,730
328189.720808,376150.410846,0,730
328065.965271,375729.14105,0,730
328099.255452,376042.852725,0,730
328293.762914,376253.679861,0,730
328176.778144,375852.572704,0,730
328216.161435,376275.624652,0,730
328181.004625,376218.038263,0,730
327998.210609,376150.151169,0,730
328064.904128,375579.990837,0,730
327978.372605,376134.607359,0,730
327896.530615,376111.205663,0,730
328182.704744,376054.879409,0,730
328019.168064,375457.049586,0,730
328251.269887,376310.816059,0,730
328088.44076,376302.785457,0,730
328026.535352,375746.992549,0,730
327944.09565,375766.712073,0,730
328016.729861,375966.618777,0,730
328073.272073,376103.781319,0,730
328218.647167,375990.528074,0,730
328173.073804,376275.989159,0,730
328108.909225,376162.031415,0,730
328049.846576,376281.578941,0,730
328103.33867,376204.475143,0,730
328332.884053,376338.946469,0,730
327840.899943,376057.272745,0,730
328257.049844,376327.298708,0,730
327933.978869,375497.727336,0,730
328173.553873,375943.714851,0,730
328219.465142,376069.089493,0,730
328074.960585,375553.70404,0,730
327978.389786,375540.692416,0,730
328108.797429,375879.681094,0,730
327883.104199,376288.896273,0,730
328003.754166,375382.3145,0,730
327889.85387,375781.900895,0,730
327965.608073,375332.180203,0,730
327909.435351,375755.347515,0,730
328142.760278,376117.972592,0,730
328240.512209,376258.506241,0,730
327908.795334,375693.060691,0,730
328188.003741,376185.293463,0,730
328165.038481,375944.10344,0,730
328259.424202,376245.984536,0,730
327839.840885,376274.633109,0,730
327892.060729,375832.768952,0,730
328295.7344,376315.401359,0,730
328132.917531,376085.079571,0,730
327965.672072,375389.623162,0,730
327930.137379,375693.961852,0,730
327896.716934,375966.148707,0,730
327986.656165,376049.11824,0,730
328012.148018,376261.927704,0,730
327951.076232,376171.714016,0,730
327891.891149,375869.087054,0,730
328078.957862,376084.063058,0,730
328122.544685,375992.707302,0,730
328310.107457,376219.663382,0,730
327858.839455,376198.758782,0,730
327879.340731,376143.87158,0,730
328081.762133,376156.615652,0,730
327851.499967,376171.416303,0,730
328015.800589,376054.406521,0,730
328248.808103,376257.86645,0,730
328163.613939,376324.740962,0,730
327977.764039,376304.292689,0,730
328249.043302,376087.06551,0,730
328016.449781,376105.91378,0,730
328279.248491,376347.009025,0,730
328213.819449,376204.798969,0,730
327995.523247,376128.877732,0,730
328027.379598,375437.644165,0,730
328030.559468,376000.12648,0,730
328242.753575,376157.04452,0,730
327854.465081,375981.406273,0,730
328299.102711,376280.184025,0,730
328104.320899,375669.177635,0,730
328161.231817,376013.518452,0,730
327959.074874,375532.584178,0,730
328021.551096,376165.387791,0,730
328106.733764,376316.320303,0,730
328014.386341,375671.537846,0,730
328011.670169,375717.214152,0,730
327904.590853,376144.519227,0,730
328182.143966,376300.701757,0,730
327934.399368,376083.214883,0,730
328005.688023,375665.605042,0,730
328296.178973,376214.511385,0,730
328015.780748,375436.290073,0,730
327916.334346,375707.885144,0,730
327931.147955,375798.736553,0,730
328164.112174,376188.4889,0,730
327914.83853,376184.060228,0,730
328045.328229,376260.041568,0,730
327938.18291,376227.872618,0,730
328085.08606,375981.352785,0,730
327917.121652,375532.10175,0,730
327981.166816,376293.675281,0,730
328086.111487,375566.45129,0,730
328070.915735,376276.14704,0,730
327907.468788,376020.223453,0,730
328027.799463,376297.449354,0,730
328094.077618,375868.038671,0,730
327916.216211,375809.515652,0,730
327907.157403,376210.283422,0,730
328062.303467,375492.637577,0,730
328055.490463,375451.7517,0,730
328006.993194,375648.058833,0,730
327886.882942,375658.39415,0,730
328198.287642,375948.507301,0,730
328036.933562,375790.726555,0,730
328136.251632,376159.241662,0,730
328013.500841,375364.110439,0,730
327991.975383,375811.112957,0,730
328242.462419,376320.411856,0,730
327852.80439,376288.004253,0,730
327890.037453,375776.504687,0,730
328071.509099,376236.828311,0,730
328006.236057,376244.936985,0,730
327848.890472,375972.762519,0,730
328017.666282,375664.233783,0,730
327969.780137,376263.243286,0,730
328204.316735,376211.26998,0,730
327890.734967,375855.671238,0,730
328009.780355,375663.934395,0,730
328107.337506,375843.396374,0,730
328132.859519,375763.052457,0,730
327934.785573,375708.907654,0,730
328048.858581,375787.060976,0,730
327927.182558,375683.112298,0,730
328152.278773,375806.188764,0,730
328180.167842,376176.15155,0,730
327951.496185,375842.438193,0,730
327997.590849,375675.135083,0,730
327963.274197,375689.829,0,730
328035.913544,375805.297947,0,730
327993.960071,375429.622397,0,730
327872.52306,376282.951235,0,730
327940.137938,376075.509353,0,730
327953.451916,376058.487593,0,730
327941.686077,375877.828975,0,730
328287.752199,376309.999962,0,730
327995.201344,376270.504316,0,730
328203.213583,376145.780693,0,730
327942.755356,375464.502502,0,730
328086.97182,376277.652485,0,730
328291.682433,376346.727993,0,730
327928.460835,375623.55993,0,730
327980.018088,376158.405222,0,730
327887.64514,376168.462781,0,730
328152.277559,376269.855951,0,730
327973.800911,375896.684182,0,730
328021.623288,375773.405206,0,730
328060.744554,375538.383727,0,730
328157.777609,376088.484699,0,730
327944.916258,376291.622628,0,730
327974.370419,376100.284052,0,730
327991.159149,375736.371742,0,730
328102.127036,375708.675639,0,730
327867.448476,376076.168169,0,730
327913.980655,375582.285421,0,730
327991.276109,376094.957869,0,730
327909.512892,375847.093849,0,730
327884.42814,376029.047972,0,730
328003.517686,375730.345369,0,730
327982.620842,376092.181531,0,730
327902.56109,376109.262934,0,730
328301.046287,376276.652588,0,730
328079.741049,375681.161208,0,730
328069.83151,375675.121088,0,730
327893.696772,376160.444039,0,730
328064.346327,375811.979565,0,730
328066.137072,375520.690735,0,730
328082.06507,375598.148496,0,730
327939.462568,375511.648386,0,730
328112.528764,375741.718645,0,730
328281.104067,376277.298435,0,730
327868.111218,376220.282015,0,730
328223.318573,376322.551467,0,730
328277.577336,376201.595832,0,730
328277.551684,376340.26075,0,730
328112.369696,376102.365222,0,730
327926.126015,375685.102957,0,730
327885.499332,376228.139176,0,730
328121.333769,376018.023445,0,730
328106.581957,376141.845083,0,730
327915.204789,376049.503322,0,730
328209.336548,375968.808186,0,730
327947.057347,376292.046577,0,730
328241.193389,376283.195691,0,730
327964.451069,375440.302439,0,730
327963.264311,376267.261178,0,730
328055.825796,375979.580793,0,730
327887.894313,375886.197654,0,730
328087.014649,375662.550823,0,730
328115.010665,376176.645589,0,730
327904.477987,375663.528863,0,730
328010.971455,376199.35813,0,730
328026.067255,375936.831469,0,730
328271.238141,376257.095898,0,730
327997.199761,376053.801833,0,730
327968.675962,376306.881339,0,730
328047.408506,375418.915797,0,730
328065.250472,376030.779801,0,730
328081.440236,376126.976046,0,730
327955.731842,375558.526962,0,730
328037.489253,375802.312582,0,730
327852.045385,376248.308285,0,730
328059.69575,376198.96994,0,730
327971.138094,376033.046768,0,730
328100.537188,375873.527987,0,730
327955.229822,375745.837867,0,730
327895.683624,376022.900594,0,730
327935.81099,375445.477565,0,730
327950.736352,376098.439791,0,730
328303.483146,376281.492919,0,730
328301.972131,376300.163241,0,730
328087.019458,375873.320796,0,730
327936.533255,375810.427444,0,730
328230.061796,376145.624393,0,730
328307.394759,376259.998403,0,730
327979.750642,376167.838255,0,730
327902.530599,376055.986799,0,730
328002.44574,375556.961036,0,730
327964.511512,375685.151501,0,730
327866.615965,376226.647241,0,730
327997.32039,375505.725742,0,730
327960.313391,375722.23398,0,730
327885.811169,376014.431547,0,730
327948.100015,375798.531725,0,730
328328.194653,376295.843924,0,730
328128.053087,375942.3736,0,730
327919.242369,376225.619808,0,730
328187.735146,376315.150504,0,730
328033.86148,376146.033244,0,730
328049.724546,376044.790891,0,730
328066.61371,376089.161843,0,730
328106.654756,376235.766359,0,730
327996.561891,375664.83374,0,730
327939.927377,376086.592825,0,730
328067.650683,375672.346811,0,730
328029.470241,375583.259346,0,730
327845.439953,376157.808476,0,730
327949.581793,375602.603159,0,730
328303.837021,376281.744064,0,730
327976.158238,375839.295393,0,730
327940.995827,376225.26113,0,730
327962.599753,375907.656537,0,730
327948.559673,375983.858061,0,730
328008.238763,375654.168551,0,730
328268.303897,376212.824239,0,730
328193.636557,376140.613318,0,730
327944.039145,375456.21263,0,730
327910.34811,376089.002022,0,730
328149.984269,375833.63934,0,730
328166.594311,376073.960116,0,730
327951.348943,375393.189998,0,730
328010.974953,375713.727769,0,730
328137.958378,376234.623119,0,730
328217.398345,376233.865053,0,730
328008.45364,376033.811094,0,730
327856.318583,375908.042702,0,730
327989.459321,375882.864971,0,730
327960.423801,375791.202702,0,730
327940.961722,376070.932282,0,730
327988.155037,375523.275359,0,730
328157.949464,375863.842655,0,730
327941.009333,375820.420447,0,730
328064.294422,376022.522524,0,730
328155.553986,376142.640905,0,730
327875.935522,376177.075317,0,730
328315.468864,376266.643412,0,730
328090.193448,376149.024149,0,730
328126.470722,376018.696737,0,730
328164.469697,375977.528781,0,730
327875.850327,375760.798544,0,730
327943.883563,376189.224935,0,730
328033.941518,376176.528971,0,730
328106.097262,375793.677359,0,730
327884.019265,376109.5327,0,730
328150.478567,375901.643963,0,730
327967.066387,376133.024768,0,730
328069.866225,376018.72943,0,730
327946.354422,376028.450704,0,730
328037.857476,375754.643156,0,730
328027.560978,375501.556765,0,730
328118.760772,376325.547394,0,730
327928.712431,375963.03866,0,730
328084.583917,375646.535077,0,730
327984.41283,376043.884564,0,730
328069.897154,375546.777196,0,730
327971.25424,375561.214235,0,730
328049.227077,376260.910415,0,730
328047.049368,375720.030637,0,730
327974.011054,375357.38662,0,730
327940.76298,375613.519314,0,730
328146.365071,376311.44852,0,730
328081.399577,376252.889058,0,730
328008.017123,376093.399361,0,730
328022.868508,375568.087296,0,730
327874.973118,375884.778438,0,730
328016.795656,375846.643092,0,730
327957.409374,375955.006603,0,730
328205.454392,375900.92036,0,730
327851.857219,376128.937264,0,730
327980.715018,375953.352687,0,730
328109.797251,375668.168477,0,730
328135.906565,376247.433846,0,730
328074.078755,375631.076645,0,730
327929.36421,376064.635324,0,730
328310.073452,376273.268683,0,730
328064.171155,376061.306821,0,730
328033.824573,375562.579334,0,730
327985.802838,375919.1988,0,730
328089.357766,375855.569667,0,730
327940.938053,376278.760198,0,730
328065.579459,375645.78724,0,730
328115.92701,376206.764522,0,730
327922.496729,375779.286072,0,730
328101.129959,375579.977139,0,730
327945.343486,375321.645078,0,730
328135.147852,375695.427133,0,730
327913.456354,375532.201957,0,730
328183.325178,375864.929688,0,730
328014.982495,375713.067462,0,730
327879.874116,375791.693732,0,730
327885.980807,376170.529097,0,730
328005.980195,375727.20793,0,730
328284.708598,376241.301003,0,730
328028.588727,375473.392118,0,730
328015.017823,376274.781315,0,730
328042.054712,375461.663963,0,730
328067.160667,375895.590589,0,730
328206.792552,376263.503637,0,730
328223.181292,376187.13041,0,730
327988.721506,375857.751875,0,730
327986.966727,375529.004854,0,730
328201.236976,376102.904609,0,730
328041.002433,375892.517532,0,730
328028.867189,375498.53539,0,730
328114.324092,376311.362595,0,730
328128.706234,375682.132059,0,730
328006.767019,375859.945268,0,730
327948.85184,376006.707092,0,730
327983.554015,375301.007942,0,730
328142.174734,376040.801501,0,730
328080.295459,375558.549246,0,730
327875.516496,376037.434034,0,730
327999.835346,375418.564988,0,730
327967.193935,375268.473215,0,730
328160.470013,375876.454692,0,730
327990.769978,375428.6599,0,730
327982.486494,375610.952927,0,730
328035.139505,375783.901772,0,730
327935.714946,375756.14502,0,730
327992.353729,375415.39022,0,730
328108.865728,375975.427867,0,730
328043.980125,375432.777997,0,730
327975.699767,376216.653724,0,730
327924.691726,375822.463169,0,730
328041.240765,376264.083306,0,730
328129.8052,375949.617246,0,730
328110.774568,376292.422875,0,730
328063.535197,375525.172736,0,730
327863.534265,376029.816475,0,730
328020.978334,375519.374079,0,730
328092.661077,375698.605072,0,730
328053.45227,375708.617476,0,730
328088.521232,376134.021531,0,730
328055.021173,375533.548148,0,730
327906.897486,375940.402746,0,730
327941.565275,375972.531994,0,730
327858.270109,376110.117371,0,730
327909.22177,375969.906968,0,730
328033.981648,376213.104889,0,730
327899.666869,376122.749369,0,730
328106.050255,375775.764174,0,730
327958.266471,376296.100103,0,730
328004.528408,375417.027216,0,730
328025.910904,375896.027475,0,730
328047.134587,375565.92719,0,730
328137.296282,375959.495688,0,730
328044.47344,375808.742097,0,730
327987.985785,375694.586182,0,730
327863.993138,376194.325561,0,730
327860.210256,376198.95686,0,730
328158.013995,376270.638326,0,730
327913.316703,376023.507183,0,730
328097.525222,376250.788333,0,730
328050.247802,375674.928445,0,730
328121.555511,375759.960456,0,730
328212.872573,376113.774734,0,730
328249.791695,376095.284712,0,730
327926.49457,375570.13195,0,730
328022.31797,376077.22696,0,730
327952.137435,376115.535105,0,730
327922.815984,375442.949705,0,730
328015.415698,375390.769571,0,730
328245.160578,376175.444155,0,730
328157.028166,376054.977783,0,730
327927.875322,375524.231376,0,730
327909.750014,376136.025786,0,730
328147.5238,376006.989004,0,730
327896.342697,376013.601665,0,730
327874.772312,376045.753215,0,730
327993.374977,375940.740273,0,730
327994.936978,376171.88504,0,730
328090.671612,375607.603706,0,730
328185.723977,376048.635045,0,730
327896.470394,376267.568881,0,730
327951.782984,375816.61158,0,730
328050.63911,376153.638136,0,730
327867.652977,375911.378757,0,730
328091.350857,375729.8469,0,730
327925.074908,375651.787893,0,730
328207.429876,375946.35584,0,730
328031.617503,375586.973961,0,730
328032.269441,376252.957364,0,730
328158.582619,376149.477556,0,730
328136.669853,376309.174901,0,730
327906.106386,375593.258843,0,730
328181.871142,376225.421135,0,730
327855.560919,376110.515337,0,730
327976.165296,375972.672503,0,730
327965.651189,375939.736922,0,730
328186.396068,376097.631757,0,730
328146.745615,375753.846606,0,730
328078.40179,375737.319252,0,730
328178.537058,376047.348105,0,730
328031.206759,375616.07195,0,730
328171.778604,375831.936876,0,730
328068.702298,375830.803762,0,730
328180.569237,375941.446417,0,730
327965.86252,376079.421559,0,730
327929.719887,375445.721944,0,730
327994.148154,375643.060367,0,730
327890.555056,376184.280979,0,730
327916.047754,375681.622902,0,730
328013.280536,376242.783868,0,730
328137.330718,376301.913994,0,730
328007.8115,375383.779997,0,730
327953.055798,375381.791904,0,730
328173.049365,375887.121418,0,730
328199.157183,376038.867215,0,730
327895.129961,375684.468759,0,730
327851.224814,376050.899949,0,730
328009.350609,375756.432858,0,730
327913.717918,376220.440589,0,730
328019.057298,376199.919625,0,730
328019.425089,375350.278772,0,730
327969.786317,375668.879955,0,730
327981.089786,375879.420833,0,730
327922.633998,375494.785535,0,730
328083.437296,375759.423626,0,730
328022.14668,375905.529598,0,730
328154.123922,376192.938896,0,730
327904.136541,375774.495554,0,730
328228.238426,376135.609433,0,730
327916.405741,376260.030872,0,730
327942.46911,376303.75849,0,730
327922.765187,375741.726734,0,730
328037.425938,375512.892353,0,730
327990.962892,375588.243682,0,730
328085.697128,376196.978073,0,730
327915.406361,376074.162101,0,730
328283.19573,376333.085965,0,730
328107.805418,376033.203586,0,730
328025.132697,375629.73273,0,730
327983.852166,376024.887786,0,730
327987.927788,375701.363517,0,730
327933.608502,375667.564787,0,730
327899.410627,375774.64036,0,730
328170.806019,376244.688958,0,730
328081.586657,375833.845957,0,730
327925.056315,376207.87481,0,730
327917.480925,375963.182361,0,730
327949.832757,376233.183892,0,730
327991.970123,376164.669776,0,730
327942.814362,375387.388945,0,730
327873.967019,376011.052192,0,730
327926.685268,375927.930773,0,730
328273.787046,376221.857771,0,730
327985.317592,376119.828032,0,730
327990.990147,376216.080544,0,730
328013.156689,375605.481067,0,730
327920.329445,376077.639415,0,730
328181.934454,376028.485307,0,730
327989.05966,375482.283782,0,730
327901.660648,376060.432831,0,730
328185.846772,376148.581986,0,730
327880.108977,376165.735245,0,730
328166.400708,376214.592402,0,730
328100.777608,376302.2369,0,730
328048.801374,376191.605385,0,730
328219.995814,376056.27335,0,730
327908.677333,376165.238326,0,730
328070.673001,375536.267616,0,730
328005.024825,375744.373633,0,730
328040.770038,376007.460578,0,730
328100.474952,376295.349227,0,730
327916.976763,375765.597555,0,730
327847.022445,376028.851359,0,730
327992.82203,375387.214231,0,730
328063.486281,375570.64504,0,730
328029.07669,375735.77039,0,730
328211.641503,375929.181049,0,730
328123.266278,375700.055213,0,730
327974.675948,375631.672435,0,730
328159.612668,375998.421856,0,730
327862.335591,376163.037565,0,730
327877.421361,376201.232157,0,730
328085.633631,375537.518746,0,730
328015.577824,375971.5932,0,730
328046.495308,376142.707008,0,730
328034.678511,375993.068667,0,730
328068.85951,376075.275988,0,730
327931.716321,376195.311963,0,730
328115.400569,376242.663471,0,730
328198.103671,376133.939908,0,730
328154.691986,376324.647057,0,730
327860.914472,375996.771746,0,730
328000.744404,375519.065437,0,730
328254.854216,376331.831966,0,730
328154.122956,376111.84857,0,730
327992.884646,376122.305519,0,730
327952.736757,376193.39969,0,730
328003.431041,375387.234615,0,730
327943.211033,376189.301983,0,730
327980.966159,375886.989331,0,730
327967.122507,375268.681195,0,730
327897.97168,375924.577338,0,730
328010.115472,376263.311379,0,730
327921.108726,376078.083094,0,730
327956.733514,375773.021271,0,730
327999.313265,375925.298878,0,730
328191.942072,376143.792584,0,730
328191.287758,375878.005751,0,730
328027.385615,375833.788564,0,730
327966.579142,376192.265739,0,730
328192.442549,376232.218349,0,730
327970.146896,376171.416405,0,730
327895.94429,375613.98671,0,730
328024.997471,375446.877124,0,730
328233.639647,376154.285755,0,730
327900.801961,376170.18631,0,730
328136.64101,376319.514526,0,730
328035.519717,375721.249076,0,730
327994.468887,375477.671191,0,730
327940.292429,375702.897561,0,730
328042.820537,375728.952745,0,730
328051.326933,375781.740005,0,730
328272.897223,376296.984063,0,730
328154.789903,375948.128473,0,730
328098.469255,376103.35503,0,730
328035.41612,376061.498579,0,730
327938.163234,375768.559428,0,730
327980.434307,375761.341078,0,730
327992.347026,375769.446901,0,730
327968.292513,375986.290589,0,730
328058.003195,375703.520141,0,730
328227.141959,376044.264383,0,730
327981.053311,375954.09332,0,730
327908.898352,376132.217964,0,730
327954.759525,375989.571817,0,730
328100.015866,375706.420935,0,730
328186.617623,376199.825589,0,730
328074.152451,375812.710194,0,730
328048.397418,375650.339498,0,730
327974.083641,376086.702902,0,730
328227.702864,376004.405801,0,730
328095.751224,376062.994381,0,730
328289.627136,376178.222214,0,730
328198.120653,376009.879864,0,730
327965.046611,375789.666763,0,730
328014.546828,376201.467661,0,730
327918.437298,376050.638603,0,730
328241.34484,376280.793309,0,730
328223.122953,376286.194058,0,730
327985.281396,375407.65122,0,730
328016.696741,375354.628592,0,730
327991.209448,375786.053252,0,730
328133.847934,376202.743595,0,730
328132.058475,376098.776139,0,730
327936.027122,376186.243784,0,730
327881.221769,376048.144132,0,730
327979.035504,375684.301981,0,730
327921.540305,375891.615497,0,730
328029.097228,375901.347562,0,730
328110.51562,375773.53127,0,730
328036.29635,375976.947369,0,730
327959.341088,375254.654534,0,730
328027.856542,375532.859538,0,730
328066.308655,376103.042186,0,730
328152.286147,375765.539525,0,730
328139.824851,375951.377271,0,730
328105.880476,376291.981376,0,730
327882.540289,375829.213064,0,730
328150.867929,376212.781709,0,730
328054.590663,376210.658207,0,730
328176.050621,376165.382457,0,730
328054.62313,376052.540411,0,730
327898.914685,376203.449914,0,730
328181.612067,375905.739645,0,730
327863.772921,375982.764775,0,730
328115.791563,375837.246244,0,730
328034.915471,376219.016206,0,730
327951.669205,376179.154091,0,730
328022.663624,376160.248355,0,730
327856.190254,376121.691587,0,730
327933.217621,376225.878881,0,730
327894.824819,375736.031435,0,730
327979.133167,375594.430426,0,730
327971.802182,375869.869597,0,730
328047.700993,376136.005769,0,730
328051.157812,376122.364368,0,730
327921.547517,376197.922846,0,730
328246.081695,376025.494236,0,730
328173.171869,376283.171027,0,730
328179.376457,376333.138972,0,730
327883.116355,376247.767071,0,730
328096.099624,376274.541508,0,730
328122.549685,376107.969536,0,730
327889.740849,375853.489281,0,730
328023.496645,375686.409632,0,730
327910.11349,376105.604044,0,730
327842.421741,376016.556705,0,730
328031.656083,375824.396953,0,730
327909.519502,376014.699018,0,730
327899.06546,376282.460411,0,730
328045.769856,375883.439623,0,730
327900.915411,376007.445747,0,730
328021.276672,375702.137177,0,730
328141.250628,375778.054033,0,730
328265.502263,376223.270444,0,730
328155.43247,375802.908026,0,730
327969.236142,375300.852369,0,730
328026.737944,375658.934206,0,730
327917.358049,375534.879678,0,730
328019.163428,375469.474489,0,730
328336.392123,376329.109989,0,730
328054.614284,375945.698414,0,730
328092.93954,376167.270251,0,730
328009.096623,375377.535164,0,730
327982.406943,376099.547159,0,730
328232.330583,376200.39863,0,730
328182.196516,376193.741412,0,730
328043.690767,375516.160767,0,730
328183.226138,375943.958446,0,730
327898.919176,376132.182481,0,730
327990.35429,375674.41656,0,730
327970.780192,375608.252741,0,730
328026.3376,375628.025685,0,730
328031.724316,375441.944913,0,730
328229.177708,375999.110488,0,730
327996.841227,375987.719486,0,730
327918.55792,376146.289741,0,730
327883.970137,375863.288381,0,730
328041.505858,375966.053176,0,730
327946.926884,375750.316771,0,730
327944.485617,375548.368603,0,730
328192.404654,376195.293511,0,730
327886.127316,376130.821683,0,730
328133.918397,376151.124368,0,730
327970.021642,376277.258174,0,730
327947.402071,376225.482498,0,730
327859.228495,376265.503921,0,730
328051.296293,376201.137654,0,730
328096.853199,375601.208657,0,730
327888.813585,376164.85827,0,730
328138.767281,376022.440922,0,730
328247.861071,376141.201804,0,730
328039.805867,376051.533009,0,730
328117.087548,376269.964427,0,730
328209.325028,376271.101587,0,730
328100.148459,376013.38899,0,730
328258.438588,376181.921152,0,730
327981.82146,375722.206004,0,730
327951.273997,375544.045368,0,730
328177.119934,376001.681052,0,730
328011.146825,376254.337607,0,730
328212.261929,376062.398307,0,730
328049.498422,376238.061362,0,730
328104.498334,376211.893163,0,730
328062.822434,375844.743343,0,730
328109.038539,375950.860487,0,730
327877.353372,376024.63274,0,730
328158.89894,375893.412345,0,730
327967.182823,375604.552369,0,730
328029.25663,375929.647816,0,730
327985.743499,376177.287452,0,730
327937.54633,375374.346668,0,730
328005.156284,375646.629756,0,730
328031.41504,376069.577886,0,730
328238.09094,376248.229322,0,730
327867.517174,375784.600672,0,730
327881.334029,375976.828658,0,730
328208.697475,376069.579726,0,730
327981.728163,375999.915126,0,730
328016.410622,375568.841267,0,730
327843.159961,376089.975436,0,730
328052.51989,375603.561206,0,730
327903.025286,375770.926275,0,730
328018.702778,376300.116596,0,730
327878.63746,376063.340979,0,730
327967.127939,375326.213815,0,730
328052.446625,375744.374323,0,730
327902.216363,375610.519638,0,730
328096.906743,376005.654321,0,730
328145.006541,376230.985003,0,730
328106.725961,376210.431272,0,730
327996.142643,375617.268259,0,730
328067.02099,375854.075217,0,730
327980.566939,375967.137765,0,730
327988.655005,375668.834789,0,730
328067.799442,376269.579719,0,730
328143.238045,375857.228196,0,730
327937.649869,376204.593375,0,730
328005.74617,376129.804931,0,730
328288.254977,376176.30114,0,730
328028.768583,375841.746241,0,730
328117.842863,376106.945666,0,730
327904.950235,375773.261236,0,730
328061.742093,375929.832585,0,730
328007.323774,376022.919894,0,730
328075.569527,375636.282087,0,730
327979.375719,375402.595781,0,730
328083.141829,375615.965591,0,730
328025.616247,375646.020359,0,730
328231.25054,376090.710358,0,730
327916.99276,375537.433697,0,730
328096.625333,375731.808387,0,730
327939.579794,376174.863359,0,730
327928.728686,376134.749082,0,730
328112.346839,376029.495848,0,730
328113.060743,375792.69449,0,730
327848.866298,376154.572908,0,730
328060.688328,376023.535279,0,730
327996.36636,375316.372569,0,730
328132.844711,376182.786685,0,730
328051.646157,375692.971921,0,730
328031.18818,375510.150705,0,730
328224.319861,375980.87381,0,730
328006.400642,375865.975984,0,730
327951.194956,375284.274137,0,730
328061.126765,376047.748406,0,730
328128.597354,376103.329545,0,730
327856.328873,376260.302196,0,730
328051.130767,376054.009766,0,730
327995.177498,375656.304892,0,730
328057.048594,376160.663569,0,730
327921.68444,375763.569574,0,730
328012.316384,375375.406408,0,730
327969.462805,375858.267322,0,730
328015.936997,375731.58925,0,730
328088.773597,376046.080419,0,730
328159.774084,376008.598111,0,730
327931.232731,376086.229374,0,730
327883.805664,376216.510614,0,730
328121.6165,376194.997135,0,730
327987.854028,375388.275874,0,730
327948.254084,376215.96961,0,730
328003.096794,376056.703506,0,730
327959.995373,375403.937019,0,730
328031.287316,375669.115616,0,730
327967.078651,376027.393307,0,730
327969.130795,375503.187449,0,730
327893.880585,376168.834408,0,730
327868.68016,376269.068464,0,730
328055.587095,375985.882693,0,730
327945.643283,375906.469572,0,730
327944.233864,375577.413592,0,730
328198.182805,376188.436431,0,730
328020.118588,375735.914728,0,730
328213.87888,376083.339037,0,730
328196.154321,375880.60999,0,730
328041.172706,376070.844125,0,730
328062.042604,375650.768068,0,730
327967.829188,375859.103147,0,730
327890.547719,375742.222265,0,730
328277.598016,376334.195363,0,730
328135.600104,375968.839456,0,730
327965.102525,376195.725304,0,730
327983.734922,375464.60304,0,730
328136.253734,375848.45254,0,730
327905.145172,376124.504473,0,730
328029.007044,375779.472151,0,730
328271.080315,376164.627133,0,730
328217.599658,376066.220775,0,730
328147.205888,375835.355352,0,730
328112.846178,375845.571666,0,730
328033.511536,375550.271692,0,730
327980.639651,375994.272123,0,730
327851.512029,376207.810214,0,730
327960.224628,375236.687541,0,730
328242.974386,376027.619223,0,730
328019.505995,375994.987964,0,730
327857.122327,376011.187057,0,730
327990.704938,375493.221945,0,730
327896.811081,375968.114609,0,730
327933.748122,375573.514033,0,730
327909.849792,376021.964238,0,730
328302.624114,376211.150432,0,730
327902.065445,375953.372777,0,730
328278.947184,376233.058807,0,730
327979.19809,375900.962586,0,730
327903.824047,375680.682316,0,730
328132.548784,375754.624955,0,730
328209.347685,376307.897507,0,730
328166.783339,375840.108187,0,730
328155.80499,375932.702962,0,730
328251.881203,376078.540069,0,730
328217.521685,376159.919812,0,730
328155.841268,375975.489195,0,730
327871.919406,376201.662526,0,730
328279.8911,376230.217517,0,730
328298.397504,376248.960895,0,730
328035.796443,375469.96767,0,730
328046.755804,376195.313754,0,730
327966.428908,375574.425718,0,730
328204.229317,375923.029497,0,730
328080.851062,375697.880722,0,730
328050.281628,375876.741883,0,730
328094.98033,375994.585105,0,730
327891.103782,376129.82936,0,730
328159.291881,375804.508832,0,730
327924.074785,375924.624955,0,730
328092.615378,375923.497601,0,730
328282.972351,376184.120144,0,730
328039.272131,376025.622985,0,730
328094.541317,375755.70914,0,730
327847.24079,375916.37962,0,730
327877.557434,375768.966591,0,730
328110.916037,376290.616848,0,730
327965.965615,375350.900564,0,730
327865.795151,376155.156119,0,730
328041.470912,376220.000857,0,730
328164.435653,376160.267228,0,730
328194.437059,376239.153575,0,730
327936.286198,375659.027,0,730
327968.743136,376054.969917,0,730
328182.962517,376025.179845,0,730
328048.746966,375801.283857,0,730
328154.664038,376187.469941,0,730
328105.675608,375953.435579,0,730
328208.436069,376102.365988,0,730
328121.003073,375685.681834,0,730
328173.58188,376050.420904,0,730
327990.379413,376094.632266,0,730
328074.223161,375902.202413,0,730
327925.808175,375876.646364,0,730
327930.780195,375684.618991,0,730
327918.40543,375776.022508,0,730
327913.320188,375766.012896,0,730
328257.204924,376304.239792,0,730
328218.08987,376007.255444,0,730
328163.87578,376073.122443,0,730
328087.693224,376286.102942,0,730
328132.345324,376242.673635,0,730
328037.821445,375651.882851,0,730
327880.47926,376177.996742,0,730
328112.44466,376156.323452,0,730
328083.846009,375925.993723,0,730
328293.372443,376203.801074,0,730
328088.819224,375982.440215,0,730
327886.472224,375953.069102,0,730
327899.201885,375855.330754,0,730
327978.082285,376120.476763,0,730
327870.408346,375979.290206,0,730
328150.704818,375936.400338,0,730
327914.049308,376079.940913,0,730
327912.638836,375816.0451,0,730
327957.161331,376148.697329,0,730
327948.677261,376213.824577,0,730
328045.873477,375828.930812,0,730
327904.904528,375705.041573,0,730
327988.456592,375513.828269,0,730
327976.536927,375847.152462,0,730
328004.356327,375694.376697,0,730
328291.058121,376324.602282,0,730
328071.660383,376053.316901,0,730
328031.918324,375702.243644,0,730
328177.256043,376195.424201,0,730
327960.555425,375801.170137,0,730
328123.695311,375866.166157,0,730
328114.451563,376117.748118,0,730
328135.341815,375756.316281,0,730
327995.990644,375686.445929,0,730
328217.343124,376161.558966,0,730
328120.585366,376284.661368,0,730
328107.709887,375903.838421,0,730
328137.808619,376284.813357,0,730
327930.09146,375633.302513,0,730
327996.848102,375772.654664,0,730
328061.825769,375733.991372,0,730
327990.764125,375907.453741,0,730
327905.480701,376208.185243,0,730
328085.20181,376225.281604,0,730
328160.002362,376120.738838,0,730
327995.09162,375950.46483,0,730
328259.750375,376307.327197,0,730
328039.95108,375887.771151,0,730
328001.957487,375888.50273,0,730
327907.732368,375581.755412,0,730
328113.105556,376145.131296,0,730
327979.699205,376138.190082,0,730
327891.139018,376205.790242,0,730
327940.601765,375719.933622,0,730
327853.068219,376004.890925,0,730
328107.380152,376233.872391,0,730
328058.418983,376124.291986,0,730
327908.174349,375681.421545,0,730
328313.959022,376301.773347,0,730
327931.077058,376123.422893,0,730
328203.305615,376059.44136,0,730
328106.449913,376190.770425,0,730
328010.781741,375455.137071,0,730
327911.858881,376012.68645,0,730
328104.517671,375849.709755,0,730
328028.531326,375522.937052,0,730
328043.948305,375484.130575,0,730
327874.722216,376122.987492,0,730
327876.275789,375765.286728,0,730
328082.996326,375722.677633,0,730
327934.772974,376190.450818,0,730
327986.820036,375777.461884,0,730
327963.377306,375563.391097,0,730
327944.176441,375482.599803,0,730
327972.436299,375601.033344,0,730
328185.658285,376150.478844,0,730
328237.476127,376266.134707,0,730
327984.911235,376040.700224,0,730
328037.470817,376023.200404,0,730
328211.749619,376119.715707,0,730
328011.875693,376243.487438,0,730
327964.683361,375369.319033,0,730
328048.858441,375720.453441,0,730
328000.130297,375766.499029,0,730
328142.593306,376016.683226,0,730
328054.05228,376130.959699,0,730
327966.46013,375262.513001,0,730
328243.574131,376307.653935,0,730
328170.592537,375859.230398,0,730
328094.102754,375993.981449,0,730
328089.098478,375661.668426,0,730
328255.325544,376082.501152,0,730
328219.065095,376215.903351,0,730
327852.369242,376242.247262,0,730
327935.559312,375504.901835,0,730
327993.229893,376028.484616,0,730
328290.739582,376314.689274,0,730
327971.226321,375733.563571,0,730
328174.181427,376148.692601,0,730
328032.964449,376214.694804,0,730
328213.520238,375957.889731,0,730
328026.789913,376232.839459,0,730
328244.964319,376020.040343,0,730
327934.790592,376028.942979,0,730
328078.678785,375563.774336,0,730
328005.115777,376119.497361,0,730
327989.098068,375690.898611,0,730
327924.885926,375613.236333,0,730
328054.110454,375546.616726,0,730
327915.536882,376148.78519,0,730
328102.001266,375744.692224,0,730
327981.029637,376131.535097,0,730
328022.797695,375494.086417,0,730
328046.475935,375457.720652,0,730
327947.779514,375945.675358,0,730
327958.635191,375748.243295,0,730
327948.226589,375732.951989,0,730
328099.614495,376006.986621,0,730
328014.404445,375914.066176,0,730
327888.950457,376282.559825,0,730
327934.480906,376103.109161,0,730
327984.273804,375675.228072,0,730
328002.461523,375896.96299,0,730
327930.186034,375888.608643,0,730
328121.771327,376068.999619,0,730
328135.108152,376268.595318,0,730
328142.254399,375848.194194,0,730
328307.369596,376282.633288,0,730
328048.037954,376297.399353,0,730
328077.335889,375998.505471,0,730
328290.169588,376269.48061,0,730
327940.185363,375973.771063,0,730
328101.468469,375994.455946,0,730
327902.588987,375589.255991,0,730
327941.966166,375692.678179,0,730
327865.078804,375890.019493,0,730
327916.821019,375746.328113,0,730
327989.480553,376079.459767,0,730
328093.176558,376122.734151,0,730
328011.226332,376061.016803,0,730
328173.222953,376058.75532,0,730
328019.910882,375392.177443,0,730
327938.137434,375507.342995,0,730
328268.493403,376248.529973,0,730
327975.13576,375987.388198,0,730
328298.192476,376267.191591,0,730
328031.670227,375453.767222,0,730
327941.421713,376211.64184,0,730
328228.108314,375986.693485,0,730
327964.949963,375682.225033,0,730
328097.335351,375787.441224,0,730
327983.760987,375667.890879,0,730
327913.007393,376010.74192,0,730
327962.938777,376014.923197,0,730
328085.615415,375697.370073,0,730
328112.151886,375903.473264,0,730
328063.482516,375882.827493,0,730
327935.176939,375579.982879,0,730
327987.480811,376214.699414,0,730
327935.933519,375629.245479,0,730
328063.597903,376299.856476,0,730
327955.0867,375858.65651,0,730
328068.852002,375610.868733,0,730
327907.081261,376265.316763,0,730
328026.407889,375483.822035,0,730
327870.576509,375952.695109,0,730
328116.490799,375804.01833,0,730
328105.438967,376235.279175,0,730
327895.781148,376069.053186,0,730
327949.709283,376178.286591,0,730
328142.078666,376185.239388,0,730
328268.265296,376280.73628,0,730
327945.763032,375917.604374,0,730
328029.243418,376019.27858,0,730
327875.326326,376167.958948,0,730
327895.169362,375932.216945,0,730
328088.30364,375780.593401,0,730
328068.959557,375703.088256,0,730
327945.994113,375537.94013,0,730
328215.209737,376096.0969,0,730
328075.540353,376003.233132,0,730
328086.419293,376128.462943,0,730
328074.653012,375634.097577,0,730
327933.529132,375468.47898,0,730
328017.604693,375412.79902,0,730
327964.786448,375469.367506,0,730
328105.921825,376318.040203,0,730
327980.137159,375407.023726,0,730
328107.873915,375876.381249,0,730
328167.038833,376150.325421,0,730
327982.234288,375306.798113,0,730
328026.373231,375941.923212,0,730
328311.531105,376261.521273,0,730
328006.042256,376203.212648,0,730
328058.003557,375940.328433,0,730
328300.961339,376272.255758,0,730
327877.232369,376076.83992,0,730
327981.008867,375575.80721,0,730
328052.142738,376183.951707,0,730
328285.104873,376146.181249,0,730
328060.863723,376044.14132,0,730
327938.725017,375444.910594,0,730
328105.000292,376057.733048,0,730
327978.757391,375534.879475,0,730
328014.736996,376301.391541,0,730
328112.869877,376228.019211,0,730
328268.281539,376331.86199,0,730
327998.839041,375477.439764,0,730
327913.599656,376007.593476,0,730
327972.089637,375255.583951,0,730
328126.185048,375980.541523,0,730
328024.173003,376061.420877,0,730
327964.910969,375534.196809,0,730
327897.190972,375756.385317,0,730
327991.712218,376105.580588,0,730
328115.438884,376224.452752,0,730
328054.148985,375479.653709,0,730
328156.395546,376209.562632,0,730
327975.579124,375831.245737,0,730
328244.958441,376241.281785,0,730
327909.071653,375585.006129,0,730
327906.555032,376087.491786,0,730
328059.727543,376242.229722,0,730
327915.987249,375864.625525,0,730
328088.836805,376299.632735,0,730
328084.41083,375589.634604,0,730
327999.541865,376095.935683,0,730
328210.44255,376080.759066,0,730
328091.174083,375665.401904,0,730
328053.678247,375516.214395,0,730
327862.242648,376010.440531,0,730
328104.154657,376099.753754,0,730
328128.902742,375930.954829,0,730
327916.873502,376229.800539,0,730
328005.063539,375403.675412,0,730
328177.330481,376162.023458,0,730
327882.546124,376269.355904,0,730
328184.604497,376198.806279,0,730
327861.457979,376148.298792,0,730
328026.419507,376134.753471,0,730
328113.412623,375972.975436,0,730
328059.760529,376073.792189,0,730
328137.739213,375979.664983,0,730
327959.883813,375998.243207,0,730
327982.479457,376307.100178,0,730
327959.445243,375824.461835,0,730
328057.673684,375776.070096,0,730
328017.040675,375840.921738,0,730
327854.133346,376275.827855,0,730
328115.094232,375827.038857,0,730
328000.484184,376182.060911,0,730
327975.923746,375379.30236,0,730
328072.393101,375502.391273,0,730
327956.578558,376045.104918,0,730
327928.370945,375947.4091,0,730
328017.81042,375447.53713,0,730
327911.227527,375644.280423,0,730
328093.597589,375886.805799,0,730
327894.06639,375663.997454,0,730
328133.202642,376098.84124,0,730
327989.902907,375944.144842,0,730
327855.088221,376075.141586,0,730
328211.436082,375917.843453,0,730
328002.152343,376068.992194,0,730
328257.314395,376300.57368,0,730
328198.283749,376146.998543,0,730
328064.230168,375495.574675,0,730
328084.907714,375876.024334,0,730
328119.785461,376165.078679,0,730
328192.822738,375898.892314,0,730
327955.946006,375787.668078,0,730
327931.186693,375444.836871,0,730
328021.962566,375969.265308,0,730
327976.969407,376305.054999,0,730
327990.431893,376310.28935,0,730
327967.497204,376047.884636,0,730
328137.545649,375877.987793,0,730
327873.201191,375765.4093,0,730
328026.724344,376087.699871,0,730
328022.272264,376304.236158,0,730
328092.038176,375656.937353,0,730
328072.323326,375528.30655,0,730
327904.099213,375750.89277,0,730
327941.9254,376048.669622,0,730
328178.995125,375975.967362,0,730
328105.318899,375917.373856,0,730
327898.111229,376127.76224,0,730
328022.744833,375366.019066,0,730
327996.594666,375465.347693,0,730
327859.204603,376281.559037,0,730
328177.633758,376216.006558,0,730
327978.360227,375828.326644,0,730
328134.379758,376325.743417,0,730
328133.679133,376239.765078,0,730
327917.777835,375488.098062,0,730
328042.84779,375421.19576,0,730
327968.758133,375283.561021,0,730
328248.602064,376151.410115,0,730
328236.143736,376211.894028,0,730
327971.599262,375455.593589,0,730
328065.225658,375588.779359,0,730
328186.007627,376011.619938,0,730
328130.900284,375806.064676,0,730
327848.624523,375941.136431,0,730
328076.023959,375541.460195,0,730
327903.780852,375965.900335,0,730
328175.39675,375948.507729,0,730
328241.170298,376066.353691,0,730
328049.350994,375979.58732,0,730
327964.404703,376153.387833,0,730
328112.128066,375749.494729,0,730
328274.047902,376195.431878,0,730
327996.660293,375604.024947,0,730
328085.431183,376049.433931,0,730
328093.779185,375921.073649,0,730
328098.714529,375936.068348,0,730
327924.412833,375756.767069,0,730
328139.53323,376292.416526,0,730
328198.560356,376248.63699,0,730
327889.891065,375968.570503,0,730
327919.372442,375769.246268,0,730
327971.569345,375873.281427,0,730
327927.498744,375904.372978,0,730
328076.828206,376312.849477,0,730
328024.365856,376207.810084,0,730
328006.388312,376306.514572,0,730
327944.225348,376265.32815,0,730
328161.56867,375905.046478,0,730
327942.93724,375907.579176,0,730
327882.655908,375992.766525,0,730
328127.671181,375844.395651,0,730
328051.784107,375630.769912,0,730
328006.111415,375508.414703,0,730
328142.791221,376290.575339,0,730
328094.646702,376197.584313,0,730
328043.182056,375745.190979,0,730
328039.852069,375513.908492,0,730
327978.088888,376097.013564,0,730
328055.482493,375600.388834,0,730
328050.901374,376281.979771,0,730
328107.104949,376227.447915,0,730
327990.058657,375738.584031,0,730
328070.610004,375667.716538,0,730
328289.238615,376264.399615,0,730
328231.626074,376106.359341,0,730
327892.509027,375773.537657,0,730
327858.474393,375970.942095,0,730
328012.691893,375930.606501,0,730
327937.691372,376003.292823,0,730
328225.769442,376188.123249,0,730
327869.803261,375865.487043,0,730
328258.843566,376208.634993,0,730
328146.546721,376195.022342,0,730
328052.125037,376305.349093,0,730
327986.421759,375802.935993,0,730
327906.178353,375875.701122,0,730
327978.179309,375307.538913,0,730
328210.192842,375962.765032,0,730
328145.113214,375908.311509,0,730
328199.535064,376228.358244,0,730
327853.582213,375910.799802,0,730
328233.02339,376021.285037,0,730
328248.848208,376122.339998,0,730
327928.21252,375511.524751,0,730
327892.302849,375824.312834,0,730
327946.498569,375486.447173,0,730
328099.743242,375613.044548,0,730
328095.374562,376280.044608,0,730
328040.618589,376016.678294,0,730
328062.161212,375463.788629,0,730
328023.571122,376308.37639,0,730
327927.43133,376068.791495,0,730
327937.033185,375574.961555,0,730
327938.772691,375667.174433,0,730
328190.37324,376308.71473,0,730
328075.505946,376240.482108,15,730
327904.378011,376089.089572,21,730
327931.006986,375440.209648,39,730
328009.579675,375961.228423,46,730
327952.756042,375278.315085,73,730
328139.430409,375790.480617,137,730
327913.636559,376253.8879,178,730
327892.338038,375876.454232,188,730
327919.433293,375613.617758,218,730
327913.636559,376253.8879,225,730
327908.083336,376095.084131,235,730
328121.30065,375974.134548,249,730
328318.843638,376291.057329,253,730
327942.542848,375782.164697,264,730
328047.536826,375677.286066,286,730
327922.129703,375981.468437,295,730
328001.372333,375360.642055,296,730
327988.477256,376132.92805,299,730
328159.762495,376317.532551,318,730
327961.425495,375294.163953,330,730
327957.478869,376170.168747,362,730
328141.429517,376091.309873,393,730
328151.734417,376281.376425,427,730
328240.056598,376031.60301,434,730
328159.762495,376317.532551,446,730
328081.397426,375956.770642,456,730
328106.724189,376021.25334,464,730
328019.14027,376015.242359,468,730
327906.933108,375767.649773,473,730
328145.47664,375953.902698,487,730
328318.843638,376291.057329,495,730
328059.243013,376259.874627,507,730
327892.338038,375876.454232,508,730
328244.309937,376202.974877,529,730
328075.67483,376188.277554,551,730
327971.65589,375351.595197,552,730
327931.006986,375440.209648,554,730
328172.94526,375798.163579,572,730
328252.620807,376329.865962,573,730
328113.565851,375850.024324,576,730
328112.862006,376127.046805,580,730
328027.192195,375756.241108,592,730
327869.934715,375945.193539,595,730
328121.30065,375974.134548,607,730
328067.783827,375573.234388,619,730
328046.910749,376172.329819,628,730
328004.747015,375494.613526,667,730
328210.07244,376013.924888,671,730
327956.84719,376275.116168,686,730
327912.541092,376233.375733,704,730
327974.366049,375465.712229,722,730
328177.754375,376020.72524,728,730
