330555.658343,377229.797122,0,576
330629.507385,377249.011767,0,406
330542.530003,377087.311955,0,730
330547.690649,377333.836225,0,552
330553.120818,377124.844507,0,730
330812.097153,377201.63897,0,701
330655.924366,377077.181599,0,730
330682.895263,377237.536553,0,730
330563.0422,377279.234894,0,730
330559.167366,377289.209664,0,603
330691.106901,377060.621837,0,200
330570.810826,376949.528333,0,730
330721.661973,377247.158067,0,730
330615.793785,377095.14336,0,431
330581.490389,377259.534853,0,355
330605.972335,377101.982457,0,672
330545.935648,377219.494616,0,496
330602.573892,377143.994985,0,730
330768.359117,377145.668707,0,125
330571.561502,376950.558217,0,645
330575.518493,377197.449755,0,451
330720.230772,377176.951889,0,730
330565.288066,377238.364119,0,452
330604.952845,377314.785267,0,730
330570.926246,377285.909144,0,391
330632.369573,377216.210782,0,730
330520.537951,377009.276991,0,730
330614.345878,377230.834205,0,107
330850.151044,377249.140447,0,730
330733.149363,377273.626153,0,630
330557.101048,376958.932743,0,30
330540.523696,377015.567627,0,264
330568.979145,377065.833694,0,730
330833.188628,377242.158615,0,1
330775.005026,377190.743432,0,725
330556.599745,376973.212816,0,730
330593.498027,377128.466055,0,730
330588.132393,377271.809561,0,394
330654.458604,377200.72095,0,279
330575.181457,377257.44404,0,730
330683.080368,377262.515547,0,730
330575.618595,376975.193384,0,511
330702.419102,377304.381189,0,673
330709.579687,377193.013222,0,730
330652.596514,377092.986056,0,730
330627.997994,377166.901171,0,717
330633.556343,377244.900094,0,73
330591.049237,376998.688813,0,619
330822.889162,377298.507696,0,362
330621.610328,376986.331466,0,159
330686.670972,377324.058945,0,730
330722.577684,377293.030571,0,448
330674.498206,377212.748299,0,730
330613.822099,377148.364532,0,10
330658.255471,377232.00006,0,474
330673.882315,377236.240154,0,265
330824.871289,377194.285746,0,371
330688.401141,377296.411991,0,730
330680.744801,377181.120346,0,730
330824.857402,377262.439299,0,730
330858.981852,377254.314501,0,660
330567.338554,377049.062294,0,218
330522.934134,377011.047891,0,616
330684.98195,377241.685207,0,730
330863.183694,377310.375091,0,730
330634.532423,377221.932216,0,683
330741.228853,377192.16077,0,730
330773.003057,377250.461943,0,598
330613.318306,377296.214982,0,730
330879.415145,377241.038793,0,515
330779.924716,377302.643389,0,713
330596.789203,377152.024635,0,730
330766.57983,377266.801945,0,730
330640.434238,377118.269037,0,730
330681.049925,377104.078222,0,544
330567.997043,377302.927567,0,492
330643.935137,377193.532066,0,602
330918.224498,377301.267335,0,730
330544.054337,376975.701607,0,730
330592.133325,376995.199361,0,730
330529.637574,377024.938918,0,557
330549.515781,377275.005578,0,730
330815.336917,377277.930761,0,730
330517.782719,376978.900345,0,644
330519.869886,376959.834851,0,269
330526.708877,377037.935561,0,536
330644.143364,377059.78206,0,210
330804.615911,377315.841152,0,730
330528.593574,376925.739161,0,656
330567.808579,376946.243193,0,288
330605.045781,377083.377017,0,730
330693.989065,377267.3881,0,569
330556.148293,377183.248725,0,730
330903.186387,377300.272551,0,297
330736.408525,377097.85177,0,277
330717.458277,377268.308686,0,730
330674.698341,377154.527663,0,730
330735.348606,377309.333323,0,730
330825.39427,377267.481678,0,730
330645.698921,377232.910637,0,730
330801.198604,377253.32468,0,541
330540.285043,377092.448574,0,730
330765.466698,377263.496416,0,407
330666.371111,377140.042187,0,730
330582.247693,377072.99783,0,340
330635.42691,377174.846973,0,524
330560.158139,376913.844194,0,730
330785.160407,377267.563941,0,292
330678.157393,377121.819499,0,429
330632.503704,376991.164971,0,709
330678.399085,377037.84826,0,479
330661.537143,377107.667229,0,730
330917.448943,377293.976803,0,730
330572.786505,377018.010239,0,484
330540.513682,377057.999563,0,157
330847.093624,377207.479974,0,329
330639.29961,377297.203902,0,730
330618.78003,377253.64292,0,188
330494.211759,376899.042748,0,42
330550.533309,377170.776758,0,730
330659.945066,377247.458848,0,730
330577.029369,377048.236925,0,453
330532.418723,377077.531362,0,368
330593.981572,377260.392039,0,156
330581.596862,377086.04234,0,730
330563.204019,377177.519242,0,730
330805.478561,377308.61419,0,730
330642.538879,377097.474122,0,730
330635.082934,377205.671754,0,291
330592.525438,376983.579736,0,345
330629.494997,377219.151816,0,730
330631.329422,377127.222601,0,730
330520.368857,376922.391942,0,237
330743.307883,377228.425745,0,67
330784.940628,377150.534421,0,413
330619.99581,377060.72242,0,56
330575.708039,377247.489149,0,730
330865.985434,377290.118437,0,670
330652.841415,377097.415061,0,214
330621.710508,377057.868624,0,443
330681.355026,377084.706544,0,57
330648.72169,377216.488835,0,730
330590.279498,377087.749262,0,730
330677.385365,377183.362836,0,730
330590.018376,377202.381293,0,242
330594.095314,377209.597436,0,730
330560.687556,376934.819376,0,195
330605.272368,377033.620531,0,730
330564.104165,377325.248651,0,404
330616.728313,377096.794394,0,490
330676.501319,377169.368385,0,692
330531.173804,377172.316881,0,730
330621.543609,377251.346374,0,730
330608.750619,377119.085015,0,730
330609.762561,377039.478779,0,730
330635.115663,377142.114208,0,730
330559.058362,377311.275739,0,730
330594.622349,377023.845746,0,84
330521.221103,377048.918795,0,150
330590.557447,377301.474065,0,704
330662.784099,377054.852759,0,730
330546.573537,377283.476933,0,259
330599.331678,377263.198491,0,224
330888.870512,377291.914997,0,47
330657.392964,377021.800639,0,600
330530.501339,377048.093493,0,619
330594.450527,377314.818697,0,730
330620.249326,377042.829947,0,730
330515.06014,376884.345703,0,31
330659.759325,377025.659213,0,730
330594.990422,377324.864339,0,395
330648.22497,377040.580827,0,730
330569.40196,377117.588551,0,730
330693.813678,377177.248022,0,615
330738.195427,377174.065194,0,199
330623.820004,377012.917791,0,293
330656.014004,377257.175342,0,527
330545.640933,377213.235261,0,289
330751.396106,377117.267043,0,730
330593.13313,376979.112233,0,26
330536.587465,377253.632972,0,730
330558.632655,377342.237884,0,730
330693.46382,377284.421829,0,484
330528.608922,377097.35854,0,662
330544.093273,377289.961899,0,481
330604.192906,377336.753967,0,730
330765.558667,377302.572149,0,582
330558.680292,377156.098812,0,730
330594.19567,377321.494008,0,560
330824.382361,377247.766994,0,297
330678.350742,377124.835854,0,565
330705.156619,377140.925635,0,730
330677.258946,377327.385177,0,730
330689.642401,377188.08936,0,730
330609.925255,377130.378027,0,730
330548.566238,377177.783303,0,157
330806.045489,377304.560248,0,593
330662.488624,377138.731526,0,659
330850.370859,377260.948145,0,730
330704.652465,377111.639911,0,274
330697.745227,377315.737376,0,623
330514.193534,377031.407242,0,730
330773.391237,377144.934654,0,698
330847.727184,377245.321747,0,730
330596.858825,377162.950781,0,444
330657.825803,377262.988109,0,259
330929.126353,377291.661901,0,730
330525.259538,377086.008282,0,89
330647.845883,377265.510637,0,730
330551.026233,377240.110547,0,730
330712.025094,377257.027895,0,121
330600.350433,377223.64888,0,183
330789.620692,377267.335424,0,630
330721.620863,377319.912803,0,730
330549.356174,376987.90449,0,730
330663.066915,377043.344101,0,556
330839.17158,377232.666822,0,359
330678.99119,377077.605345,0,730
330642.94515,377051.53955,0,730
330606.706641,377182.329327,0,730
330605.021271,377284.528123,0,546
330724.555893,377268.135992,0,730
330784.901791,377208.197121,0,719
330558.655772,377162.615602,0,305
330624.095472,377241.851261,0,730
330580.982817,377043.823116,0,730
330553.529982,377260.50019,0,516
330601.562888,377247.031736,0,276
330573.295676,377118.729977,0,80
330598.110141,376978.448932,0,316
330770.465269,377135.718661,0,283
330774.11868,377312.456136,0,694
330567.518211,377089.531574,0,397
330517.333905,376940.486363,0,730
330648.789947,377222.05768,0,136
330529.526032,377096.225059,0,708
330668.004359,377036.661784,0,585
330598.333079,377130.251883,0,649
330549.023125,377002.928634,0,730
330582.480128,377264.237429,0,47
330715.619203,377185.038467,0,711
330642.247316,377125.858343,0,315
330695.569494,377191.479539,0,730
330524.256131,377128.358249,0,730
330692.780596,377314.699623,0,624
330702.44755,377184.742517,0,503
330523.314421,376954.374021,0,730
330647.920471,377201.822369,0,709
330812.59662,377237.907324,0,583
330874.839538,377248.209434,0,488
330721.133899,377123.978038,0,308
330732.897286,377160.878141,0,601
330610.242559,377246.519525,0,730
330614.750891,377019.600424,0,287
330572.66029,377204.083173,0,730
330763.124623,377169.123224,0,136
330652.588329,377235.427675,0,607
330724.978647,377152.025556,0,675
330886.001896,377258.505711,0,730
330598.692139,377143.355145,0,730
330597.940717,377296.225908,0,8
330674.596521,377113.92963,0,295
330673.990514,377111.605617,0,299
330639.270431,376999.278732,0,730
330593.893646,377266.69938,0,325
330891.392031,377269.780971,0,730
330552.382608,377025.154988,0,189
330746.472686,377184.943703,0,569
330798.880835,377257.417042,0,677
330543.333636,376933.939139,0,246
330690.451355,377152.475138,0,524
330518.950072,377057.926035,0,730
330849.303388,377306.228575,0,621
330601.104374,377267.185712,0,730
330719.0637,377163.648779,0,730
330735.886112,377233.426093,0,684
330561.605048,376924.716851,0,560
330563.866482,376973.749948,0,662
330750.515168,377230.72465,0,730
330729.488655,377266.126935,0,343
330546.674966,377207.187244,0,426
330745.318935,377110.787001,0,439
330555.595347,377118.688731,0,139
330528.461521,377063.674022,0,271
330824.338066,377294.619865,0,222
330562.58742,377032.111036,0,663
330829.220436,377237.237172,0,517
330634.415198,377089.267092,0,553
330537.956641,377202.249385,0,730
330602.118089,377079.187686,0,629
330685.939936,377137.678407,0,466
330528.446623,376901.627871,0,611
330567.132992,377183.165995,0,574
330640.352379,377263.52479,0,730
330738.722472,377315.218628,0,687
330873.592449,377253.105415,0,604
330695.597194,377278.306358,0,730
330594.829816,376980.62316,0,730
330766.868717,377216.032275,0,28
330812.787481,377170.352649,0,639
330598.03828,377088.456911,0,687
330532.324756,377147.690699,0,504
330776.276905,377218.041858,0,461
330598.383953,377216.207143,0,585
330557.104535,376914.881849,0,730
330924.20405,377298.249274,0,625
330639.291409,377118.345596,0,730
330621.921055,377251.120458,0,315
330763.257962,377269.733504,0,176
330615.995023,377306.003996,0,554
330569.018119,377169.463988,0,234
330541.961945,376913.742308,0,657
330788.925089,377305.599121,0,571
330616.090981,377109.010891,0,730
330712.032988,377210.508396,0,730
330676.294419,377120.548312,0,730
330780.299022,377307.36949,0,79
330689.227138,377109.004972,0,525
330629.531029,377319.737083,0,730
330722.419048,377158.922311,0,730
330649.2861,377134.638372,0,180
330789.03141,377175.317454,0,205
330854.035853,377231.644623,0,500
330775.059071,377288.604705,0,727
330676.964562,377181.28133,0,280
330560.289235,377335.00088,0,674
330683.629232,377294.009078,0,730
330578.414123,376983.24733,0,730
330737.656563,377167.63964,0,287
330714.244627,377075.513047,0,674
330535.625452,376943.566861,0,730
330753.096221,377220.484676,0,366
330753.031096,377266.011174,0,730
330641.285329,377186.114312,0,301
330718.904312,377225.59803,0,225
330885.835224,377286.189721,0,12
330679.689351,377058.504096,0,445
330882.733849,377299.942331,0,459
330878.547565,377247.635345,0,730
330571.90801,376997.619222,0,635
330636.924407,377055.389969,0,689
330658.243258,377193.381906,0,730
330561.248085,377176.238343,0,730
330507.592675,376883.157321,0,730
330591.358531,377269.534388,0,730
330579.671502,377157.722638,0,730
330623.196064,377334.425125,0,730
330802.753372,377280.674079,0,184
330572.358701,377098.004881,0,642
330573.580666,377277.481931,0,730
330596.353896,377319.48299,0,730
330649.579509,377297.959724,0,29
330845.404045,377210.364704,0,528
330752.519599,377127.757262,0,730
330623.577273,377137.362537,0,296
330599.991513,377255.895946,0,730
330491.498277,376857.135228,0,620
330672.360595,377238.802736,0,730
330542.317932,377280.794745,0,176
330552.294118,377227.784262,0,477
330710.082583,377102.031495,0,512
330570.751691,377137.371772,0,730
330801.528592,377213.203918,0,586
330586.184161,377313.519368,0,398
330657.945179,377260.734121,0,59
330666.422779,377261.728127,0,723
330745.385473,377301.955263,0,730
330666.006459,377160.16413,0,730
330668.469509,377263.94461,0,730
330560.154794,377167.524477,0,730
330544.973552,377153.712525,0,207
330569.335714,376970.707811,0,375
330646.301166,377051.03034,0,90
330617.204434,377331.25187,0,730
330601.851639,377009.77214,0,730
330681.424137,377191.774861,0,670
330536.427545,376936.139708,0,555
330872.754101,377282.346713,0,113
330693.734779,377108.155132,0,374
330534.754819,377213.979752,0,549
330799.223716,377182.035733,0,473
330565.017126,377154.898977,0,693
330614.996701,377013.694154,0,730
330509.042088,376968.765321,0,712
330732.294643,377305.162957,0,686
330614.069796,376974.703947,0,730
330770.123808,377306.455319,0,730
330591.159184,377315.702305,0,464
330805.881356,377177.430378,0,724
330730.309344,377091.265839,0,730
330839.636483,377260.74208,0,147
330627.550466,376992.732454,0,672
330490.015058,376864.773364,0,491
330552.429528,377265.159717,0,730
330595.086817,377011.811257,0,54
330620.873661,377184.412258,0,730
330547.526733,377327.076267,0,730
330613.656559,377147.033407,0,147
330744.183085,377313.354497,0,59
330709.131788,377227.934549,0,493
330779.360124,377172.435771,0,100
330582.344756,376985.040117,0,595
330689.441271,377121.82865,0,192
330742.557507,377281.320301,0,98
330631.316586,377181.652389,0,730
330749.007455,377226.51869,0,730
330487.716742,376853.627334,0,730
330588.919677,377168.139415,0,730
330685.162854,377176.75071,0,333
330519.686721,376962.415212,0,730
330651.485954,377270.816499,0,228
330504.582615,376932.537374,0,730
330647.204944,377109.2768,0,428
330532.755884,377212.680788,0,572
330904.929531,377294.819165,0,696
330613.990247,377117.881048,0,730
330870.597288,377282.064868,0,730
330580.460172,377186.323568,0,730
330597.199212,377126.796935,0,354
330538.806526,377210.010373,0,730
330550.541943,377199.207485,0,690
330495.406179,376884.549973,0,730
330764.03113,377188.495097,0,258
330906.381772,377302.290978,0,730
330804.233752,377280.759008,0,730
330803.787495,377178.001102,0,376
330763.698298,377160.329208,0,240
330706.654491,377168.453226,0,609
330904.574489,377296.560689,0,730
330536.644252,376980.050384,0,730
330903.548164,377277.906397,0,730
330577.687365,377259.274662,0,309
330591.253261,377277.88718,0,730
330604.457684,377330.917311,0,401
330490.846607,376884.243827,0,730
330540.77369,377266.67572,0,16
330564.364217,377242.138873,0,730
330684.695213,377280.056133,0,433
330562.071172,377278.867464,0,730
330685.206327,377264.940041,0,482
330546.416449,376909.522383,0,730
330885.55618,377296.506978,0,730
330540.633055,377009.903795,0,165
330563.017042,377038.69385,0,119
330580.007163,377150.494285,0,362
330625.055962,377106.073371,0,730
330717.973075,377269.145,0,374
330803.087499,377234.819547,0,694
330697.058923,377128.363656,0,730
330827.747764,377210.780727,0,730
330708.075732,377246.597946,0,624
330519.899056,377043.947771,0,256
330597.724623,377015.245768,0,730
330639.035153,377319.525298,0,5
330646.907973,377245.557475,0,730
330511.325892,376871.782475,0,730
330583.144173,377208.863912,0,690
330613.664431,377073.700341,0,378
330562.176809,377186.229082,0,700
330598.52588,377065.623182,0,730
330542.028905,377233.575386,0,590
330601.258909,377238.996574,0,472
330738.898495,377146.202805,0,478
330654.771346,377098.52176,0,504
330852.746005,377313.224812,0,730
330536.006856,377171.701347,0,730
330664.631974,377216.5665,0,730
330677.431204,377145.116727,0,567
330733.775825,377294.892712,0,730
330813.758954,377238.887282,0,496
330841.989056,377254.686884,0,691
330532.709739,377181.047824,0,298
330569.849345,377098.570291,0,370
330756.960813,377137.591474,0,682
330704.958279,377226.396868,0,334
330644.222534,377194.14844,0,730
330704.150616,377090.943525,0,730
330797.270944,377162.39456,0,692
330752.03812,377284.317248,0,730
330604.320728,377157.238765,0,730
330695.852146,377278.39125,0,730
330705.569223,377271.637862,0,161
330865.687001,377250.39063,0,730
330532.328127,377037.856779,0,730
330686.503452,377208.437098,0,460
330608.455619,377252.190773,0,730
330547.715156,376995.061634,0,730
330645.922038,377273.159357,0,299
330651.693257,377216.250691,0,449
330556.808167,377259.984592,0,730
330750.400387,377219.223427,0,463
330684.689398,377115.580693,0,575
330555.334238,377201.277824,0,730
330709.495187,377077.314859,0,714
330640.114664,377113.324853,0,480
330530.810076,377066.06961,0,730
330646.716981,377278.483533,0,730
330860.038156,377285.62706,0,730
330555.572357,377074.611782,0,730
330594.293421,377090.291021,0,730
330577.029478,377285.885116,0,231
330811.976903,377274.146052,0,350
330841.310012,377207.920258,0,652
330606.71572,377333.358726,0,730
330629.557449,377071.856791,0,132
330709.387055,377189.477405,0,723
330527.538817,376936.536389,0,730
330782.0749,377163.355323,0,676
330829.662362,377267.093408,0,618
330566.753537,377234.53866,0,730
330705.351613,377319.917464,0,730
330648.582833,377331.997724,0,584
330540.540178,377273.496017,0,730
330523.398141,377019.235173,0,730
330561.061323,376983.765229,0,150
330526.192734,377092.68553,0,567
330776.960911,377148.542109,0,730
330544.016214,377095.625437,0,347
330646.642009,377328.088314,0,666
330703.268976,377269.743892,0,671
330708.652581,377129.50951,0,338
330541.143815,376960.095236,0,565
330772.137041,377312.242839,0,284
330650.062299,377166.040647,0,730
330521.123631,376910.610847,0,440
330658.753581,377055.861987,0,209
330918.624504,377298.449183,0,253
330536.236019,376958.8835,0,730
330555.631849,377231.988938,0,730
330794.258316,377308.311162,0,533
330718.940267,377206.971298,0,730
330553.11238,377297.5339,0,610
330522.118384,376916.919229,0,730
330621.063514,377242.836862,0,412
330747.984745,377112.563016,0,130
330770.487269,377144.567673,0,127
330589.544844,377200.799476,0,547
330853.437914,377292.61586,0,730
330611.809346,377293.39338,0,314
330766.793123,377185.201538,0,204
330520.009451,377033.187627,0,330
330602.996442,377058.242524,0,730
330683.489772,377125.815135,0,730
330585.382852,377119.739397,0,280
330667.681092,377118.280825,0,641
330566.827224,377253.618809,0,310
330602.338857,377103.983141,0,730
330695.991911,377308.855834,0,730
330730.922521,377147.233463,0,329
330757.595,377267.943597,0,392
330503.515819,376879.822124,0,730
330667.118425,377259.538326,0,730
330814.820912,377233.126221,0,379
330782.918687,377285.90379,0,730
330791.742168,377189.804121,0,650
330926.673034,377282.648736,0,730
330641.902484,377264.495363,0,558
330639.43031,377031.95938,0,319
330541.611165,377294.722514,0,58
330639.80461,377061.711429,0,713
330735.918435,377308.592687,0,319
330787.800008,377211.316465,0,730
330834.060687,377205.833696,0,542
330628.260667,377124.174257,0,730
330680.577791,377175.705653,0,661
330637.895546,377107.036157,0,617
330582.157958,377114.585508,0,730
330589.94785,377073.73161,0,730
330646.016412,377093.714154,0,730
330499.96739,376871.472536,0,208
330631.652095,377323.454735,0,474
330528.976502,376913.289971,0,722
330813.80482,377284.049843,0,730
330819.238066,377290.887058,0,301
330899.233829,377269.436248,0,423
330649.799001,377209.714374,0,730
330776.91826,377279.30596,0,642
330613.522481,377239.006284,0,652
330758.716908,377127.916371,0,730
330581.111663,377078.429469,0,730
330674.138703,377259.647237,0,730
330842.445835,377308.810865,0,689
330839.86865,377235.806834,0,530
330500.160425,376870.290414,0,246
330675.558468,377033.963284,0,143
330683.146425,377204.832049,0,485
330853.121714,377251.157648,0,420
330865.185685,377236.482485,0,636
330728.512284,377163.684961,0,730
330719.748398,377106.615714,0,532
330727.008903,377126.808312,0,225
330849.598997,377306.218459,0,702
330757.650969,377190.49192,0,730
330691.63752,377271.572856,0,730
330659.474753,377093.995897,0,320
330888.525868,377306.070152,0,598
330773.708246,377221.378853,0,334
330777.814072,377218.710448,0,715
330595.673871,377326.07966,0,282
330642.998232,377029.518672,0,584
330847.26888,377220.861599,0,505
330508.994794,376992.077081,0,730
330531.401746,377059.746839,0,407
330650.951293,377239.241411,0,416
330885.972075,377304.904156,0,730
330545.961811,377006.424316,0,730
330727.907614,377097.965501,0,697
330710.807361,377088.965011,0,550
330546.636346,377256.373942,0,589
330688.014217,377288.900608,0,495
330613.353605,377196.319661,0,730
330679.276406,377038.068804,0,730
330686.931236,377279.39422,0,580
330567.139095,377324.601823,0,729
330681.936772,377139.583287,0,730
330580.940541,377098.428098,0,226
330641.849543,377165.744833,0,166
330725.502831,377275.745877,0,441
330670.026595,377235.121199,0,730
330606.26398,377059.631915,0,646
330752.87094,377228.610237,0,172
330588.124588,377134.206115,0,667
330735.706752,377234.052873,0,730
330705.682719,377078.730193,0,730
330577.735846,377331.02662,0,421
330779.3853,377220.900314,0,729
330531.679844,376914.256602,0,581
330857.432504,377287.97706,0,730
330493.946697,376865.741805,0,711
330749.472874,377226.825149,0,28
330570.861248,377094.917213,0,90
330593.726609,377174.53232,0,730
330789.229216,377170.779015,0,379
330557.575936,377284.998274,0,634
330679.831837,377212.164103,0,501
330813.085617,377185.794269,0,617
330541.165363,377176.202916,0,401
330880.09844,377308.339281,0,730
330646.999445,377189.566024,0,730
330905.446086,377292.376307,0,730
330587.119652,377244.629627,0,730
330630.73307,377192.413483,0,113
330649.396942,377256.782046,0,730
330772.441323,377167.480397,0,730
330715.393914,377291.604106,0,110
330516.156931,377082.483544,0,730
330575.086881,377136.495558,0,730
330864.983287,377271.394267,0,502
330666.005049,377038.832193,0,196
330866.508074,377292.808633,0,730
330687.94142,377128.452455,0,730
330611.528179,377237.215068,0,730
330539.693507,376907.329702,0,576
330640.664726,377302.662423,0,730
330894.182724,377263.281766,0,518
330546.947262,377265.179597,0,256
330655.524431,377052.277683,0,730
330855.47264,377269.957049,0,608
330550.58175,377083.996786,0,40
330729.149275,377239.624808,0,730
330642.615793,377141.202945,0,534
330795.815987,377253.843566,0,17
330631.566103,377118.742128,0,399
330833.097999,377212.523494,0,232
330749.38697,377159.319562,0,466
330809.244509,377208.077901,0,730
330624.382557,377140.876522,0,730
330637.815567,376999.152824,0,643
330554.288941,376945.320146,0,538
330613.311506,377113.303027,0,428
330866.599349,377237.412434,0,445
330878.14817,377269.896185,0,730
330769.750988,377166.687192,0,220
330514.649166,377003.024891,0,587
330496.541076,376919.37561,0,695
330751.170685,377178.925444,0,730
330564.399447,377011.596947,0,730
330588.509379,377254.983808,0,613
330688.307283,377232.81029,0,629
330714.568229,377075.379557,0,730
330655.930102,377262.997328,0,494
330670.923292,377180.396566,0,730
330580.951993,377237.921085,0,367
330657.071559,377115.390893,0,653
330555.542709,377085.179925,0,438
330521.05545,377085.938519,0,730
330648.671415,377308.959645,0,661
330645.506484,377146.58867,0,730
330526.286591,376985.929647,0,730
330496.780513,376924.765269,0,730
330743.66655,377299.273251,0,239
330536.348217,376975.9791,0,730
330832.999493,377212.764185,0,730
330926.861432,377289.205758,0,730
330750.200373,377123.571619,0,730
330651.449386,377158.912005,0,730
330557.570218,377086.965598,0,730
330742.588077,377232.857304,0,632
330818.946878,377311.900601,0,501
330668.85266,377096.887437,0,518
330709.4571,377121.309487,0,730
330553.342996,377160.338572,0,261
330814.100554,377239.07894,0,664
330692.956247,377085.471025,0,685
330684.488198,377202.234147,0,571
330538.955631,377253.832234,0,730
330729.309648,377197.463127,0,332
330554.366455,377036.497893,0,730
330537.558002,377001.967336,0,399
330502.29923,376896.423927,0,730
330684.824858,377053.89182,0,730
330677.325058,377063.623848,0,728
330653.204717,377204.28991,0,730
330549.802839,377196.578598,0,730
330638.439036,377121.601925,0,725
330861.564462,377254.43689,0,730
330705.84482,377297.883465,0,730
330623.979645,377228.01808,0,581
330561.994734,377316.671741,0,730
330749.452586,377141.512419,0,63
330798.854987,377245.839908,0,730
330713.168317,377088.595809,0,730
330608.791359,377315.473175,0,205
330719.280622,377242.869045,0,730
330612.39264,376991.77108,0,669
330635.476067,377180.420735,0,730
330515.450569,376882.266123,0,440
330563.898558,377271.271052,0,730
330649.483814,377180.292558,0,730
330590.508428,377146.373136,0,730
330618.23468,377002.248824,0,468
330587.629707,377168.849802,0,730
330577.327947,377259.074312,0,730
330816.038446,377276.880075,0,385
330700.390598,377138.088651,0,541
330704.81304,377235.575907,0,730
330661.070317,377240.256737,0,513
330611.020709,377261.09256,0,311
330623.378513,377234.16207,0,120
330722.364299,377288.889889,0,342
330534.916638,377030.968066,0,404
330716.619932,377276.336405,0,408
330567.50786,376922.186554,0,730
330700.241884,377129.321085,0,307
330640.819896,377009.312854,0,249
330564.57542,377294.173,0,730
330814.91748,377251.614153,0,13
330885.507331,377297.65403,0,278
330782.198205,377140.458925,0,730
330559.406257,377335.040521,0,730
330559.280291,377260.53062,0,419
330784.654861,377172.07657,0,730
330546.136574,377125.479922,0,730
330797.201182,377196.340567,0,339
330809.145829,377206.033033,0,435
330587.83104,376990.00018,0,730
330675.215795,377213.280436,0,76
330752.139219,377125.104128,0,730
330509.402996,377012.63042,0,175
330609.59837,377041.303405,0,480
330671.762279,377319.315008,0,730
330606.125975,376971.663579,0,730
330759.662402,377255.782594,0,63
330728.595193,377205.878708,0,730
330869.640064,377246.587306,0,626
330634.192253,377283.12527,0,730
330875.029401,377293.124852,0,403
330638.242234,377189.868858,0,599
330757.46872,377251.620161,0,447
330505.950791,376858.306497,0,365
330655.129106,377062.971777,0,728
330872.433491,377288.812125,0,730
330495.340852,376857.424286,0,730
330592.933012,377235.318574,0,669
330828.896405,377312.191658,0,730
330652.723155,377148.434422,0,730
330612.345304,376981.14738,0,331
330626.665512,377230.153557,0,730
330591.597431,377237.095981,0,540
330640.845718,377304.522847,0,372
330517.117875,376997.383066,0,668
330554.793978,377016.61867,0,681
330610.36884,377042.835088,0,730
330628.301632,377336.619679,0,677
330663.817472,377045.70908,0,525
330799.877196,377275.955261,0,730
330553.65298,377317.528398,0,309
330811.022104,377277.620238,0,730
330585.524992,376940.821651,0,730
330552.992499,377303.644515,0,521
330823.339092,377282.015477,0,275
330661.188947,377328.762364,0,697
330578.071772,377240.176884,0,574
330653.799013,377162.052954,0,647
330623.132556,377131.505834,0,41
330760.034152,377297.606134,0,360
330552.810407,377307.475273,0,235
330568.391264,376929.693117,0,622
330662.272057,377257.282853,0,730
330617.916159,377100.560664,0,730
330665.039347,377130.644129,0,457
330598.489851,377213.792877,0,423
330837.410519,377243.619254,0,554
330534.214442,377087.031672,0,730
330683.244614,377094.888053,0,730
330593.454363,376976.472342,0,730
330574.947199,377272.760949,0,730
330671.942416,377084.120216,0,294
330833.513081,377217.942038,0,730
330803.856667,377232.321578,0,275
330582.967751,377206.400664,0,543
330610.245852,376982.827736,0,145
330559.210876,376957.663575,0,250
330551.459922,377219.71168,0,93
330584.089918,377139.482794,0,328
330537.713532,377138.592943,0,684
330602.554203,377227.100694,0,540
330584.479687,376970.575656,0,344
330590.554805,376979.134645,0,411
330705.289334,377298.524544,0,211
330553.355075,377072.020418,0,730
330566.951525,377147.825007,0,730
330703.52876,377069.819946,0,202
330718.650079,377079.136584,0,14
330586.336968,377016.622175,0,97
330626.258753,377185.490191,0,437
330594.493882,377146.0021,0,730
330529.081397,377027.47451,0,730
330488.727546,376850.316794,0,208
330522.900505,377037.79204,0,646
330583.069118,376951.694924,0,277
330819.474131,377197.691324,0,356
330609.256092,377201.424541,0,239
330581.454482,377087.660569,0,519
330589.563209,377310.980903,0,665
330584.929055,377103.762132,0,415
330634.507341,377266.485259,0,172
330608.459549,377300.411622,0,45
330506.8769,376994.856253,0,241
330607.620151,377062.974776,0,54
330795.779674,377210.155696,0,346
330778.927851,377237.974684,0,730
330567.73971,377110.090409,0,125
330558.273417,377085.714998,0,142
330669.435607,377286.348284,0,388
330606.341308,377135.383737,0,730
330575.854732,377125.673431,0,358
330695.122202,377155.047375,0,327
330652.766994,377152.309229,0,343
330581.175252,377055.787994,0,37
330770.223896,377293.020348,0,730
330556.896532,377070.563822,0,593
330707.848747,377238.402601,0,710
330604.167824,377181.542239,0,668
330568.040704,377300.449743,0,730
330590.46173,377332.353885,0,604
330618.144758,377245.514175,0,730
330818.623834,377306.875771,0,730
330773.025486,377304.193873,0,578
330547.416314,377308.263373,0,602
330729.593685,377099.746567,0,716
330575.041827,377290.668551,0,43
330629.6279,377007.147373,0,730
330687.902511,377132.409675,0,730
330731.756119,377134.173293,0,730
330627.532917,377334.562205,0,726
330730.863471,377277.924018,0,675
330727.361451,377178.850567,0,267
330531.367181,377197.539507,0,730
330554.421469,377256.021417,0,730
330642.562404,377061.121156,0,363
330752.677327,377167.698483,0,730
330637.013037,377208.756206,0,493
330756.720586,377128.411077,0,730
330689.84715,377130.101673,0,730
330685.45265,377155.603594,0,393
330685.491595,377073.75413,0,103
330756.354333,377193.406555,0,730
330605.388645,377182.01312,0,131
330674.844014,377064.212181,0,730
330704.119566,377062.656544,0,458
330553.515036,377146.159691,0,231
330675.02128,377186.929857,0,730
330568.775557,376989.930145,0,349
330643.704268,377235.554853,0,730
330752.827114,377277.880764,0,425
330648.894992,377313.184513,0,151
330551.220112,376936.324404,0,730
330824.650151,377210.086325,0,730
330705.429253,377146.880231,0,730
330762.230148,377217.954126,0,115
330578.907916,376994.502513,0,634
330828.462065,377194.247903,0,730
330853.863322,377251.570729,0,730
330497.442177,376891.734392,0,730
330785.707532,377240.41285,0,730
330521.013667,376881.316194,0,730
330752.57809,377144.803712,0,693
330669.710902,377242.204655,0,140
330592.659225,377290.883824,0,124
330578.575229,377328.669929,0,730
330589.325401,377120.320839,0,187
330886.491797,377279.868377,0,614
330616.301995,377305.139107,0,171
330578.052198,377210.230595,0,730
330767.847653,377171.234706,0,410
330539.201935,376916.546187,0,419
330648.96096,377263.31359,0,572
330713.589991,377109.027613,0,730
330653.431189,377236.231344,0,129
330639.481992,377313.855536,0,566
330603.870598,377264.00884,0,322
330771.234591,377189.047447,0,726
330550.598372,377243.825651,0,316
330510.235269,376895.55495,0,730
330719.19792,377125.39167,0,432
330609.157611,377093.085014,0,73
330899.965977,377298.06145,0,640
330667.478821,377140.786318,0,730
330771.703546,377241.502174,0,637
330769.946572,377288.05894,0,730
330591.376194,377117.399898,0,111
330691.047421,377219.708276,0,730
330777.6871,377228.391268,0,452
330810.526901,377288.077968,0,96
330570.687468,376934.303488,0,548
330840.027146,377198.866485,0,413
330752.613679,377195.501381,0,236
330724.821226,377256.764097,0,651
330810.128867,377227.123051,0,381
330520.713928,377039.331939,0,730
330564.044414,377115.791343,0,526
330695.256465,377270.255103,0,24
330673.106725,377064.52901,0,304
330645.482918,377036.15374,0,588
330526.210785,377108.467086,0,730
330743.428688,377254.520085,0,202
330795.078999,377266.012198,0,550
330560.081824,376968.03217,0,605
330547.264486,376932.78458,0,97
330662.496541,377264.890554,0,730
330757.327173,377138.550404,0,173
330888.335497,377259.162437,0,730
330719.277244,377273.621789,0,730
330717.258124,377099.687024,0,25
330695.087164,377267.18069,0,521
330878.907845,377274.379734,0,730
330595.365208,377246.099559,0,588
330663.701932,377077.527029,0,730
330626.180474,377285.122981,0,721
330547.705231,377321.208331,0,183
330550.297271,377316.513465,0,707
330729.142088,377187.390064,0,292
330647.743767,377251.01736,0,730
330645.599273,377321.226701,0,730
330599.255358,377009.803614,0,214
330583.223137,377332.722004,0,577
330684.996202,377136.178014,0,730
330755.255885,377126.229916,0,730
330581.843206,377312.476158,0,730
330565.465549,377044.122558,0,38
330567.900402,377114.93747,0,323
330592.058911,377286.935719,0,730
330660.926957,377256.518646,0,179
330930.75185,377294.218582,0,337
330667.672188,377208.31866,0,730
330710.012382,377241.945449,0,730
330607.184491,377138.580852,0,137
330662.120372,377085.641956,0,564
330789.372804,377190.62024,0,730
330644.25149,377182.919317,0,471
330678.478534,377044.28596,0,31
330860.980063,377257.428718,0,645
330558.123042,377105.328532,0,730
330758.659359,377183.746916,0,86
330647.641536,377322.674466,0,425
330550.435582,377183.575326,0,730
330641.951086,377199.934283,0,730
330711.780959,377109.580538,0,730
330632.669707,377300.051454,0,382
330676.706644,377062.091485,0,650
330748.011448,377229.048548,0,730
330581.86032,377019.738204,0,252
330589.762299,377080.73464,0,730
330746.73175,377126.812175,0,730
330840.873972,377262.566689,0,539
330559.236969,377298.945989,0,44
330691.658772,377084.685133,0,427
330615.841675,377214.762778,0,730
330542.801866,376900.158695,0,638
330520.931982,376871.010759,0,730
330773.442808,377297.794734,0,506
330632.390954,377172.906883,0,730
330801.716258,377265.946533,0,730
330667.895103,377132.014805,0,375
330701.04509,377193.870869,0,339
330714.631714,377177.933278,0,644
330583.553097,377031.500495,0,730
330744.254352,377135.992377,0,730
330639.938869,377262.940571,0,730
330920.531186,377292.799581,0,730
330520.347072,377081.153199,0,730
330666.903682,377330.507176,0,730
330797.675896,377265.756391,0,638
330589.742869,376982.681833,0,730
330668.662795,377128.786291,0,409
330683.959659,377267.33373,0,2
330681.779211,377229.411495,0,730
330743.209443,377142.181208,0,730
330598.650933,377243.836741,0,663
330683.633196,377222.857782,0,148
330555.252897,376913.664223,0,573
330664.389856,377085.781866,0,702
330519.784081,377091.641089,0,730
330625.644012,377124.589922,0,721
330658.233124,377233.641625,0,444
330589.822146,377219.805849,0,730
330588.073841,377273.320932,0,730
330565.641508,377166.070557,0,730
330671.578725,377285.681199,0,528
330674.260157,377195.709307,0,128
330501.859539,376934.268038,0,730
330731.770465,377151.670734,0,24
330563.359726,377096.978142,0,706
330910.265282,377292.058372,0,568
330827.793155,377297.600314,0,730
330530.465213,377103.759241,0,730
330575.008571,377264.824052,0,730
330721.818841,377277.467223,0,376
330759.085967,377117.730154,0,290
330694.432108,377186.893058,0,591
330734.657466,377140.003902,0,229
330548.311337,377319.338895,0,730
330509.550745,376983.209752,0,390
330605.611892,376994.572752,0,730
330578.988577,376988.091178,0,730
330669.810567,377050.449135,0,483
330874.185368,377292.038277,0,717
330783.48234,377177.164874,0,730
330677.2962,377205.031878,0,555
330788.109652,377151.419199,0,730
330636.830733,377032.483298,0,730
330555.026885,376936.535205,0,730
330727.878984,377192.824303,0,91
330851.103973,377212.59924,0,562
330630.230121,377319.117657,0,627
330693.778555,377081.607998,0,512
330611.40039,377216.782268,0,454
330515.54327,376866.984111,0,730
330709.471299,377206.681013,0,730
330606.877994,376976.120795,0,305
330544.030523,377220.44756,0,730
330569.254512,377276.985828,0,614
330730.222617,377177.107556,0,68
330706.374032,377210.915111,0,464
330823.73799,377314.224136,0,730
330684.90217,377188.241187,0,409
330632.321249,377071.384114,0,730
330544.529044,376980.272615,0,730
330607.897149,377239.085027,0,594
330598.133737,377036.432578,0,174
330750.3058,377266.294088,0,190
330802.080957,377303.065166,0,730
330711.957742,377124.710849,0,730
330812.467036,377290.175042,0,679
330683.24138,377150.133377,0,730
330719.412788,377111.117167,0,450
330626.917614,377285.086027,0,730
330835.580762,377246.089107,0,730
330623.108978,377290.905259,0,730
330517.781126,376882.023804,0,730
330726.05109,377121.080817,0,730
330716.291248,377177.202728,0,730
330688.612004,377197.023674,0,730
330488.104318,376838.484962,0,730
330711.916734,377315.598574,0,730
330772.771024,377301.441275,0,307
330854.983191,377310.346883,0,591
330594.295264,377024.114458,0,654
330609.779103,377119.870309,0,570
330544.726029,377011.449749,0,561
330925.010235,377286.365316,0,559
330710.665354,377094.835549,0,730
330540.693126,376938.482113,0,358
330570.566139,376964.627929,0,608
330653.426296,377026.154289,0,730
330569.074077,377246.749449,0,718
330609.128327,377076.57,0,535
330765.141361,377133.696467,0,730
330689.278973,377259.719673,0,248
330669.592508,377118.641911,0,730
330616.917002,377283.179112,0,730
330533.278096,376912.831434,0,296
330520.315205,377067.817808,0,730
330574.18638,377020.116822,0,449
330542.412634,377071.524596,0,730
330579.325312,377172.414842,0,730
330838.506919,377304.535869,0,730
330567.282518,377041.151929,0,730
330663.739016,377049.063263,0,300
330544.853758,377056.129793,0,730
330551.09389,376906.626795,0,486
330511.997726,376888.699844,0,730
330535.927836,376947.970835,0,373
330712.955547,377184.68298,0,170
330846.242299,377304.543048,0,730
330700.591442,377222.025674,0,278
330768.069643,377257.597962,0,730
330548.028315,377124.679728,0,730
330779.182589,377265.819369,0,730
330546.92187,377114.198351,0,228
330710.838657,377097.160399,0,654
330660.640189,377160.452931,0,730
330588.63959,377253.191704,0,730
330535.585546,376926.229601,0,222
330762.703295,377218.919509,0,553
330692.724236,377298.711881,0,730
330744.039357,377262.92772,0,373
330805.995981,377174.673107,0,730
330647.482689,377155.177208,0,535
330643.380566,377300.841079,0,730
330833.821228,377250.275743,0,730
330573.829609,376945.3975,0,660
330736.722334,377313.992477,0,730
330697.165552,377264.900551,0,730
330535.976065,377080.741747,0,488
330580.394528,377062.633715,0,583
330735.670127,377121.851236,0,416
330814.81639,377274.096946,0,422
330658.214695,377109.153109,0,475
330650.027412,377326.255591,0,261
330595.090889,377078.808115,0,461
330690.474624,377243.356262,0,730
330635.923496,377289.572481,0,380
330698.555028,377324.024342,0,187
330740.498013,377145.721183,0,730
330777.982727,377196.969383,0,730
330499.882644,376951.518412,0,465
330763.144419,377252.723386,0,730
330813.756983,377271.771191,0,730
330712.469878,377274.277256,0,730
330560.226252,377242.306011,0,470
330685.524411,377122.682127,0,730
330575.160192,377290.212377,0,529
330555.275202,377218.383172,0,730
330513.409816,376874.885016,0,730
330773.497083,377242.775517,0,191
330572.519911,377090.411631,0,730
330551.061764,377019.239837,0,414
330544.341084,377194.66782,0,338
330680.813314,377295.390412,0,7
330700.00013,377301.329703,0,381
330514.801172,376994.529381,0,730
330552.205596,377322.750454,0,417
330856.478934,377291.741784,0,679
330564.063971,377166.469421,0,730
330701.333772,377172.72148,0,537
330595.962425,377208.867161,0,730
330581.492469,377117.046036,0,313
330714.572189,377177.382671,0,498
330593.358457,377010.71441,0,367
330609.977681,377280.135185,0,730
330632.915547,377245.515025,0,730
330655.2005,377169.101581,0,730
330671.668633,377267.885443,0,730
330618.708515,377258.395812,0,116
330580.884074,377033.786235,0,730
330773.125706,377278.321755,0,116
330813.531292,377257.27548,0,92
330765.570222,377216.613775,0,730
330891.208815,377262.336189,0,730
330604.644231,377108.057015,0,622
330570.765595,377225.631149,0,730
330707.910657,377262.100245,0,730
330909.445482,377282.466997,0,507
330697.807998,377301.327942,0,707
330588.431176,377074.132373,0,492
330724.412163,377095.539382,0,730
330614.50454,377263.501215,0,730
330927.989034,377304.886766,0,730
330737.45798,377157.601502,0,101
330638.861807,377057.183093,0,730
330664.81936,377145.043531,0,730
330521.375119,376907.453595,0,730
330519.405758,376957.359825,0,430
330817.381755,377249.382087,0,730
330810.260248,377176.304595,0,730
330832.98757,377292.007122,0,730
330566.602596,377029.341109,0,129
330613.365246,377117.218352,0,469
330609.662603,377117.872145,0,730
330756.329423,377167.366483,0,730
330719.110672,377230.933507,0,730
330706.939946,377246.854898,0,357
330555.517203,377164.466957,0,730
330788.260286,377187.228328,0,193
330741.393097,377137.554838,0,730
330871.282978,377253.885238,0,730
330597.300601,377109.371482,0,696
330597.543275,377260.852659,0,67
330684.588543,377232.143469,0,312
330694.986183,377092.682858,0,94
330577.24975,377019.830008,0,730
330560.515748,377065.729224,0,75
330582.104428,377105.581308,0,678
330855.173366,377242.229608,0,730
330834.847492,377272.421875,0,291
330778.620713,377190.780831,0,730
330782.99387,377281.441055,0,730
330639.447719,377190.225498,0,730
330703.624225,377136.102123,0,486
330542.605346,377016.073963,0,609
330576.919548,376961.401534,0,639
330506.491344,376910.233823,0,217
330723.10313,377193.547103,0,267
330523.222927,377053.216726,0,730
330606.594831,377102.486816,0,612
330644.812122,377262.01087,0,606
330700.820874,377275.777204,0,229
330616.388575,377129.44163,0,730
330772.306628,377203.101625,0,730
330911.459049,377302.382034,0,520
330628.73216,377209.874069,0,632
330540.152011,376961.210419,0,730
330767.451792,377214.646728,0,382
330635.5192,377151.247333,0,467
330524.805114,376998.569556,0,254
330634.634451,377228.22587,0,730
330569.456795,377228.58938,0,420
330601.021619,377139.618039,0,730
330555.619106,377168.423963,0,704
330580.142159,377264.029502,0,118
330674.151421,377238.814853,0,730
330632.175166,377205.196179,0,386
330728.516749,377126.958366,0,730
330713.36914,377233.676824,0,730
330713.587754,377088.282532,0,378
330591.008541,377166.256364,0,478
330705.210452,377074.050454,0,730
330560.124914,377081.779215,0,730
330834.027578,377290.59499,0,730
330613.619683,377292.281766,0,547
330527.71745,377170.118675,0,531
330855.65862,377214.260672,0,730
330759.652093,377306.057068,0,196
330585.093279,377075.576209,0,730
330774.743992,377287.220684,0,298
330524.883325,376874.395418,0,730
330570.594011,377313.898999,0,389
330717.684084,377200.081464,0,730
330647.299988,377063.04741,0,148
330677.270479,377254.4404,0,77
330580.24335,377214.24197,0,730
330536.8924,377103.883419,0,683
330775.360856,377248.613233,0,730
330628.184021,377084.95689,0,32
330710.875269,377317.509367,0,485
330864.716037,377304.362329,0,579
330530.500698,377008.508018,0,600
330502.166029,376962.256158,0,730
330896.318854,377285.107585,0,126
330650.443644,377208.868982,0,459
330594.089851,377247.324943,0,586
330672.503554,377109.341852,0,317
330588.453296,377176.906601,0,628
330551.895358,376985.51611,0,510
330567.731656,377212.703078,0,625
330751.392375,377269.059552,0,724
330787.025103,377309.995135,0,94
330825.852861,377256.156976,0,715
330635.434415,377119.433978,0,706
330836.508127,377222.562424,0,23
330706.120166,377300.021558,0,561
330537.882808,377223.736007,0,279
330784.537376,377202.558267,0,544
330726.27447,377284.343689,0,405
330774.213002,377262.448048,0,730
330500.770002,376876.391123,0,599
330661.726604,377328.521475,0,402
330770.949617,377269.391866,0,730
330554.236751,377259.352581,0,730
330568.477005,377138.131588,0,167
330690.75306,377138.392255,0,730
330611.345185,377092.983039,0,730
330533.697899,377090.064904,0,649
330553.691689,377261.819698,0,730
330572.096355,377269.981779,0,390
330659.107534,377133.672169,0,730
330658.774089,377242.508597,0,730
330644.186778,377084.346142,0,730
330650.533556,377141.924715,0,513
330662.53027,377288.84589,0,730
330884.198689,377301.257566,0,392
330768.01373,377214.255897,0,394
330788.151912,377183.802529,0,123
330608.475954,377257.67733,0,730
330585.242183,377156.830768,0,391
330522.973605,377069.175165,0,232
330667.111194,377029.213362,0,730
330566.894977,377208.336297,0,499
330690.299023,377067.856677,0,730
330566.040984,376995.001594,0,730
330529.81455,376942.815686,0,510
330510.432206,376864.907796,0,597
330645.468892,377311.130373,0,641
330639.695489,377227.54248,0,511
330535.64509,377206.814452,0,655
330543.677381,377198.722459,0,685
330724.820465,377126.74165,0,341
330722.445731,377141.194129,0,730
330813.088189,377315.913272,0,523
330679.156049,377079.770577,0,580
330636.334923,377221.514765,0,730
330538.910771,377211.423908,0,720
330529.856647,376913.862573,0,383
330862.389944,377265.138935,0,730
330542.80413,377149.880916,0,730
330537.504592,376977.873309,0,611
330770.358194,377274.651975,0,579
330774.729677,377163.104804,0,730
330848.193555,377290.194596,0,563
330682.589048,377143.476661,0,526
330609.914968,377167.592012,0,446
330604.098338,377332.363127,0,596
330514.160409,377003.533436,0,705
330804.843782,377197.539737,0,730
330734.694521,377204.185633,0,44
330820.089686,377202.786802,0,730
330600.350595,377324.355535,0,455
330533.741782,376885.965319,0,589
330836.081651,377193.498654,0,719
330814.231342,377226.149435,0,51
330791.347259,377259.406803,0,666
330511.816462,376978.602445,0,603
330625.273298,377267.013011,0,700
330658.791569,377267.109019,0,730
330630.135032,377040.062262,0,730
330559.175922,376996.696893,0,667
330691.021708,377312.788755,0,730
330569.60062,377160.610326,0,730
330650.816227,377306.450679,0,50
330604.996227,377183.068734,0,730
330630.872089,377273.052114,0,730
330561.537952,376956.447254,0,597
330633.191363,377022.748067,0,730
330504.966156,376884.20712,0,730
330593.561505,377160.909151,0,648
330662.434621,377172.964954,0,117
330635.498731,377259.450464,0,730
330695.495028,377272.419559,0,730
330545.526156,377027.682202,0,454
330730.305608,377231.970788,0,49
330855.397664,377277.87083,0,730
330679.38487,377189.66223,0,327
330689.980528,377219.58118,0,730
330521.417606,376887.861732,0,710
330545.55161,377286.357979,0,730
330622.282335,377024.35219,0,730
330745.194001,377110.834427,0,673
330726.730744,377195.186603,0,241
330776.225505,377317.622098,0,210
330642.809011,377035.76676,0,4
330638.366428,377217.563652,0,377
330625.437787,376991.331319,0,112
330834.710484,377224.819023,0,730
330707.994229,377244.988571,0,575
330854.935209,377211.124923,0,519
330594.994212,377054.677068,0,132
330550.465765,376942.223715,0,730
330656.263603,377238.296661,0,730
330599.15829,377245.520308,0,446
330746.691837,377131.198142,0,730
330629.914369,376992.920924,0,456
330803.2471,377263.087129,0,538
330892.296853,377299.262071,0,730
330693.467152,377093.381207,0,730
330645.117035,377175.26948,0,545
330740.537655,377276.111971,0,507
330645.135108,377162.578622,0,730
330777.822127,377254.999027,0,636
330514.228051,377059.569647,0,730
330707.093175,377206.523232,0,360
330634.587452,377024.243249,0,491
330708.903589,377129.223518,0,730
330853.833352,377268.429978,0,730
330790.043356,377164.465442,0,730
330712.711611,377206.701688,0,153
330664.220038,377249.618239,0,637
330680.893906,377295.890466,0,730
330903.199332,377279.208928,0,223
330755.578462,377173.248512,0,730
330924.862483,377277.839855,0,699
330824.251179,377314.481863,0,730
330571.892595,377149.433382,0,712
330572.374768,377246.807273,0,730
330858.327976,377287.541428,0,237
330748.735245,377228.214214,0,730
330630.064917,377254.242796,0,197
330755.401294,377181.335931,0,730
330815.414973,377235.427831,0,714
330605.458614,377332.299358,0,594
330671.858702,377296.964568,0,52
330600.707157,377172.008078,0,430
330695.9841,377086.896854,0,405
330527.911909,377045.748392,0,730
330568.953181,376923.388946,0,730
330645.234154,377155.02757,0,730
330583.764783,376993.252291,0,398
330841.977012,377256.622098,0,730
330639.393385,377098.773534,0,245
330867.366538,377274.84397,0,437
330553.859708,377185.81274,0,730
330537.811318,377110.219924,0,78
330568.736385,377252.997777,0,695
330546.365155,376932.089146,0,266
330544.966884,377223.185088,0,718
330723.73589,377219.383032,0,520
330858.499816,377295.155758,0,730
330505.249971,376930.797687,0,470
330791.561111,377264.538018,0,730
330604.924065,377202.22728,0,730
330664.498491,377107.827021,0,240
330577.961939,377213.763832,0,273
330583.760287,376980.908169,0,730
330561.603733,377336.482761,0,612
330573.029908,377173.125792,0,730
330836.404222,377207.167696,0,34
330550.574483,377123.284739,0,730
330837.879382,377279.048165,0,140
330741.164914,377134.331475,0,514
330717.958402,377284.039349,0,451
330807.815599,377244.275814,0,458
330546.52278,376968.435499,0,730
330628.74072,377147.183476,0,730
330599.463052,376996.069308,0,138
330517.479673,377013.753672,0,618
330711.773953,377279.746421,0,730
330648.495334,377091.132146,0,254
330846.753602,377305.40264,0,730
330566.567427,377230.872345,0,119
330715.913955,377236.130117,0,620
330599.903258,377078.800986,0,268
330625.743848,377182.765036,0,534
330869.668221,377288.672306,0,99
330627.984975,377122.91399,0,730
330689.276324,377099.341263,0,640
330782.180467,377154.704997,0,730
330864.976131,377283.456289,0,730
330815.068503,377285.924348,0,442
330664.015343,377269.816859,0,730
330728.400126,377323.48132,0,680
330676.814223,377319.717993,0,730
330712.672724,377203.282359,0,613
330651.503556,377193.105896,0,730
330505.405421,376941.558082,0,730
330603.491043,377330.767058,0,457
330612.678696,377210.062979,0,651
330679.886864,377221.581211,0,328
330593.965791,377078.065407,0,421
330596.289191,377113.060407,0,730
330773.937633,377313.189117,0,130
330834.218352,377312.75586,0,102
330528.499569,377089.983382,0,605
330818.793054,377300.78634,0,238
330611.988748,377290.095399,0,120
330582.217828,377271.305374,0,194
330842.241272,377221.466126,0,255
330612.128124,377095.64692,0,716
330643.550971,377333.637798,0,610
330634.439938,377171.419888,0,730
330850.090596,377272.03713,0,730
330669.821486,377285.399855,0,400
330576.23455,377270.161602,0,201
330668.364383,377071.343298,0,730
330631.451706,376996.092756,0,499
330900.010132,377294.947754,0,498
330696.593226,377309.111376,0,11
330789.147758,377292.481737,0,730
330598.858891,377033.740605,0,730
330601.634868,377122.090013,0,352
330666.651973,377300.143629,0,730
330712.716571,377085.613555,0,688
330701.830933,377243.929268,0,442
330655.941853,377240.311983,0,281
330895.353952,377262.356889,0,38
330704.82515,377270.485312,0,185
330857.576994,377247.184725,0,730
330764.889219,377206.483885,0,243
330524.037474,377030.63697,0,422
330574.482167,377071.764268,0,682
330576.717208,377256.564033,0,564
330538.25778,377126.633546,0,730
330723.588279,377188.477726,0,139
330699.236891,377113.913744,0,340
330685.484952,377290.147856,0,321
330596.311808,377037.382194,0,730
330580.919208,377067.327328,0,72
330564.493077,377057.045103,0,730
330637.274317,377076.72314,0,556
330662.64545,377199.781342,0,582
330637.732341,377003.496835,0,730
330719.772023,377203.063266,0,320
330670.986464,377228.469893,0,539
330614.021237,377236.956387,0,388
330564.568271,377302.409451,0,688
330622.013449,376979.875536,0,730
330512.525456,376895.831704,0,566
330616.790221,377075.347689,0,551
330636.223008,377127.481613,0,577
330739.786836,377174.57867,0,730
330609.289074,377302.974461,0,730
330683.053443,377205.703336,0,161
330544.12812,376926.013767,0,730
330577.361744,377275.289723,0,133
330613.25147,376993.64421,0,730
330729.823327,377095.225898,0,75
330888.740702,377281.964399,0,691
330733.193273,377232.410721,0,351
330496.098466,376895.14508,0,122
330749.896583,377136.678751,0,730
330512.086326,376884.315453,0,412
330674.299053,377243.473807,0,627
330649.593916,377096.943812,0,730
330594.139018,377150.947602,0,722
330538.128277,376974.084498,0,730
330731.146656,377258.938836,0,590
330754.290945,377302.35858,0,523
330553.814692,377311.628353,0,665
330703.31524,377282.104391,0,616
330520.077619,377010.116402,0,10
330671.387824,377185.96529,0,295
330611.439175,377124.263724,0,730
330706.569539,377150.384999,0,730
330566.398879,377140.000286,0,311
330691.893788,377061.009688,0,730
330572.113711,377001.115278,0,730
330578.006276,377290.341003,0,16
330644.859217,377160.105684,0,681
330544.930173,377203.70015,0,730
330937.69299,377297.017624,0,335
330557.194073,377323.022078,0,349
330806.692752,377196.049458,0,508
330721.903097,377229.220111,0,730
330565.324034,377178.144129,0,730
330641.569957,377110.000489,0,557
330784.883605,377200.219945,0,134
330857.06352,377249.573687,0,189
330842.96509,377206.24813,0,730
330768.336702,377293.54875,0,342
330812.750329,377278.406361,0,545
330578.760244,377196.407439,0,263
330612.813248,377181.846338,0,730
330679.457512,377052.141416,0,730
330537.09047,377057.902186,0,730
330532.903128,377107.034,0,699
330607.96275,377273.501218,0,427
330635.681428,377112.997894,0,730
330524.765776,377003.484253,0,730
330628.797847,377074.766811,0,70
330815.538442,377262.233121,0,730
330542.367881,377027.585654,0,730
330800.339073,377306.932539,0,730
330668.576478,377285.097526,0,720
330622.454298,377312.088973,0,676
330528.883603,376930.369777,0,8
330533.194673,376976.09498,0,439
330801.834718,377283.176269,0,252
330585.76874,377321.119213,0,595
330614.257356,377248.669138,0,730
330685.693413,377082.565936,0,730
330597.762092,377323.188423,0,68
330731.593554,377141.790356,0,587
330561.30714,376980.199422,0,730
330712.995879,377088.648819,0,500
330811.278455,377310.366517,0,197
330505.015363,376870.894755,0,257
330497.473702,376846.933824,0,304
330833.381099,377229.838501,0,509
330633.294558,377325.466595,0,482
330565.908703,377060.180209,0,42
330548.87181,377248.373528,0,730
330567.522672,376963.100721,0,647
330547.556322,376946.007435,0,730
330700.871531,377139.634967,0,431
330867.844339,377237.722234,0,727
330747.623213,377130.80434,0,432
330636.715025,377185.276351,0,468
330636.896864,377062.966115,0,410
330566.790103,376921.048705,0,331
330687.651412,377152.359612,0,606
330886.417307,377302.784426,0,730
330631.941308,377194.975369,0,656
330648.190568,377087.705449,0,730
330534.66622,376901.868996,0,403
330739.941882,377138.318169,0,336
330657.619539,377138.147422,0,730
330642.614778,377026.540137,0,698
330617.346143,377063.27282,0,730
330541.518793,377278.809354,0,730
