328034.229016,380896.230816,0,730
327989.818111,380872.991678,0,48
328037.294278,380959.199766,0,458
327978.883992,380948.472061,0,683
327717.407254,381029.377245,0,410
328058.538586,380890.15724,0,730
327702.560592,381040.820055,0,622
328050.277932,380963.465434,0,720
328121.890748,380905.101486,0,440
328293.923097,380871.214144,0,696
328141.212781,380862.428149,0,583
327745.260354,381025.438322,0,659
328109.103119,381003.983323,0,730
327732.389957,381060.970993,0,730
327658.048585,381114.514708,0,583
328171.499311,380952.403647,0,698
328120.965876,380843.017193,0,179
328022.654807,380989.159832,0,140
328213.490104,380877.813767,0,60
327893.582147,380908.65679,0,637
328020.840374,381006.770794,0,504
328287.066936,380849.09906,0,288
328023.899474,380903.070915,0,631
328147.235386,380886.137884,0,730
327721.220905,380997.077369,0,339
328069.439965,380995.261229,0,502
327809.256715,380990.705719,0,245
327745.89117,381024.908015,0,645
328249.475909,380883.519478,0,454
328083.126886,380931.146151,0,730
328050.628949,380969.246179,0,730
327846.834445,380936.12981,0,291
328081.168938,380956.475911,0,730
327715.791377,380987.343582,0,430
327634.605947,381018.465553,0,546
328088.316383,380998.384623,0,730
328029.945436,380956.02454,0,158
328113.924868,380981.203863,0,160
328160.40705,380939.951727,0,648
328253.856545,380897.824258,0,473
328007.935612,380937.254645,0,730
327961.554618,381007.224254,0,730
327841.429241,380971.589481,0,730
328104.82827,380848.656178,0,730
327891.620893,380997.47731,0,681
328047.438428,380900.463428,0,608
327872.61791,380976.078095,0,730
327763.180813,381034.637323,0,730
328100.426653,380930.356961,0,397
328213.434294,380840.780673,0,695
327989.670494,380855.266285,0,730
327902.831672,380918.296207,0,730
328013.527106,380820.193353,0,730
327944.611004,380944.397252,0,600
327680.596633,381050.370034,0,730
328043.604523,380945.494441,0,523
327921.515311,380962.115668,0,303
328133.616096,380799.22182,0,131
328055.516152,380837.44788,0,274
328150.750336,380868.460296,0,183
328147.293139,380814.909135,0,730
328149.184575,380831.520393,0,730
328060.354703,380905.523769,0,450
327958.200311,380900.213487,0,114
327912.514401,380966.402991,0,730
328226.059643,380893.03107,0,460
328083.188164,380841.366154,0,730
328153.619375,380938.73262,0,730
328145.17876,380974.517461,0,730
328178.717637,381011.055152,0,491
328233.965739,380854.987086,0,133
327677.233773,380990.81754,0,242
327948.236254,380973.430782,0,205
328292.988707,380924.152545,0,730
327987.240145,380855.374037,0,36
328253.321481,380882.674355,0,610
328257.613326,380875.156762,0,318
328049.549189,380886.961746,0,513
328108.467583,380923.79214,0,730
327648.16936,380999.301791,0,730
328020.098279,380961.562778,0,730
328150.175921,380910.207666,0,151
328129.885466,380940.493589,0,730
328013.767488,380830.162664,0,454
328174.986189,380927.019076,0,406
328158.117392,380969.322957,0,391
328183.066432,380989.126981,0,730
327655.680747,381113.371477,0,730
327990.528785,380830.747946,0,713
327628.277572,381007.44648,0,388
327738.351186,381069.969992,0,549
328128.931907,380964.988856,0,730
328217.881035,380903.04827,0,730
328289.890904,380850.711709,0,16
327935.172757,380908.019233,0,343
328117.746201,380943.846607,0,730
327769.128169,381022.218856,0,730
328073.251949,381003.063535,0,702
327789.914483,380983.825282,0,710
328067.403492,380923.159542,0,730
327893.602593,380934.705063,0,616
327947.810716,380856.547265,0,582
328067.24032,380926.782102,0,730
328063.55769,380894.794536,0,730
328124.67938,380976.311563,0,422
328008.403904,380829.142638,0,17
328134.847641,380805.977142,0,500
328184.694013,380856.390844,0,165
327962.270915,380925.185443,0,730
327670.690995,381020.66359,0,517
327794.406071,381000.408692,0,730
327932.950925,380903.277631,0,511
328239.788626,380854.951695,0,680
328028.669639,380897.715481,0,382
328071.828743,380885.761563,0,266
327682.947784,381061.892841,0,676
327639.497786,380999.573565,0,730
328112.744294,380897.323788,0,633
327934.945219,380867.903381,0,311
328257.176806,380897.014992,0,730
328255.260233,380853.32601,0,730
328009.664007,380856.233179,0,482
327793.325359,381018.898663,0,641
328239.027089,380917.00236,0,730
328177.532388,380916.11753,0,512
328124.00474,380769.664696,0,730
328193.573251,380885.264907,0,730
327828.814651,380959.184199,0,730
327774.55191,381031.035361,0,83
328018.856944,380818.535467,0,17
327677.526995,381062.959891,0,730
327886.471928,381001.904425,0,730
327817.755527,381022.886293,0,56
328274.86394,380863.136601,0,730
327879.244079,380920.711258,0,730
328246.463885,380928.9767,0,603
327761.336122,381035.600191,0,614
328271.263265,380843.994683,0,303
327834.193142,380993.124496,0,730
327641.302412,381034.172524,0,450
327949.980706,380981.637565,0,360
328163.402974,380932.499674,0,715
328142.323989,381011.259538,0,687
327673.530339,381046.377013,0,730
327909.175156,380925.808528,0,270
328147.06559,380934.257632,0,221
328100.005404,380853.194204,0,730
328184.284294,381005.712239,0,730
327671.685745,380996.018819,0,166
328129.597079,380864.461662,0,730
327661.204514,381043.574873,0,585
327934.082918,380941.606674,0,102
327887.8573,380965.236049,0,730
327847.280991,381014.739441,0,273
328213.606949,380863.228931,0,730
327915.237054,380940.260592,0,243
327683.011222,381017.54839,0,358
327690.864589,380999.617823,0,75
328079.201577,380965.266254,0,250
328251.68636,380841.500762,0,65
327674.508768,380999.06117,0,434
327709.057332,381090.24458,0,730
328265.215392,380874.721341,0,695
327908.888235,380951.818842,0,730
328178.010905,380967.68565,0,730
328049.614168,380813.622221,0,339
328153.567158,380965.399247,0,262
327677.284578,380988.825908,0,629
327655.088515,381002.159016,0,572
328234.347486,380878.87427,0,260
327670.004065,381018.737284,0,414
327701.56612,381002.405882,0,510
328282.150024,380903.217376,0,730
327680.330327,381104.565143,0,730
327893.223414,380925.92085,0,340
328179.964078,380990.571705,0,169
328116.702354,380966.623098,0,345
328086.857403,380835.014825,0,543
327865.936998,381034.40255,0,147
327952.42924,380937.681655,0,488
327926.68185,381019.710436,0,730
327915.504856,381002.452194,0,730
328213.847767,380881.394251,0,190
328280.966721,380901.199531,0,625
328287.808644,380847.928281,0,190
327995.927847,380991.959367,0,730
327945.572859,380938.591621,0,730
327673.372856,381029.205221,0,364
327967.123156,380935.19334,0,730
328009.056417,380881.88615,0,92
327925.37918,380942.936784,0,730
328164.480419,380832.163026,0,730
328041.212353,380960.78624,0,672
328242.663073,380880.522153,0,204
327991.130792,380993.374721,0,1
327839.863185,380962.21752,0,171
327964.684661,380992.872964,0,692
328003.973888,380981.130915,0,730
328296.758018,380858.492188,0,730
328262.453931,380919.671355,0,617
327988.019043,380977.302769,0,442
327945.15902,380893.176343,0,18
328118.288291,381019.711663,0,730
327931.342164,380949.113531,0,730
328168.390914,380935.832406,0,498
328006.71778,380996.390455,0,730
327675.808214,381078.388847,0,531
327668.587448,381118.725955,0,730
328069.311418,380822.148902,0,285
327962.951683,380992.053506,0,641
327847.298828,381018.106791,0,688
327743.764768,381070.705025,0,509
327943.326873,380855.135679,0,490
328093.041218,380844.889498,0,730
328154.264652,380980.968252,0,694
327678.965974,381103.163906,0,567
327968.565528,381008.194379,0,367
328177.432904,380840.10237,0,730
328106.378686,380856.885787,0,673
328071.675792,380952.755296,0,285
328038.162019,380814.487154,0,536
328020.980419,380966.885056,0,244
328057.205687,380882.008812,0,42
327896.137985,380946.254638,0,336
328044.785205,380923.585485,0,730
327995.220247,380917.874635,0,685
328148.033757,380881.564749,0,214
327867.927785,380922.972668,0,466
328013.335484,380952.298665,0,123
328280.555965,380921.01022,0,302
328022.412075,380848.643597,0,730
328024.792585,380886.131508,0,232
328214.043992,380874.859907,0,494
327813.702731,381009.532893,0,181
328139.507656,380868.220436,0,559
327712.592209,381074.071396,0,730
327960.163322,380836.903009,0,660
328243.850268,380853.820455,0,135
328059.691662,380885.081226,0,167
328035.452761,380958.71487,0,550
327656.525627,381011.663413,0,730
328171.493203,380986.652638,0,593
328041.560854,380876.792803,0,552
327739.505493,381035.143753,0,348
327739.663161,381040.477767,0,588
328199.900121,380907.16386,0,730
327904.937768,381013.592048,0,730
327896.580746,381014.135266,0,730
327927.710315,381013.196081,0,667
328248.17119,380890.671308,0,730
327964.067318,380854.594973,0,461
328280.788389,380874.95137,0,730
328152.440995,380848.28242,0,652
328160.36059,380891.820478,0,508
328056.937093,380996.631823,0,386
327702.640375,380983.151324,0,34
327671.610118,381105.729401,0,121
328077.106978,380938.730345,0,730
327847.504999,380982.083321,0,521
327939.514083,380847.833158,0,238
328009.765172,380932.364518,0,730
327912.446294,380964.114638,0,730
328017.347223,380842.715055,0,730
327899.793745,380998.588619,0,685
328091.081036,380990.116641,0,278
328067.111836,380810.806797,0,730
327939.316177,380874.232357,0,730
328119.952662,380888.12994,0,43
328070.848259,380837.786386,0,592
328040.139091,380904.218622,0,730
328287.945495,380848.255638,0,721
327678.272512,381059.031714,0,730
327803.386064,380961.919354,0,125
327940.016163,380886.251819,0,730
328124.671148,380973.622344,0,730
328113.102071,381005.963749,0,399
328134.387525,381005.639118,0,730
327713.908706,380992.978617,0,730
328121.712987,380913.617532,0,239
327928.256597,380991.470778,0,178
328128.878949,380934.228153,0,152
327973.827725,380978.704959,0,528
328040.519698,380836.627392,0,730
327970.850911,380974.96915,0,730
328141.571495,380889.308165,0,477
328178.480665,380974.997663,0,44
327693.308599,381039.087108,0,498
328092.2775,380932.783644,0,673
328055.773141,381002.48707,0,730
328269.933794,380863.875165,0,680
328170.297827,380861.253388,0,698
327876.597948,380965.846321,0,730
328285.879957,380857.823132,0,468
328159.28158,380861.477464,0,244
327735.44516,381078.345221,0,730
328131.62011,380914.958404,0,730
327765.18764,381060.66223,0,730
327898.513535,380908.163028,0,730
328131.153251,380801.739909,0,636
328034.838494,380996.934546,0,186
328113.685635,380919.030108,0,730
328001.263277,380990.792343,0,730
328071.827353,380834.207617,0,730
328206.808677,380918.601485,0,730
328023.78683,380842.387866,0,730
328210.982754,380868.308058,0,463
327831.211386,381019.629775,0,691
328148.071584,380989.709636,0,730
327682.509265,380999.734205,0,730
327890.42082,380942.267261,0,730
328096.345364,380872.690685,0,730
328032.622971,380879.861917,0,626
327939.864019,380859.869523,0,730
327757.016506,381035.848819,0,72
328235.615838,380923.845025,0,706
327635.470974,381128.11869,0,176
328069.848784,380838.651445,0,730
328099.310441,380964.59095,0,730
327897.446034,380932.776836,0,372
327714.445981,381084.568204,0,569
328189.871263,380837.40588,0,308
327949.648154,380971.954244,0,217
327707.808926,381075.081196,0,640
328221.421033,380886.049353,0,730
328169.532075,380863.320682,0,730
328015.87684,380975.564927,0,249
328213.059548,380866.153196,0,730
327678.765551,381036.848692,0,667
327874.277368,380959.896675,0,730
327704.353272,381060.573947,0,481
327836.455992,381009.488751,0,79
328118.685621,380851.990442,0,141
328035.78412,380901.290535,0,91
328015.550126,380990.675334,0,502
328246.809131,380883.337712,0,385
328077.88317,380817.506491,0,492
327820.786973,380958.54034,0,281
328178.059693,380953.695859,0,730
327992.793795,380901.140387,0,730
327684.245428,381026.338183,0,233
328082.852735,380936.41677,0,663
328154.479528,381017.587305,0,470
328096.568414,380859.58541,0,576
328210.52363,380877.294949,0,322
328135.296243,380803.719967,0,730
327896.686909,381003.166671,0,730
327959.670089,380884.156684,0,209
327950.092966,380865.227121,0,730
327824.931102,380997.20192,0,247
328069.994336,380949.384977,0,730
328092.191417,380998.318449,0,356
327698.717803,381093.271207,0,730
327840.247927,380986.470213,0,580
327857.991887,380947.184699,0,507
327981.241827,380842.17682,0,489
327916.02803,380916.760475,0,640
327815.170166,381029.389131,0,157
328095.251615,380873.929094,0,730
328092.460884,380870.349313,0,727
327830.772605,380971.80423,0,647
327873.557342,381016.23908,0,724
327934.879176,380929.764265,0,730
327864.274035,380946.070264,0,730
328250.54771,380925.272943,0,686
327885.090099,380939.78464,0,347
327952.379157,380936.909914,0,431
328062.736124,380844.984647,0,730
328041.297161,380906.593995,0,658
327761.678772,381000.43316,0,322
328132.717425,380960.891082,0,316
328067.220899,380817.474506,0,730
328125.852712,380838.124139,0,505
327845.684458,380971.835149,0,519
327851.840611,380960.233807,0,120
328070.797409,381003.269669,0,704
328136.400908,380990.556704,0,730
328202.772638,380850.329005,0,656
327909.65425,380914.635464,0,550
327734.047348,381066.002544,0,503
327656.108254,381043.862694,0,730
328140.228191,380988.733248,0,438
327832.725867,380939.338543,0,730
328148.394394,380906.905891,0,247
328015.320935,380925.980252,0,730
328013.131245,380914.369472,0,333
327956.721899,380869.08449,0,364
327640.17371,381018.212235,0,730
327898.840778,380961.765862,0,730
328251.397431,380889.661866,0,606
328079.329345,380889.426349,0,474
327981.42182,380961.404684,0,730
328109.012461,380830.307324,0,730
328071.591059,381019.641939,0,349
327857.908733,381037.201766,0,12
328041.265463,380834.252801,0,730
328107.41472,380907.391938,0,368
327779.779429,380985.183412,0,670
327656.180879,381124.482373,0,730
328074.94363,380892.81717,0,730
327888.386846,380936.563155,0,730
328184.594925,381009.202302,0,566
328166.026897,380994.015687,0,730
327812.532174,380986.438581,0,730
327762.869483,381023.047076,0,553
327926.02165,381018.625576,0,573
328026.056946,380826.096112,0,730
328203.239198,380855.20067,0,306
327864.290733,380987.690582,0,396
328142.95168,380851.138438,0,355
327824.05933,380954.283166,0,529
328173.47302,380940.516689,0,287
327649.868202,381003.054733,0,340
327727.201768,381055.191139,0,701
328202.957673,380884.28642,0,730
327716.000776,381083.353512,0,501
327979.562998,380989.496664,0,730
327755.714689,380982.290796,0,677
327955.927666,380920.87956,0,703
327680.898898,381063.858507,0,730
328110.084542,380851.286553,0,730
328181.96327,380986.445217,0,651
328133.864841,380961.034059,0,730
328006.169581,380897.871286,0,730
327813.823707,380959.600623,0,426
327726.234041,381074.008595,0,33
327973.481739,380960.986834,0,561
328282.122941,380888.465925,0,730
327996.164383,380881.386694,0,730
327799.511712,380989.517312,0,730
327860.467147,380984.71553,0,35
328123.847259,380903.443012,0,596
328078.931706,380828.593275,0,651
328121.306172,380923.949257,0,730
327698.75946,381011.457448,0,730
328037.924788,380927.934266,0,644
327788.515477,380998.339626,0,625
328109.445856,380954.930389,0,549
328138.502585,380832.91443,0,634
328044.15358,380832.273685,0,633
328053.121835,380948.486218,0,175
327844.931055,381042.80899,0,611
328234.265189,380930.5899,0,730
327711.483154,381019.269193,0,365
328259.642067,380905.527505,0,341
327804.420134,381000.086704,0,722
327941.547089,381018.608694,0,730
327977.404245,380917.319286,0,593
328111.979932,380904.341821,0,581
327841.214159,380980.988472,0,448
327987.027929,380854.458713,0,223
328145.194553,380886.561117,0,360
327674.995197,381039.817781,0,730
327664.082474,381085.990952,0,582
327745.581699,381055.696846,0,619
327909.227671,380975.19318,0,282
328103.478693,380914.940925,0,730
328116.731874,380995.280869,0,730
328084.540387,380953.695331,0,638
328230.986754,380873.188323,0,559
327649.508274,381049.977568,0,345
328149.953428,380815.730823,0,712
328213.582518,380908.083864,0,730
327939.946559,381017.277822,0,730
327954.090056,380982.944331,0,556
328138.530067,380961.931831,0,626
328154.602517,381012.640654,0,730
328170.047712,380852.132777,0,305
327901.06659,381010.796098,0,730
327950.664245,380956.394781,0,613
328181.409794,381006.908922,0,573
328150.446631,381010.471007,0,515
327934.488706,380963.211,0,730
328087.319546,380988.56185,0,650
328073.490469,380923.454591,0,393
327987.023349,380989.000003,0,622
327643.805322,381038.46043,0,730
328092.775723,380960.97642,0,730
328085.246622,380830.275125,0,603
328058.800934,380851.743395,0,730
327840.128303,381039.09768,0,506
327875.620516,380953.866474,0,304
328154.588262,380869.370719,0,392
328019.920978,380891.404193,0,730
327826.513991,381032.401381,0,423
327973.96583,380963.773326,0,601
327938.212246,380906.966933,0,689
327964.084856,380915.806933,0,657
327992.730439,380949.913096,0,252
327745.330139,381014.679543,0,730
328175.556822,380926.554785,0,730
328150.038718,380950.34477,0,730
328001.357331,380942.757338,0,581
327871.475411,381002.524783,0,452
328092.123746,380856.250338,0,414
328142.763013,380787.86691,0,730
327829.11449,380978.577723,0,16
328137.478183,380804.583196,0,547
327930.682712,380873.604396,0,730
328176.865633,380933.88971,0,691
327683.687742,380990.353245,0,730
327755.485121,381062.548483,0,509
328224.470612,380928.813611,0,452
328070.111657,380878.968695,0,725
328154.539822,380824.103039,0,730
327663.283446,381116.699791,0,730
328173.924591,380991.185189,0,655
327932.379433,380910.681695,0,212
327837.778526,380955.34561,0,453
328192.23469,380935.123678,0,556
327834.503039,380972.891041,0,432
327886.994725,381015.766574,0,398
327888.521888,381014.997768,0,446
328110.495499,380936.257383,0,329
328130.099411,380938.904827,0,344
327707.803785,381004.707749,0,95
328038.313495,380917.474318,0,718
328143.028923,380968.198267,0,730
328080.920243,380896.375517,0,730
327630.984612,381020.400298,0,666
327746.376282,381014.62186,0,490
328052.248976,380992.370828,0,544
328002.919348,380946.16202,0,362
328149.607813,380981.47743,0,730
327876.808106,380983.348177,0,337
327905.165351,380895.175008,0,265
327909.042186,380914.792501,0,719
328036.980828,380906.118021,0,475
328212.044856,380844.10627,0,522
328018.195483,380979.134166,0,677
327943.567623,380921.303037,0,379
328006.640699,380833.166371,0,730
328095.963591,380826.216224,0,636
328188.442494,380976.199227,0,730
327649.322111,381005.570529,0,315
327931.736919,380917.51535,0,690
328167.521474,380973.861917,0,730
328112.41709,380995.537644,0,25
328038.869993,380901.998354,0,63
328082.191658,380937.01761,0,730
327885.310234,380939.659762,0,730
327790.550945,381037.808949,0,194
327964.055703,380896.507313,0,407
328107.784373,380879.408586,0,730
328203.212659,380866.679732,0,204
328242.223175,380871.597377,0,628
328017.867742,380833.611173,0,694
328127.02795,380965.908434,0,577
327635.841953,381133.302401,0,678
327939.674625,380884.5594,0,107
328131.676935,380908.954427,0,297
327844.901498,380967.510633,0,413
327738.682962,381006.276861,0,728
328008.729691,380971.716067,0,308
328186.501708,380955.501573,0,730
328070.660554,380892.251958,0,717
328276.538292,380846.934799,0,730
328004.466546,380873.435095,0,730
328198.658232,380904.908164,0,289
328199.023192,380854.403852,0,495
327748.094644,381060.404169,0,704
327887.912482,380920.392336,0,671
327916.0043,380897.945039,0,574
328288.138071,380899.951075,0,730
328088.371355,380873.500151,0,730
328155.88028,380914.592107,0,235
327840.622189,381035.318321,0,325
327903.250098,380908.244915,0,630
328164.118204,380925.972872,0,231
328029.161125,380841.698423,0,730
328051.468597,380955.398897,0,479
328004.419522,380944.877096,0,291
327942.392014,380856.433919,0,267
328230.749365,380874.220236,0,730
328231.52745,380845.730124,0,568
327933.664947,380991.370491,0,256
328054.131392,381002.166813,0,74
328169.749655,380900.075839,0,545
327690.32678,381085.215043,0,449
327882.119896,380965.052298,0,627
327925.004812,380874.674998,0,674
327690.746963,381082.561293,0,467
328161.887575,380939.278248,0,334
328061.478908,380819.964886,0,79
328081.534321,380890.592975,0,707
328245.088177,380882.521395,0,700
327833.448551,380940.404125,0,730
328025.412917,380884.809813,0,730
328257.7392,380842.017164,0,730
328288.346156,380866.4894,0,318
328005.769771,380984.068407,0,24
328203.754197,380852.549716,0,730
328218.17955,380900.552833,0,730
328175.640544,380985.063373,0,15
327763.032648,381054.116516,0,375
328023.491952,380880.064091,0,354
328008.80226,380941.607385,0,620
328175.636963,380866.400369,0,672
327694.782358,381083.570072,0,715
327887.535047,381004.340738,0,476
328054.532569,380974.895118,0,730
327924.8306,380939.997731,0,730
327683.77004,381041.98451,0,730
328204.946299,380831.181259,0,730
328162.622775,380873.954246,0,719
328200.049228,380886.508897,0,110
328024.87456,380948.159101,0,730
328173.102095,380926.480854,0,271
328070.336733,380938.156531,0,157
327947.72153,380843.143085,0,457
328223.712251,380840.994872,0,22
328260.001469,380914.174262,0,487
328163.604625,380957.540972,0,690
327832.138203,380990.709847,0,541
328145.163705,380813.804298,0,730
327866.635179,381032.395357,0,714
328198.805113,380837.065912,0,730
328121.97248,380823.000589,0,26
328079.921605,380821.145056,0,485
327961.961121,381013.431859,0,300
327804.470271,381002.393855,0,720
327747.449055,380977.637947,0,387
327796.926958,380963.426343,0,131
328013.237013,380946.586194,0,145
328299.821805,380913.877864,0,730
328207.876061,380932.463191,0,471
328196.073074,380851.252612,0,109
328209.633151,380879.340481,0,647
327621.578053,381012.755764,0,730
327973.846339,380857.575531,0,441
328122.204488,381000.052414,0,730
327717.592456,381074.949515,0,730
327975.343582,380954.948477,0,71
328025.918939,380833.401003,0,638
327867.910952,380975.444367,0,730
327810.924685,380986.071493,0,730
327655.483984,381123.692018,0,335
327880.438342,380973.168624,0,730
328123.132893,380817.562409,0,730
328064.962654,380872.904455,0,730
328184.173151,380912.067898,0,314
327718.652448,381071.36051,0,730
328098.014767,380989.801549,0,627
328042.504289,381007.308428,0,730
327929.61164,380948.076792,0,730
327729.146014,380992.89914,0,730
328193.355391,380870.742592,0,596
328032.526148,380873.993457,0,635
328203.116809,380871.075258,0,703
327894.457485,381002.075467,0,613
327659.315428,381012.46939,0,119
327850.797665,381041.63027,0,412
328165.084007,380860.284976,0,730
328105.404027,380923.193778,0,312
328168.474579,380950.032936,0,693
328071.035121,380988.078927,0,730
328106.985383,380925.601048,0,675
327886.934817,380985.633185,0,514
327931.222046,380922.034963,0,611
327853.389111,380939.695953,0,579
327968.959992,380973.157845,0,453
327759.637728,381045.034407,0,730
328210.137944,380872.275896,0,730
328204.955492,380855.058332,0,730
327795.09869,381043.212289,0,554
328036.655944,380880.798699,0,730
327902.905375,381025.135465,0,571
327863.652921,380921.562725,0,456
328036.606345,380875.736784,0,438
328128.18686,380959.850106,0,528
327858.635976,380955.944308,0,730
327792.988308,381002.514915,0,730
328105.945872,380944.827912,0,689
328125.906143,380992.365517,0,730
327734.279423,380996.823356,0,730
327743.426411,381045.787232,0,159
327811.949847,380977.101514,0,78
328135.11705,380950.341888,0,730
327987.69719,380955.56419,0,730
328166.224007,380999.605673,0,697
328129.567209,380839.390976,0,730
328130.304926,380816.406105,0,726
327698.588322,381034.423185,0,443
327934.116227,380908.01501,0,730
327935.652696,380914.827935,0,730
327951.430704,380848.963386,0,730
327649.779143,381033.505638,0,635
327876.870397,380946.79679,0,496
327933.592849,380941.670632,0,730
328000.922688,381006.80132,0,253
327630.970365,381014.247824,0,723
327848.737856,380944.988126,0,730
327863.690021,380955.632274,0,730
328010.799277,380899.908343,0,730
328019.976748,380963.448539,0,529
328031.193121,380879.201659,0,730
328107.153457,380964.432976,0,729
327719.93081,381037.206847,0,105
328219.934056,380920.959787,0,624
327666.431316,381005.399968,0,730
328048.806253,380898.108167,0,594
328057.251315,380896.860344,0,730
328256.740449,380864.053203,0,539
328267.780639,380852.984655,0,730
328111.994422,381006.77979,0,679
328188.690799,380944.148586,0,730
328071.056923,380890.178351,0,730
328301.790606,380918.040346,0,527
328038.990573,380891.807353,0,97
327665.324049,380995.208798,0,353
328147.677632,381009.243012,0,206
327696.48492,381072.522077,0,156
327720.037569,381064.334068,0,47
327795.580381,380987.173957,0,730
328146.704563,380997.347568,0,526
327811.480879,381049.123369,0,668
328146.770569,380861.886986,0,145
328034.928593,380863.764744,0,600
328050.342941,380866.541109,0,629
328176.100094,381015.421792,0,708
327793.969173,381025.40621,0,730
328065.429878,380870.836703,0,657
327871.373325,381016.186183,0,730
328159.805068,380876.810444,0,674
328044.201768,380830.418591,0,428
328029.033928,380832.343361,0,623
328004.103523,380935.764279,0,730
327896.709252,380994.793125,0,156
328203.353678,380893.767798,0,716
327823.886876,380994.365889,0,730
328062.719827,380914.974412,0,419
327858.306086,381009.498977,0,227
328135.029273,380793.663413,0,165
328124.649585,380777.048882,0,730
327744.81582,381062.816565,0,730
328084.381048,380843.655634,0,730
327853.99076,380970.52346,0,730
328043.677284,380980.052126,0,469
328182.572036,381010.432049,0,589
327999.349182,380895.555756,0,711
327692.429082,381058.193166,0,730
327787.572426,380977.612303,0,89
328129.946281,380904.150482,0,396
328183.953132,380910.096982,0,390
327997.580447,380945.871687,0,730
327657.170021,381049.630731,0,730
328067.213995,381017.282206,0,730
328010.993264,380985.4729,0,82
327638.780919,381007.96616,0,225
328055.934894,380865.998232,0,578
328225.230912,380865.591137,0,665
328025.841614,380940.926089,0,576
328106.407165,380889.541053,0,730
328089.051699,380858.71868,0,377
328023.501367,380832.581845,0,154
328005.077095,380897.910126,0,730
328001.380296,380943.573,0,713
328024.039706,380861.135855,0,610
327790.568749,380961.491059,0,84
328163.158732,380906.891944,0,730
327888.820385,381001.516237,0,664
327638.385957,381013.606364,0,150
327890.413708,380932.835504,0,730
327735.852281,381062.146644,0,730
327934.330099,380907.288494,0,623
327892.322181,380993.323927,0,730
327858.992089,380943.613318,0,275
327896.401254,380900.6121,0,106
327890.603758,380947.115491,0,142
327896.842682,380897.972498,0,60
328033.738823,380890.780153,0,563
328053.48804,380950.847642,0,730
327981.993427,380926.741985,0,140
328066.545847,380897.904448,0,411
327653.286106,380998.60389,0,730
328037.54114,380956.83638,0,85
328025.282046,380853.619772,0,730
327739.698828,381048.613114,0,662
328056.808031,380905.41331,0,597
328202.006568,380918.908213,0,730
327896.406533,380951.93207,0,730
328029.166735,380826.183502,0,523
327746.199896,381064.075397,0,665
328124.929502,380864.107641,0,143
328223.313174,380872.59337,0,45
327689.789533,381047.901459,0,85
327834.594509,380975.346326,0,730
327747.759042,381057.551107,0,730
328212.104805,380915.594747,0,681
328201.939291,380923.682311,0,518
327926.03285,380952.083153,0,730
327997.22439,380906.73901,0,730
328076.10594,380929.426072,0,9
327748.377981,381072.243532,0,658
328008.67109,380969.399213,0,88
328076.456686,380914.398675,0,604
328189.819433,380845.31532,0,199
327994.729071,381005.104884,0,295
328095.5733,380997.878366,0,730
327744.160326,381026.628463,0,686
328212.6488,380865.271115,0,429
327967.220231,380930.060921,0,730
327936.599489,380979.88514,0,497
328133.077494,380971.180653,0,577
328027.358004,380885.099243,0,730
328119.45853,380957.227157,0,678
328244.269488,380890.062417,0,730
328181.629974,380929.759629,0,203
328143.541269,380953.50192,0,436
327965.721484,380969.955956,0,521
328162.091505,380834.184429,0,447
328090.543608,381014.123349,0,197
327955.496814,380941.424767,0,730
328135.208217,380801.341721,0,730
328099.67273,380869.033399,0,284
328080.822878,380827.431323,0,99
328036.403495,380979.67364,0,637
327940.911232,380946.862087,0,159
327996.030768,380880.180311,0,618
327977.408751,380948.906174,0,279
328186.074829,380889.408863,0,313
327760.895582,381030.575026,0,730
327860.178454,380984.700694,0,730
328137.380096,380961.589441,0,730
327810.806434,381000.504836,0,478
328222.443465,380845.683599,0,730
328075.509231,380992.138734,0,202
327828.010343,381039.005093,0,655
328167.621863,380873.73214,0,730
327748.296234,381045.855666,0,177
327967.787969,380926.235678,0,604
328085.230146,380831.292978,0,670
328284.359639,380845.824863,0,730
327944.915757,380925.66361,0,106
328165.123003,380962.398493,0,730
327654.417386,381115.161728,0,730
328111.876058,380890.229199,0,214
328198.716258,380901.225601,0,226
327872.172859,380956.267318,0,480
327686.943924,381009.388538,0,420
327925.140182,380889.403864,0,213
328149.166653,380804.000382,0,730
328135.660606,380923.500938,0,584
327896.509812,380977.281199,0,243
327674.920699,381080.185379,0,730
328154.511889,380832.440014,0,463
328134.119574,380994.532351,0,532
327801.477912,381025.796649,0,730
328229.299058,380850.438254,0,730
327952.650269,380987.675376,0,51
328232.416407,380848.593702,0,415
328187.066539,380870.49612,0,730
327993.791075,380917.964919,0,353
328076.597118,380867.64144,0,346
328046.549363,380921.607202,0,242
328259.057653,380881.183616,0,730
327921.928797,380905.526005,0,260
327965.711513,380936.87548,0,730
328115.220788,380915.846595,0,595
328010.271212,380933.994303,0,65
327909.272584,380983.043935,0,730
328116.828925,381004.148712,0,649
328006.060111,380901.161811,0,679
327792.532693,380962.664502,0,730
328163.231596,380916.210683,0,730
328148.055782,380941.077895,0,730
327708.027425,380988.506713,0,730
328168.89185,380870.972744,0,730
328165.53649,380936.545722,0,730
327814.654016,380976.30649,0,241
328262.679224,380859.630626,0,730
327809.79538,381041.069551,0,338
327741.957725,381055.247205,0,730
327919.886127,380935.820198,0,1
327828.393496,380954.044259,0,730
327981.038793,380940.413959,0,708
328268.294958,380859.492946,0,730
328073.578189,380802.44524,0,730
327804.068597,380970.354636,0,730
328181.15736,380858.954198,0,730
327850.420295,380937.859461,0,487
328086.017277,380847.207756,0,730
327883.793924,381016.249955,0,587
328287.699358,380846.241913,0,730
327832.886063,381000.008979,0,730
328141.455899,380840.580998,0,84
328121.393832,380957.424562,0,331
327752.663935,381054.633481,0,716
327999.963717,380947.541591,0,184
327768.493574,381027.966362,0,410
327749.654649,381057.470592,0,730
327782.988085,381035.088273,0,383
327989.611222,380828.556516,0,730
328070.753378,380882.17021,0,538
327836.928695,381024.42169,0,730
327670.99468,381111.44504,0,642
327881.694052,380974.457266,0,22
328258.827713,380856.775469,0,137
328055.75631,380931.380595,0,439
327951.530447,381015.027455,0,730
328054.905955,380982.529219,0,530
328300.872646,380902.025197,0,730
328233.472352,380866.369317,0,730
327953.007324,380901.34115,0,376
327916.893199,380995.610773,0,730
328009.722788,380854.334866,0,730
327655.739092,381019.356754,0,365
327999.016748,380868.707468,0,40
328105.95063,380821.15791,0,70
328178.660356,380839.004488,0,434
327984.711658,380872.622351,0,275
327984.455748,380999.17809,0,519
328160.105571,380878.103171,0,730
328139.432777,381008.366063,0,495
327810.461669,381017.977089,0,427
327674.546369,381038.821853,0,116
328074.559028,381014.271139,0,517
328070.951096,380903.192198,0,388
328136.266504,380983.329262,0,548
327906.714828,380956.22189,0,730
327920.801404,380947.976512,0,136
328064.675709,380826.020843,0,393
327727.383358,380984.385741,0,95
327668.735836,381048.765485,0,482
328001.119286,380927.727304,0,730
327742.106863,381032.149183,0,730
327648.860655,381014.579331,0,485
328010.293271,380955.855368,0,402
327971.871584,380880.214949,0,730
327682.229548,380997.372463,0,730
328137.708299,380938.780917,0,730
328019.831343,380968.929301,0,730
327875.155377,380934.623978,0,530
328128.80194,381006.689786,0,709
327919.679984,380922.996394,0,302
327935.284423,380904.972426,0,730
327866.62521,380927.263872,0,586
327777.49078,381023.587379,0,730
328090.383984,380992.954353,0,277
328135.784858,380997.678583,0,668
327642.245004,380999.969296,0,155
327736.220657,381014.93335,0,259
328113.145345,380886.931629,0,354
327903.109977,380891.099295,0,185
328021.779222,380980.921891,0,730
328239.978777,380860.11381,0,730
328000.788596,381006.29983,0,539
328199.864154,380829.284138,0,467
327762.795473,381020.023887,0,730
327945.215419,380950.722179,0,497
328160.349201,380850.89845,0,711
327984.973584,380913.330427,0,374
327956.424663,381001.509968,0,172
327872.943694,381011.589978,0,28
328047.074179,380979.658248,0,250
328148.175116,380982.935312,0,544
328141.750476,380894.105546,0,548
328095.702288,380953.553753,0,730
328182.032421,380834.799208,0,555
328208.627677,380847.312574,0,66
328194.45553,380901.434565,0,656
328263.421162,380849.361633,0,605
327976.798952,380834.302871,0,631
328195.547278,380840.790819,0,102
327933.193923,380975.085794,0,213
328224.334627,380928.707185,0,599
328123.085585,380927.393973,0,234
327939.662763,380856.70997,0,592
327730.904541,381011.684164,0,468
328168.562244,380900.320565,0,609
328157.532077,380881.32992,0,730
327912.779815,380897.611891,0,281
328152.938408,380914.677051,0,730
327954.567966,380956.15751,0,730
328246.538729,380862.841704,0,547
327946.113034,380880.121239,0,295
327875.181524,380973.514694,0,666
327763.309616,381044.748816,0,440
327733.664726,381021.461513,0,730
327934.525067,380882.932316,0,649
327945.812349,380988.3361,0,730
328093.499433,380815.255644,0,52
328211.58092,380850.908269,0,343
328170.014183,380924.278099,0,730
328077.224033,380930.78906,0,730
327887.471557,380903.600538,0,730
327808.852524,380961.233828,0,565
328076.287207,380931.225671,0,268
327733.105805,380984.163501,0,441
327985.076797,380965.727153,0,390
328020.088803,380925.870427,0,359
327887.995387,380901.858615,0,13
328227.220746,380900.370592,0,292
328268.254719,380917.222454,0,730
327939.983598,380927.774157,0,710
327730.342375,381020.975318,0,331
327766.614741,381044.51972,0,683
328100.144068,380812.713687,0,332
327652.416354,381021.119894,0,202
327980.716336,380912.399747,0,172
327845.101963,381040.906619,0,705
327877.935865,380966.198765,0,442
328154.181113,380835.095957,0,564
328138.18176,380965.092881,0,730
327931.697541,380884.911557,0,730
327701.125093,380996.176634,0,730
327853.217274,380969.844673,0,730
327750.318501,380994.087003,0,586
327900.337269,380896.977322,0,730
328037.027908,380848.924112,0,362
327974.400035,380991.178222,0,24
327719.220623,381023.234297,0,730
328119.890119,380909.280524,0,730
328114.073263,380988.88495,0,693
328210.864089,380903.105043,0,537
327895.894325,380997.094769,0,525
328091.905629,380921.590266,0,370
328156.847523,380960.310242,0,522
328228.011107,380891.180883,0,730
327678.567667,381007.933795,0,21
328136.758547,380787.559049,0,254
327678.268545,381116.389889,0,437
327888.081321,380933.20668,0,730
327644.368095,381000.802863,0,730
328153.978338,380941.065485,0,648
328045.046727,380832.220164,0,312
327965.80555,380878.594066,0,730
328135.379107,380948.440874,0,194
327978.969313,380954.998499,0,712
327901.494451,380998.486513,0,231
328182.600897,380949.891957,0,730
328249.423695,380858.773805,0,730
327809.476617,381001.22751,0,374
328124.885336,380936.274325,0,730
328072.027523,380916.452635,0,730
328023.72959,381003.735396,0,730
328004.509022,380872.482684,0,621
328102.528731,380786.899179,0,730
328133.242423,380847.038289,0,489
328144.392584,381013.176207,0,341
328147.775459,380835.1399,0,730
328156.667767,380978.698191,0,499
328136.841171,380838.387039,0,373
327885.080722,380921.201483,0,167
327999.220168,380873.744858,0,330
327779.694714,380973.28503,0,730
327998.867774,380909.89517,0,585
328010.805586,380985.040142,0,730
327921.75783,381015.814174,0,428
328226.493243,380886.947006,0,730
327739.419989,380999.30023,0,615
328184.004503,380968.477356,0,567
328083.428619,380957.832017,0,4
327693.854285,381072.234639,0,730
327987.362323,380901.943331,0,730
327963.044753,380977.652143,0,730
327672.164557,381074.648686,0,132
327900.551671,380894.371474,0,652
328199.106031,380844.056475,0,327
327994.52432,380938.843848,0,416
328266.016481,380892.596059,0,226
327904.947459,380903.987316,0,455
328159.024172,381015.673375,0,730
328191.032222,380925.936008,0,466
327960.811321,380946.860822,0,730
327901.353627,380955.729664,0,290
328231.591695,380848.962393,0,409
327767.000585,381007.457589,0,718
327855.106212,381036.474073,0,722
328239.596432,380865.793855,0,675
327830.820234,381044.350687,0,439
328110.303346,380908.16078,0,445
327879.00388,380990.893295,0,618
328076.853446,380795.476265,0,178
328304.120774,380924.476096,0,560
328078.977363,381019.152229,0,493
327985.667025,380976.890469,0,730
328261.064681,380863.567538,0,730
327754.036124,381000.211164,0,730
328162.557507,380858.914351,0,542
328035.905942,380930.582875,0,278
328136.145855,380878.45184,0,730
327909.156947,380920.250665,0,730
328075.259673,380974.235658,0,730
328114.99023,380981.218742,0,730
328168.110133,380843.341131,0,601
328073.543035,381015.858922,0,211
328127.60277,380842.754928,0,730
328164.874138,380886.684327,0,730
327808.736467,380971.383397,0,730
328021.947964,380920.568653,0,730
327684.372067,380992.674038,0,614
327843.516355,380944.153416,0,598
327905.701334,380911.590615,0,730
327670.402404,381119.374735,0,564
328093.444759,380897.992109,0,730
327908.377106,380894.660384,0,705
327748.958515,381055.563155,0,617
328024.65123,380866.47514,0,405
327744.398158,381040.186567,0,650
328273.189435,380883.946264,0,570
327941.32274,380871.934229,0,730
328035.551969,380847.249293,0,590
328281.103046,380861.024618,0,730
327807.318255,381028.39457,0,730
328209.950129,380933.125287,0,730
328101.783625,380839.599113,0,384
328004.811972,380988.8311,0,621
327849.686258,380927.298406,0,730
327861.791323,381004.928645,0,193
327728.792406,380983.001975,0,500
328124.805101,380954.15108,0,721
327907.532899,380963.147031,0,229
328033.266051,380859.354081,0,540
327951.981147,380869.443966,0,730
328218.695609,380846.360266,0,210
328128.07142,380790.688828,0,591
327920.729726,380934.156541,0,730
327832.692956,381031.554328,0,562
327938.926448,380964.945993,0,50
328107.255678,380858.322718,0,684
327867.009295,381006.337689,0,112
327857.582933,381014.479153,0,730
328250.029897,380877.395752,0,730
328089.11036,381013.644121,0,730
327838.926035,380994.820103,0,730
328238.915751,380914.813635,0,375
327647.841684,381045.336767,0,730
327705.274181,381075.055994,0,730
328057.761541,380859.201555,0,730
327843.791416,381035.741957,0,730
327867.887114,381023.098086,0,399
328073.095641,380909.576391,0,472
328119.704357,380896.943854,0,558
328099.54892,380852.691911,0,330
327961.928297,380870.273972,0,730
328100.884332,380951.73678,0,639
328007.625343,380960.466176,0,730
328112.729698,380834.74602,0,730
328123.491453,380866.342997,0,730
328036.401272,380879.676822,0,371
327897.199799,380897.532957,0,730
328106.729778,380835.726212,0,730
327714.043472,381048.090185,0,730
327875.583752,380962.499481,0,598
328276.820105,380890.448339,0,730
327831.91843,380981.017764,0,158
327771.326013,380981.091754,0,727
327903.686431,380986.573978,0,54
327700.30853,380984.966695,0,723
328144.297777,380955.110378,0,714
327633.511821,381135.302491,0,730
328105.835464,380901.182172,0,561
327727.420811,381055.481212,0,730
327769.201951,380975.488518,0,730
327726.272363,380984.632955,0,287
328079.369541,380938.893727,0,709
328223.477784,380878.86143,0,71
327867.408377,380968.197522,0,730
328129.132692,380801.800549,0,702
328286.171508,380851.478274,0,218
327970.600065,380870.069544,0,730
328024.788865,380855.38087,0,730
328016.840417,380838.670675,0,730
328106.326768,381017.727571,0,357
328124.467105,380908.394203,0,551
327677.855815,381091.574676,0,730
328136.546744,381015.771753,0,14
328050.388757,380875.249051,0,669
327669.997094,380995.020076,0,39
328130.347961,380991.705209,0,730
327954.011033,380908.55329,0,216
327900.089822,381005.248159,0,320
328011.914494,380862.995815,0,661
327790.400629,381011.080359,0,730
328160.08596,380830.600301,0,730
328133.516985,380861.832862,0,730
327863.421396,380988.089131,0,511
327986.701137,380965.807533,0,491
328081.901148,380875.088696,0,730
327795.826794,380990.587208,0,383
327914.136516,380917.696265,0,730
328042.704699,380896.097605,0,483
328095.232075,380840.082101,0,161
328224.042022,380906.019792,0,597
327979.288639,380896.572811,0,607
327925.594562,380974.465744,0,730
327633.61762,381123.779196,0,274
328273.677756,380898.473457,0,730
327803.691762,381047.207349,0,724
327877.283349,381001.290045,0,421
327853.793016,380920.692891,0,730
327773.323086,381009.504283,0,280
327906.704039,380891.770889,0,730
327929.37815,380993.727742,0,403
327745.423065,381023.847545,0,297
327813.487694,381014.587048,0,643
328237.477085,380887.979743,0,730
327858.039834,381018.005686,0,730
328181.935693,380871.692349,0,730
327774.362262,381019.644088,0,730
327977.127234,380876.119198,0,726
328211.564803,380836.779317,0,386
328179.260056,380890.330422,0,730
328028.92729,380852.439718,0,481
328289.17914,380907.948445,0,520
328111.952337,381008.497694,0,730
328113.605856,381005.95176,0,565
327824.708447,381000.792965,0,499
328025.241894,380966.76103,0,326
327675.933775,381104.126882,0,653
328050.875674,381002.561947,0,30
328010.434863,380900.50852,0,699
327983.993861,380951.547997,0,729
327700.233931,380991.559235,0,725
328173.238364,380830.052787,0,563
328108.37815,380783.072694,0,730
328175.96666,381015.195771,0,730
327988.388477,380900.59668,0,560
327670.368574,381057.225009,0,730
328030.342924,380939.749996,0,730
327848.959499,380968.109762,0,533
327966.433361,380953.2068,0,730
328156.181352,380864.037305,0,730
328087.244744,380940.803757,0,730
327789.477372,380977.708558,0,676
328266.219335,380882.897387,0,566
328089.774675,380868.655139,0,568
327918.595132,380981.379366,0,646
327806.906104,380967.197503,0,460
327708.010461,381046.22799,0,8
327725.327103,380991.454504,0,81
328126.537932,380968.748891,0,464
327817.326812,380944.788137,0,730
328140.236861,380982.637921,0,280
328127.845021,380868.956169,0,29
328213.152546,380927.213307,0,447
328140.033435,380819.435053,0,730
327675.356077,380993.891539,0,427
327978.438219,380918.321279,0,730
328180.291294,380943.997136,0,730
328166.236425,381008.010283,0,228
328065.670529,380941.414401,0,469
328024.17658,380995.69485,0,557
327756.61333,381045.586993,0,730
328106.07635,380822.981434,0,730
327877.253961,380950.446887,0,696
327894.900473,380895.484251,0,730
328257.839557,380882.075881,0,730
327887.526897,380973.920898,0,456
327975.596342,380972.363114,0,46
328030.859106,380834.181337,0,126
327976.061105,380841.212548,0,730
327647.914276,381048.61596,0,417
327873.099999,380914.780516,0,130
327879.972654,380987.286524,0,730
327881.933003,380971.78875,0,117
327712.362629,380998.462049,0,369
328083.374352,380822.079782,0,628
328059.472729,380855.843192,0,730
328038.521779,380831.818771,0,730
328281.326516,380916.662747,0,376
328099.825754,380989.516322,0,730
328049.595766,380936.535379,0,730
327819.506285,381028.632503,0,717
327861.507227,381021.266705,0,663
328188.622603,380985.423633,0,483
328089.508262,380964.146468,0,730
328106.389819,380825.476302,0,730
328015.426402,380884.600829,0,572
328056.310384,380857.014281,0,632
327624.056851,381023.220803,0,93
328022.088391,380843.514704,0,543
327692.660914,381056.957117,0,553
327734.407856,381010.400675,0,730
328102.655938,380876.804943,0,730
327892.848242,380951.219766,0,730
327848.89764,380958.447971,0,459
328253.951053,380868.662866,0,342
328064.579933,380981.928669,0,730
327962.420819,380877.216816,0,730
327753.727157,381028.954225,0,730
328206.712807,380849.685303,0,730
327784.363229,381031.408638,0,730
327680.270282,381101.642477,0,310
327758.6046,381064.733325,0,382
327751.171693,381006.778421,0,730
328224.388169,380921.193201,0,516
328115.130266,380920.710759,0,688
328162.366776,380875.646036,0,612
327703.449955,381064.898303,0,148
327792.966536,380986.971418,0,730
327881.971689,380936.313434,0,5
327946.866562,380967.488477,0,730
328176.679255,380959.918024,0,533
328089.632847,380942.781199,0,730
327706.083674,381059.82828,0,306
328127.203033,380902.379805,0,609
328217.248902,380902.283093,0,236
327983.731959,380950.759751,0,730
328115.108591,380919.464524,0,730
327871.70729,380970.196185,0,246
327707.518035,380987.390364,0,730
328137.276075,380843.977674,0,639
327731.020361,381032.049677,0,394
328002.146329,380885.06394,0,512
328094.186289,380803.45315,0,540
328283.384891,380851.089496,0,730
327990.446882,380871.267183,0,251
327919.152158,381022.441954,0,730
327989.69091,380992.288857,0,692
327755.629118,381057.873603,0,473
327960.865032,380878.594638,0,327
327711.570956,381064.138633,0,580
327690.586967,381099.583545,0,643
328298.261404,380874.161887,0,730
327786.490862,381004.688515,0,70
327759.582105,381033.276411,0,615
328203.52388,380838.678803,0,730
328065.234697,380897.627062,0,661
328109.324439,380850.459346,0,197
327758.304302,381020.141702,0,653
327901.044046,381016.076167,0,298
328064.001644,380973.657264,0,591
328111.205256,380809.905879,0,311
327878.274246,381007.373281,0,41
328022.181706,380928.90083,0,632
327869.524461,380988.463296,0,264
327638.417131,381023.430738,0,474
327943.206598,380959.246183,0,294
327970.49761,380925.821736,0,730
327681.239626,380999.960365,0,411
328205.982911,380920.746527,0,730
328281.850147,380874.791866,0,258
328109.112139,381013.530313,0,660
328001.307278,380922.742789,0,189
328079.316871,380909.825734,0,707
328137.671126,380914.828161,0,730
328092.689237,380837.36251,0,730
328110.782171,380791.993626,0,192
328277.90678,380863.048273,0,334
327886.211802,380964.190642,0,645
328081.334469,381007.236785,0,684
328088.835711,380904.384971,0,730
327795.36029,380958.544743,0,562
328108.241005,381017.257497,0,730
328173.534103,380889.250044,0,248
327929.497771,380885.366927,0,191
328132.280134,380982.244779,0,730
328191.764293,380902.073223,0,324
328026.483146,380845.573924,0,270
327726.492467,381006.323096,0,305
328135.030123,380951.221597,0,478
328254.536917,380903.37847,0,730
327637.423618,381029.415069,0,510
328104.391775,380790.659892,0,730
328106.308463,380946.913904,0,575
328068.985945,381015.440181,0,730
328222.105011,380858.384903,0,7
328193.588968,380864.694807,0,730
328179.994649,381017.228415,0,730
327877.454482,380923.995061,0,184
328120.51599,380997.808236,0,730
328226.356399,380867.986379,0,358
327860.036949,381002.155068,0,608
328184.407231,380992.331119,0,146
328212.632752,380844.191512,0,612
328077.317981,380938.821336,0,527
327802.051851,380979.723067,0,644
327672.324938,380994.157007,0,730
327773.727122,380988.280015,0,317
328248.768508,380869.341256,0,730
327706.746175,380996.45151,0,730
328263.160207,380881.114538,0,372
328135.527891,380908.258426,0,234
327899.136012,380957.29397,0,646
327762.831159,381056.082055,0,730
328048.566481,380909.708975,0,730
328154.913097,381010.204004,0,196
327822.567204,380957.009155,0,634
327712.129857,381043.501461,0,730
328090.005261,380848.735476,0,730
328121.501789,380947.741319,0,49
328156.268913,380873.24249,0,730
328055.562297,380967.475637,0,220
328244.332237,380863.194664,0,730
328170.110998,380935.049366,0,730
327931.389795,380956.242595,0,476
328274.667388,380880.68462,0,118
327896.20252,381029.105691,0,730
327884.779751,380998.789729,0,620
328225.571442,380898.983498,0,730
327984.644189,380849.271389,0,534
328131.088649,380859.226866,0,616
328238.7154,380841.001509,0,730
327904.569158,380923.531279,0,619
327919.749411,381024.218111,0,730
328144.176184,380972.478215,0,730
327946.704172,380910.769183,0,701
327633.711783,381025.159894,0,730
