331387.42079,379713.483395,0,730
331332.496856,379480.260113,0,730
331297.823763,379634.674521,0,730
331335.192711,379706.644819,0,730
331344.905416,379411.717677,0,730
331308.378069,379739.082652,0,730
331322.503753,379672.273189,0,730
331282.467848,379686.081191,0,730
331350.193498,379743.941119,0,730
331249.117679,379636.242725,0,730
331377.669142,379400.87259,0,730
331307.346067,379478.327407,0,730
331249.08404,379507.296918,0,730
331279.480999,379736.558454,0,730
331278.884293,379547.810477,0,730
331256.28846,379752.702845,0,730
331238.84854,379697.319036,0,730
331294.833355,379631.460688,0,730
331373.062438,379621.583882,0,730
331167.297916,379549.043338,0,730
331278.590646,379613.25675,0,730
331273.128477,379556.400582,0,730
331335.798376,379703.704019,0,730
331261.872251,379433.805341,0,730
331141.047088,379434.200686,0,730
331262.275139,379435.206795,0,730
331281.936194,379630.879295,0,730
331182.970687,379456.867713,0,730
331151.198348,379433.17125,0,730
331379.991443,379506.681313,0,730
331253.575309,379496.665022,0,730
331175.682763,379579.406323,0,730
331169.882138,379444.506558,0,730
331225.294366,379657.059907,0,730
331162.703145,379485.29268,0,730
331285.139447,379447.458642,0,730
331332.705643,379680.026721,0,730
331241.290906,379492.804464,0,730
331367.032507,379503.527131,0,730
331275.070508,379692.047466,0,730
331307.64924,379593.243788,0,730
331373.232704,379508.360128,0,730
331202.785566,379635.332506,0,730
331340.305907,379563.9351,0,730
331273.763817,379621.194872,0,730
331251.308178,379481.883208,0,730
331217.370764,379668.528047,0,730
331226.319829,379634.186434,0,730
331360.950644,379605.524464,0,730
331347.284903,379635.501181,0,730
331331.32478,379502.801604,0,730
331189.453037,379580.386889,0,730
331316.704962,379624.398343,0,730
331236.568842,379650.458805,0,730
331165.067444,379712.327133,0,730
331142.991378,379478.67037,0,730
331321.697028,379704.744913,0,730
331335.44984,379544.281969,0,730
331232.909102,379455.655695,0,730
331279.381893,379490.638718,0,730
331380.936532,379749.274596,0,730
331264.177616,379662.308467,0,730
331198.770526,379446.701652,0,730
331166.383838,379514.216432,0,730
331323.169748,379436.433089,0,730
331214.660341,379753.978787,0,730
331318.135526,379708.620049,0,730
331390.90026,379749.456423,0,730
331160.065694,379560.166165,0,730
331323.137309,379656.082008,0,730
331343.473728,379578.666314,0,730
331287.146271,379726.926663,0,730
331205.843445,379557.44224,0,730
331382.602267,379601.949502,0,730
331177.689963,379714.130321,0,730
331311.078084,379693.041526,0,730
331309.552243,379418.962468,0,730
331382.058386,379584.866128,0,730
331151.544877,379528.614519,0,730
331281.903197,379650.903568,0,730
331146.838902,379474.73489,0,730
331267.728272,379445.132009,0,730
331205.79065,379649.853379,0,730
331206.539328,379731.511817,0,730
331368.217232,379584.216735,0,730
331279.805653,379443.240396,0,730
331187.109854,379647.378149,0,730
331337.43463,379415.634366,0,730
331156.753765,379496.332394,0,730
331250.304868,379502.010949,0,730
331165.815086,379447.995455,0,730
331268.538224,379719.572072,0,730
331355.56292,379652.877785,0,730
331213.687406,379745.395004,0,730
331349.084472,379462.140014,0,730
331183.155141,379642.104345,0,730
331277.378189,379528.684038,0,730
331289.69898,379451.289107,0,730
331341.372075,379621.293774,0,730
331318.06882,379417.940457,0,730
331140.733952,379428.318889,0,730
331289.726657,379704.066626,0,730
331318.423917,379630.372108,0,730
331285.945446,379530.429702,0,730
331196.202536,379604.239256,0,730
331250.721993,379408.417303,0,730
331279.511538,379611.628957,0,730
331234.74242,379679.673618,0,730
331282.083221,379580.734097,0,730
331331.989622,379669.180202,0,730
331251.909701,379651.129659,0,730
331382.157695,379720.467938,0,730
331278.815653,379508.953882,0,730
331168.53351,379616.524882,0,730
331265.266425,379693.861668,0,730
331359.216291,379578.63164,0,730
331367.119119,379525.324752,0,730
331165.319821,379653.319791,0,730
331308.615175,379753.497453,0,730
331310.924632,379608.593623,0,730
331375.256248,379483.314945,0,730
331255.456684,379543.187284,0,730
331327.979698,379446.992582,0,730
331236.392091,379572.53326,0,730
331149.205343,379506.315108,0,730
331256.029243,379463.523134,0,730
331150.460933,379485.348141,0,730
331256.330743,379581.841242,0,730
331255.376377,379546.085839,0,730
331219.31656,379465.244715,0,730
331354.582652,379422.206306,0,730
331247.910086,379667.355811,0,730
331319.144647,379563.212641,0,730
331349.995516,379521.407548,0,730
331286.046518,379723.46445,0,730
331278.118529,379477.766295,0,730
331211.665223,379613.754152,0,730
331221.688434,379463.256759,0,730
331184.226265,379540.747519,0,730
331339.2253,379430.542156,0,730
331261.821332,379659.660756,0,730
331360.456288,379461.723319,0,730
331385.899857,379490.337526,0,730
331374.911522,379504.58962,0,730
331382.026654,379528.65529,0,730
331280.726512,379527.463988,0,730
331344.916013,379724.858991,0,730
331217.10837,379496.696491,0,730
331247.171623,379751.765526,0,730
331181.307809,379473.341806,0,730
331275.438815,379657.699756,0,730
331159.134732,379589.528589,0,730
331204.498499,379685.772922,0,730
331182.350802,379471.25259,0,730
331226.220885,379417.50425,0,730
331189.126125,379660.942791,0,730
331303.691825,379750.532162,0,730
331329.284635,379521.492942,0,730
331155.927403,379626.113613,0,730
331183.596756,379426.055245,0,730
331257.045504,379595.394949,0,730
331200.344104,379724.165075,0,730
331172.176662,379733.392655,0,730
331337.412558,379710.949217,0,730
331377.566968,379738.231353,0,730
331191.11144,379577.339817,0,730
331191.865387,379506.285716,0,730
331168.163875,379556.385267,0,730
331188.936941,379618.688659,0,730
331164.924016,379540.614534,0,730
331272.19421,379679.329622,0,730
331257.342645,379747.288289,0,730
331329.280314,379544.225447,0,730
331299.854071,379485.875028,0,730
331332.756244,379749.572039,0,730
331361.79102,379539.604711,0,730
331338.364375,379661.597734,0,730
331268.401031,379636.648803,0,730
331243.709606,379478.448116,0,730
331174.44738,379646.424427,0,730
331229.186311,379653.98074,0,730
331361.788069,379418.31154,0,730
331327.036292,379414.676445,0,730
331340.894473,379673.736429,0,730
331198.665331,379630.06403,0,730
331201.257786,379697.983075,0,730
331151.396101,379544.415543,0,730
331309.131528,379686.657098,0,730
331307.261762,379710.441849,0,730
331242.651661,379486.726225,0,730
331162.911305,379477.347569,0,730
331266.018247,379438.566129,0,730
331393.113493,379601.824728,0,730
331281.451374,379728.697826,0,730
331317.18522,379518.627021,0,730
331380.452019,379630.009027,0,730
331298.200422,379654.676556,0,730
331250.107383,379515.655981,0,730
331301.303493,379423.943359,0,730
331186.961904,379684.849614,0,730
331391.226699,379745.674579,0,730
331317.579515,379406.455016,0,730
331209.061863,379726.999853,0,730
331222.878662,379667.254486,0,730
331266.03598,379451.328845,0,730
331193.901048,379726.851798,0,730
331178.172976,379643.171301,0,730
331236.353949,379728.726702,0,730
331200.107236,379657.826039,0,730
331201.807581,379515.810524,0,730
331208.222137,379456.187582,0,730
331191.816347,379628.666448,0,730
331362.827394,379439.400111,0,730
331221.73206,379742.99794,0,730
331267.265526,379502.962245,0,730
331368.362222,379401.97536,0,730
331245.175677,379472.015387,0,730
331261.565162,379546.653863,0,730
331375.85913,379660.946025,0,730
331350.188,379634.887294,0,730
331316.340026,379530.970873,0,730
331200.093964,379522.864412,0,730
331388.522821,379551.60519,0,730
331256.982497,379688.512952,0,730
331331.518596,379547.450093,0,730
331170.419513,379639.193762,0,730
331291.470169,379480.286351,0,730
331377.596157,379557.950449,0,730
331348.774302,379565.598053,0,730
331335.634543,379401.716323,0,730
331328.095028,379602.31005,0,730
331377.429614,379586.292343,0,730
331150.043488,379561.023688,0,730
331306.092025,379582.656577,0,730
331348.431323,379489.928606,0,730
331172.365798,379491.988931,0,730
331253.714827,379583.077149,0,730
331287.722726,379632.218035,0,730
331149.017249,379478.853879,0,730
331139.272627,379435.390445,0,730
331247.384355,379463.75315,0,730
331236.81552,379628.122018,0,730
331245.846641,379668.195769,0,730
331334.656725,379672.373166,0,730
331352.561578,379575.049827,0,730
331247.019034,379519.565845,0,730
331238.189362,379623.384402,0,730
331368.912682,379618.103807,0,730
331286.631602,379702.765078,0,730
331166.575052,379607.083274,0,730
331207.6972,379605.116757,0,730
331212.406086,379636.077456,0,730
331309.01191,379500.072289,0,730
331354.501981,379670.487007,0,730
331233.963432,379555.942564,0,730
331168.504573,379459.87473,0,730
331314.126285,379416.805812,0,730
331178.97897,379645.929732,0,730
331163.46496,379603.221876,0,730
331306.007747,379607.187292,0,730
331168.111328,379569.39027,0,730
331326.403333,379632.065022,0,730
331268.226043,379440.200203,0,730
331375.522463,379721.555513,0,730
331222.069434,379749.335298,0,730
331196.075934,379509.627036,0,730
331186.704021,379705.981611,0,730
331281.661064,379695.418925,0,730
331170.837934,379569.683693,0,730
331252.393332,379615.658715,0,730
331282.216397,379746.856155,0,730
331311.254362,379736.36615,0,730
331176.483003,379743.500234,0,730
331337.250095,379666.567223,0,730
331194.186769,379666.222483,0,730
331365.849326,379603.594401,0,730
331240.115023,379510.174452,0,730
331176.338931,379547.506902,0,730
331172.218071,379464.513269,0,730
331300.017826,379654.026311,0,730
331293.625773,379659.999395,0,730
331199.925968,379722.983783,0,730
331268.767791,379665.325335,0,730
331274.521148,379638.953484,0,730
331374.056292,379460.285476,0,730
331166.747617,379481.572425,0,730
331191.3748,379736.87572,0,730
331203.474345,379576.61231,0,730
331330.966234,379445.87218,0,730
331190.287284,379702.357983,0,730
331216.749908,379543.902996,0,730
331331.166919,379663.346193,0,730
331240.807957,379416.31898,0,730
331392.138584,379594.594056,0,730
331274.593411,379425.797487,0,730
331258.133707,379604.074255,0,730
331170.387391,379696.616656,0,730
331209.555421,379535.009106,0,730
331144.306004,379476.638786,0,730
331270.096524,379551.598902,0,730
331338.162167,379398.866666,0,730
331143.577885,379500.181383,0,730
331342.689257,379495.815774,0,730
331298.5584,379422.075868,0,730
331299.964086,379434.357593,0,730
331379.946699,379719.4564,0,730
331180.419679,379726.621239,0,730
331341.90455,379428.124344,0,730
331264.590991,379549.727728,0,730
331242.720504,379551.228495,0,730
331376.796314,379718.309669,0,730
331253.570075,379449.701946,0,730
331184.0073,379449.928074,0,730
331245.80394,379569.529931,0,730
331338.805892,379459.810363,0,730
331178.895826,379550.741051,0,730
331358.631872,379475.717609,0,730
331382.727998,379470.387056,0,730
331347.382929,379559.804724,0,730
331309.338089,379504.335685,0,730
331334.307933,379600.091705,0,730
331272.846699,379631.334793,0,730
331228.773017,379623.276197,0,730
331200.006863,379458.573807,0,730
331198.590388,379566.94606,0,730
331344.556272,379586.545989,0,730
331174.922519,379530.226148,0,730
331238.959662,379575.382688,0,730
331356.602953,379703.990947,0,730
331185.856724,379434.966057,0,730
331295.109471,379458.450167,0,730
331246.258922,379455.046272,0,730
331268.555042,379469.610454,0,730
331246.152513,379720.514586,0,730
331183.646353,379629.15367,0,730
331314.031748,379723.983057,0,730
331346.501929,379549.607496,0,730
331248.775844,379488.300331,0,730
331199.363772,379693.646171,0,730
331376.788199,379568.336228,0,730
331279.943366,379702.209271,0,730
331385.538322,379534.745882,0,730
331296.741671,379711.502234,0,730
331235.439136,379625.804102,0,730
331326.59402,379724.774125,0,730
331282.535187,379577.216157,0,730
331211.803758,379523.202104,0,730
331387.79023,379615.935304,0,730
331148.166337,379460.490522,0,730
331193.902053,379568.999231,0,730
331160.12708,379651.730535,0,730
331265.09578,379471.808704,0,730
331267.818264,379556.529014,0,730
331399.151389,379692.935364,0,730
331178.231939,379534.878141,0,730
331359.975274,379474.88843,0,730
331354.538807,379582.52641,0,730
331259.90364,379488.795787,0,730
331327.390921,379616.806887,0,730
331170.91954,379612.978238,0,730
331338.22426,379483.247417,0,730
331230.384537,379609.810032,0,730
331149.490093,379462.589485,0,730
331243.996932,379601.393374,0,730
331299.19979,379558.93848,0,730
331198.781429,379493.943913,0,730
331230.514497,379687.65504,0,730
331238.959909,379432.475385,0,730
331347.120798,379634.119063,0,730
331339.162121,379407.477697,0,730
331257.515369,379577.732275,0,730
331289.814293,379549.850312,0,730
331318.950642,379563.214337,0,730
331188.698721,379742.256319,0,730
331213.070422,379554.17515,0,730
331195.328479,379454.509597,0,730
331203.344045,379530.196432,0,730
331266.650578,379607.924537,0,730
331182.552246,379441.824284,0,730
331169.737909,379518.905614,0,730
331317.237156,379709.833566,0,730
331209.387899,379696.7387,0,730
331269.752226,379593.255867,0,730
331145.581929,379452.811863,0,730
331267.154131,379427.703318,0,730
331330.132472,379492.352242,0,730
331175.92965,379446.399868,0,730
331341.314007,379510.16043,0,730
331233.806788,379445.656219,0,730
331317.024228,379579.931475,0,730
331364.219702,379712.32303,0,730
331165.623752,379420.410643,0,730
331385.59,379639.7706,0,730
331164.351443,379522.209099,0,730
331330.091799,379471.238804,0,730
331374.074398,379728.023439,0,730
331188.042614,379623.303222,0,730
331168.687352,379666.363239,0,730
331297.843791,379503.401887,0,730
331206.997928,379670.566922,0,730
331273.601669,379702.356866,0,730
331305.131353,379439.838853,0,730
331157.322468,379536.259732,0,730
331382.18321,379707.900294,0,730
331365.590917,379627.818764,0,730
331259.092074,379459.572222,0,730
331201.964943,379624.321349,0,730
331184.240706,379479.321337,0,730
331383.664534,379590.684416,0,730
331354.386876,379585.256986,0,730
331331.629525,379499.007315,0,730
331379.079732,379610.86725,0,730
331362.050661,379441.344457,0,730
331286.832727,379662.181744,0,730
331230.831356,379550.321096,0,730
331238.324248,379582.999722,0,730
331273.798646,379428.21795,0,730
331288.561449,379597.282386,0,730
331375.470335,379724.637938,0,730
331231.801347,379486.794366,0,730
331174.003863,379735.747742,0,730
331287.879679,379636.525264,0,730
331306.980519,379692.00416,0,730
331258.861949,379695.124591,0,730
331318.626948,379715.032027,0,730
331303.349644,379524.722577,0,730
331258.899688,379407.619548,0,730
331168.389289,379720.745496,0,730
331384.885434,379713.415741,0,730
331313.22147,379436.519661,0,730
331313.998834,379625.161655,0,730
331256.740139,379432.764274,0,730
331391.264353,379564.002389,0,730
331368.494926,379545.29086,0,730
331380.597423,379718.072207,0,730
331253.020741,379714.107282,0,730
331205.35436,379692.633393,0,730
331276.348533,379593.822475,0,730
331250.66146,379651.366037,0,730
331346.996158,379678.5485,0,730
331337.247995,379613.873888,0,730
331331.034987,379668.545854,0,730
331156.994225,379519.207495,0,730
331342.382341,379522.825736,0,730
331363.72437,379658.768499,0,730
331205.510713,379698.072613,0,730
331265.09897,379447.825726,0,730
331290.431071,379448.644766,0,730
331169.710451,379535.41757,0,730
331308.243679,379538.595747,0,730
331297.901771,379546.097541,0,730
331328.988168,379619.615104,0,730
331300.303643,379729.707679,0,730
331222.102066,379679.324248,0,730
331175.53258,379705.199593,0,730
331228.422113,379427.28849,0,730
331267.238753,379713.030725,0,730
331383.302456,379477.005948,0,730
331187.714659,379624.081778,0,730
331192.696998,379614.227948,0,730
331325.109133,379579.478474,0,730
331160.50162,379457.801719,0,730
331270.855021,379579.015689,0,730
331202.80058,379688.785567,0,730
331212.50081,379710.373049,0,730
331230.601643,379428.090019,0,730
331159.840935,379427.221329,0,730
331192.992892,379618.365452,0,730
331287.922357,379630.389567,0,730
331271.478263,379461.362405,0,730
331224.789669,379744.583646,0,730
331260.277867,379699.765598,0,730
331257.330256,379573.833012,0,730
331319.233797,379569.359143,0,730
331249.689288,379417.836272,0,730
331203.800032,379617.22919,0,730
331227.679699,379604.584299,0,730
331311.432757,379487.509433,0,730
331263.910458,379639.503355,0,730
331376.392223,379449.757979,0,730
331253.404015,379665.988061,0,730
331233.352382,379666.893704,0,730
331259.182026,379637.520684,0,730
331302.15057,379718.575819,0,730
331287.360807,379435.874795,0,730
331175.372623,379752.800334,0,730
331152.609613,379466.994511,0,730
331295.321862,379595.273481,0,730
331210.611943,379582.398456,0,730
331216.551532,379457.554171,0,730
331383.657055,379577.318484,0,730
331372.255125,379446.332104,0,730
331261.379466,379430.187471,0,730
331393.704416,379698.400394,0,730
331211.56562,379530.802713,0,730
331240.239726,379650.241464,0,730
331254.662826,379408.869451,0,730
331268.270609,379681.503055,0,730
331154.352431,379600.90814,0,730
331366.706696,379451.874079,0,730
331347.78761,379437.339692,0,730
331277.683416,379573.3164,0,730
331263.351934,379744.574536,0,730
331212.877256,379636.765776,0,730
331391.520096,379599.489766,0,730
331302.484873,379638.704897,0,730
331160.345801,379672.426863,0,730
331216.49493,379639.332961,0,730
331391.225098,379737.93054,0,730
331378.416194,379506.948564,0,730
331237.100952,379631.024965,0,730
331307.878219,379713.712455,0,730
331370.74841,379711.891168,0,730
331245.94737,379515.010898,0,730
331195.96454,379491.213077,0,730
331186.378246,379501.536302,0,730
331312.992901,379436.552313,0,730
331249.798447,379542.679912,0,730
331262.50291,379669.528534,0,730
331271.60175,379754.289891,0,730
331174.12842,379426.302569,0,730
331235.483209,379743.563482,0,730
331183.01429,379588.167626,0,730
331226.541102,379733.151345,0,730
331390.433461,379623.924485,0,730
331303.244922,379458.893419,0,730
331284.037781,379676.801817,0,730
331359.987314,379398.344836,0,730
331207.206545,379645.920982,0,730
331254.771831,379444.362029,0,730
331148.109232,379470.039356,0,730
331218.100485,379621.756024,0,730
331371.664983,379675.207004,0,730
331164.87618,379525.380542,0,730
331219.512905,379442.150986,0,730
331284.075273,379743.602012,0,730
331243.579694,379513.47957,0,730
331380.344356,379695.596922,0,730
331294.327578,379705.777889,0,730
331399.76093,379747.151582,0,730
331348.699042,379536.00565,0,730
331247.781399,379728.938001,0,730
331272.814662,379653.745633,0,730
331178.786329,379616.825634,0,730
331155.081372,379442.848579,0,730
331219.162201,379658.57501,0,730
331235.582108,379541.850419,0,730
331251.625088,379728.71089,0,730
331374.893803,379489.139684,0,730
331280.460886,379687.957281,0,730
331162.008712,379445.328887,0,730
331181.575152,379698.945938,0,730
331393.934708,379686.267235,0,730
331285.924988,379485.007402,0,730
331235.167877,379675.254375,0,730
331372.036617,379468.176583,0,730
331276.088117,379607.154569,0,730
331216.506266,379540.583359,0,730
331274.728353,379694.171451,0,730
331371.842567,379416.180964,0,730
331318.651329,379572.461495,0,730
331221.065706,379476.646953,0,730
331199.687699,379579.486291,0,730
331166.153002,379643.956293,0,730
331169.19523,379670.08183,0,730
331382.644258,379505.213913,0,730
331160.725849,379460.786586,0,730
331306.237949,379440.9539,0,730
331221.295078,379426.870374,0,730
331382.626593,379748.708039,0,730
331252.374205,379415.285322,0,730
331376.887316,379597.64124,0,730
331228.746955,379458.586145,0,730
331245.590133,379573.475828,0,730
331293.099137,379749.358012,0,730
331268.088859,379418.938144,0,730
331209.48016,379743.768999,0,730
331174.177213,379484.632607,0,730
331215.14732,379698.285585,0,730
331280.940994,379648.144156,0,730
331231.593861,379746.930938,0,730
331279.703511,379718.729682,0,730
331218.764805,379446.856678,0,730
331309.969507,379686.848152,0,730
331389.319187,379619.032996,0,730
331186.648252,379693.226657,0,730
331183.568463,379469.881054,0,730
331218.829422,379702.566974,0,730
331395.985583,379658.244293,0,730
331243.491152,379699.536702,0,730
331323.354131,379400.236528,0,730
331332.739853,379709.675338,0,730
331333.631753,379753.468139,0,730
331225.737049,379556.042216,0,730
331238.25003,379683.598902,0,730
331202.696046,379647.198672,0,730
331141.717293,379436.463321,0,730
331258.095005,379429.180484,0,730
331185.568742,379559.924963,0,730
331395.205965,379643.409087,0,730
331171.687309,379710.929805,0,730
331196.94362,379724.491678,0,730
331298.038102,379574.123093,0,730
331351.07282,379608.245377,0,730
331254.993396,379454.706296,0,730
331205.957696,379740.442557,0,730
331230.897118,379465.339229,0,730
331248.371308,379419.546192,0,730
331315.417925,379514.528414,0,730
331255.136249,379434.957641,0,730
331325.240319,379736.807401,0,730
331397.090944,379675.894455,0,730
331212.381002,379504.836881,0,730
331260.518384,379632.483507,0,730
331375.289924,379531.765834,0,730
331246.254764,379541.367042,0,730
331354.837481,379682.71027,0,730
331179.234738,379736.844225,0,730
331368.276919,379416.850745,0,730
331135.366036,379426.858065,0,730
331261.265469,379550.383576,0,730
331295.483668,379723.369943,0,730
331402.311984,379738.512352,0,730
331295.179293,379447.764361,0,730
331343.952535,379678.519645,0,730
331381.14285,379507.233357,0,730
331287.413347,379684.851394,0,730
331193.302526,379701.528215,0,730
331237.155502,379507.832891,0,730
331371.296179,379481.774836,0,730
331344.085059,379642.131374,0,730
331244.408922,379710.229791,0,730
331148.852348,379558.012578,0,730
331285.924951,379450.047787,0,730
331299.744995,379688.191539,0,730
331334.850586,379642.466508,0,730
331396.996849,379728.416057,0,730
331336.131093,379413.422114,0,730
331219.346421,379544.441472,0,730
331305.91319,379694.317133,0,730
331225.868298,379692.926883,0,730
331226.867433,379477.507164,0,730
331361.951673,379533.044074,0,730
331187.473658,379424.638632,0,730
331211.235426,379719.793674,0,730
331151.552071,379482.159063,0,730
331336.339049,379708.952711,0,730
331317.184893,379496.292614,0,730
331393.483961,379756.19744,0,730
331173.402912,379748.997783,0,730
331216.108462,379604.05722,0,730
331149.809886,379516.794222,0,730
331210.210822,379616.438664,0,730
331206.290505,379425.012159,0,730
331303.729077,379526.624909,0,730
331348.523845,379581.792009,0,730
331355.678328,379684.724491,0,730
331366.547485,379627.620956,0,730
331152.996331,379463.29606,0,730
331312.444718,379671.409553,0,730
331164.489429,379462.367783,0,730
331275.206779,379727.863672,0,730
331349.027896,379604.144101,0,730
331341.45069,379509.082998,0,730
331395.003745,379708.505732,0,730
331237.270922,379696.235401,0,730
331340.777587,379756.64554,0,730
331217.221255,379576.78419,0,730
331349.808479,379424.325702,0,730
331344.322605,379638.941787,0,730
331202.954389,379591.88151,0,730
331195.993231,379629.831183,0,730
331191.952826,379487.137042,0,730
331283.607756,379658.440772,0,730
331162.892555,379626.269731,0,730
331265.900148,379607.252086,0,730
331346.327396,379652.200362,0,730
331153.555997,379418.315081,0,730
331354.685086,379737.314213,0,730
331206.440496,379747.925881,0,730
331295.231005,379723.387365,0,730
331261.368864,379715.101188,0,730
331286.849755,379589.060603,0,730
331195.525338,379467.578102,0,730
331335.353479,379591.140757,0,730
331168.744177,379439.405747,0,730
331186.518691,379599.036447,0,730
331234.963139,379752.091262,0,730
331334.806956,379433.954673,0,730
331287.78211,379602.960981,0,730
331306.700697,379459.538365,0,730
331278.547475,379555.926839,0,730
331168.588909,379579.753836,0,730
331321.306302,379650.179172,0,730
331361.650376,379504.843839,0,730
331135.707846,379448.312832,0,730
331207.145651,379678.617561,0,730
331217.166988,379582.40264,0,730
331365.0614,379734.650497,0,730
331342.189246,379568.329019,0,730
331371.081643,379693.242085,0,730
331370.656081,379596.92167,0,730
331270.768309,379720.618083,0,730
331251.8467,379684.863399,0,730
331275.390466,379495.88944,0,730
331283.234676,379606.016847,0,730
331333.595837,379648.378091,0,730
331374.986312,379620.495458,0,730
331324.049413,379498.966294,0,730
331304.152085,379671.272428,0,730
331239.06094,379604.419925,0,730
331298.345661,379700.14114,0,730
331393.992167,379738.511794,0,730
331392.960385,379585.669898,0,730
331296.363117,379412.222759,0,730
331293.521529,379716.001329,0,730
331266.460949,379424.791573,0,730
331280.771493,379625.937279,0,730
331312.484612,379506.008915,0,730
331221.841477,379653.255868,0,730
331233.299678,379627.375294,0,730
331243.797737,379662.457114,0,730
331282.402099,379716.376643,0,730
331241.426121,379601.479522,0,730
331148.989088,379533.525434,0,730
331250.414469,379423.974125,0,730
331294.697058,379714.309214,0,730
331371.229903,379570.109986,0,730
331247.845634,379750.29736,0,730
331298.469217,379426.65199,0,730
331242.399851,379510.063287,0,730
331223.075371,379575.836352,0,730
331195.326188,379586.864101,0,730
331351.206907,379651.429092,0,730
331162.32212,379496.656113,0,730
331205.706049,379445.185538,0,730
331178.776251,379567.759299,0,730
331280.276706,379734.071469,0,730
331322.578698,379712.271748,0,730
331193.411949,379671.314763,0,730
331249.463161,379631.365786,0,730
331224.315478,379445.780839,0,730
331377.434204,379542.072617,0,730
331337.400618,379446.11485,0,730
331204.235781,379573.276863,0,730
331192.581309,379707.904707,0,730
331259.165684,379688.30137,0,730
331209.745001,379539.318009,0,730
331298.00759,379657.344448,0,730
331376.276847,379541.922381,0,730
331183.653662,379686.540733,0,730
331357.424549,379583.585659,0,730
331374.825541,379522.453105,0,730
331296.073286,379673.101444,0,730
331179.422492,379654.949852,0,730
331297.210616,379471.191424,0,730
331154.930796,379612.056169,0,730
331234.187648,379509.431992,0,730
331176.456362,379645.992966,0,730
331305.069447,379674.236895,0,730
331159.572276,379627.751325,0,730
331282.704368,379558.88227,0,730
331268.3796,379721.488411,0,730
331367.016141,379575.884967,0,730
331324.693742,379726.17142,0,730
331246.27462,379538.652778,0,730
331255.898845,379488.325389,0,730
331274.636515,379444.688412,0,730
331279.817796,379568.502526,0,730
331355.709427,379465.124018,0,730
331356.788798,379439.421659,0,730
331333.057734,379609.843046,0,730
331165.483423,379453.020756,0,730
331339.535074,379577.800152,0,730
331147.649808,379550.81193,0,730
331333.633095,379658.054665,0,730
331367.015351,379426.637017,0,730
331365.406854,379660.727564,0,730
331347.990209,379471.670383,0,730
331330.118177,379743.516479,0,730
331150.785403,379511.752073,0,730
331389.059403,379701.750095,0,730
331229.809949,379461.056218,0,730
331265.440437,379496.25767,0,730
331274.524786,379680.113007,0,730
331171.238139,379425.236872,0,730
331275.892369,379416.527488,0,730
331330.648125,379599.762041,0,730
331199.205611,379704.231909,0,730
331358.034366,379708.820718,0,730
331345.324077,379756.967812,0,730
331301.827364,379622.681662,0,730
331355.533452,379700.749811,0,730
331333.35333,379430.463741,0,730
331382.826679,379696.739913,0,730
331245.663824,379418.809125,0,730
331381.847435,379587.445983,0,730
331367.54999,379463.569622,0,730
331264.859691,379408.286235,0,730
331375.972442,379627.981864,0,730
331359.756011,379744.069088,0,730
331301.983457,379612.364454,0,730
331255.270941,379561.477903,0,730
331350.767173,379475.697062,0,730
331357.168093,379525.993617,0,730
331164.527237,379424.511586,0,730
331163.066346,379445.277949,0,730
331181.089358,379537.490374,0,730
331357.13185,379694.095823,0,730
331241.793606,379750.460517,0,730
331393.725382,379690.508644,0,730
331187.682687,379423.762074,0,730
331205.799329,379425.580009,0,730
331298.705266,379478.773595,0,730
331246.58156,379433.84603,0,730
331226.658501,379481.618481,0,730
331190.225916,379530.095491,0,730
331165.895859,379453.06522,0,730
331187.223767,379487.438571,0,730
331235.168701,379514.590838,0,730
331348.045031,379393.543614,0,730
331157.320744,379518.005443,0,730
331334.626843,379535.111806,0,730
331202.530612,379525.848616,0,730
331190.107305,379494.333258,0,730
331177.445047,379426.622408,0,730
331271.617854,379750.585289,0,730
331393.776405,379597.769722,0,730
331280.967494,379664.743768,0,730
331293.284735,379584.121298,0,730
331279.120443,379519.551606,0,730
331352.945551,379643.023222,0,730
331339.355561,379590.453717,0,730
331252.18725,379732.952041,0,730
331286.08129,379498.883812,0,730
331253.836992,379725.229261,0,730
331334.96449,379633.2007,0,730
331353.636588,379578.348298,0,730
331324.416054,379525.847478,0,730
331389.080627,379694.575483,0,730
331172.515686,379423.239474,0,730
331305.281791,379695.270835,0,730
331275.299902,379734.747473,0,730
331293.985067,379499.438742,0,730
331268.497158,379488.277868,0,730
331170.301541,379545.825848,0,730
331314.638792,379690.187691,0,730
331272.421272,379566.094603,0,730
331247.458483,379576.763299,0,730
331159.006486,379418.596009,0,730
331314.571421,379527.386052,0,730
331171.671899,379583.651465,0,730
331204.305304,379668.921176,0,730
331319.16316,379668.840248,0,730
331185.939437,379587.916944,0,730
331352.265966,379436.322884,0,730
331343.840787,379409.444437,0,730
331382.159468,379731.912557,0,730
331174.597916,379485.015594,0,730
331231.153092,379545.503272,0,730
331159.205128,379614.139306,0,730
331249.608265,379658.132983,0,730
331164.439656,379592.349509,0,730
331274.932043,379545.082356,0,730
331150.108812,379546.495021,0,730
331252.698262,379460.777781,0,730
331152.834958,379556.230883,0,730
331390.859042,379579.234999,0,730
331191.195152,379616.60619,0,730
331291.072208,379702.812758,0,730
331307.721679,379413.997285,0,730
331187.231597,379714.925258,0,730
331235.553553,379705.262818,0,730
331279.917833,379703.976658,0,730
331188.39924,379734.504476,0,730
331181.894845,379601.212867,0,730
331244.327449,379479.207636,0,730
331385.978955,379601.520321,0,730
331265.37342,379588.872975,0,730
331208.764631,379414.347172,0,730
331186.673209,379456.950627,0,730
331381.20912,379754.681635,0,730
331355.406854,379487.200129,0,730
331339.253924,379718.569612,0,730
331287.306657,379633.842467,0,730
331403.663197,379729.102537,0,730
331374.613684,379527.10045,0,730
331255.666769,379520.364127,0,730
331383.808551,379504.321247,0,730
331374.777856,379394.211898,0,730
331207.235565,379416.589461,0,730
331356.705095,379664.68227,0,730
331178.468098,379449.601065,0,730
331219.894941,379527.863434,0,730
331225.835387,379617.689815,0,730
331264.953412,379473.986119,0,730
331293.733612,379693.104723,0,730
331312.167519,379725.878893,0,730
331151.511746,379547.902768,0,730
331257.893395,379559.192117,0,730
331216.504706,379465.09314,0,730
331327.540136,379421.584206,0,730
331310.004076,379679.806733,0,730
331303.995332,379490.460389,0,730
331180.095272,379616.319643,0,730
331316.86886,379619.415748,0,730
331354.495668,379653.500424,0,730
331317.688933,379689.036819,0,730
331200.031079,379485.251785,0,730
331377.339204,379543.917707,0,730
331267.324073,379637.317164,0,730
331191.622603,379508.95076,0,730
331266.308606,379650.629399,0,730
331319.476206,379452.326425,0,730
331182.984662,379608.141569,0,730
331224.089997,379720.71015,0,730
331183.971753,379434.222585,0,730
331184.56066,379528.554192,0,730
331166.337794,379474.666512,0,730
331342.632702,379576.878785,0,730
331356.684991,379446.375757,0,730
331243.245825,379555.964051,0,730
331290.7134,379483.446617,0,730
331331.34101,379666.916873,0,730
331357.166944,379713.53889,0,730
331344.128556,379478.895757,0,730
331290.544648,379413.704506,0,730
331183.198173,379733.182807,0,730
331159.859161,379582.010182,0,730
331187.297181,379657.574451,0,730
331176.611108,379652.09126,0,730
331246.531122,379497.365484,0,730
331160.499703,379553.857263,0,730
331342.377462,379668.083451,0,730
331135.599066,379440.660697,0,730
331203.044569,379702.316167,0,730
331288.168666,379718.818827,0,730
331179.608079,379470.378917,0,730
331337.379117,379721.671301,0,730
331164.275317,379616.622426,0,730
331333.291247,379420.036257,0,730
331193.941817,379675.129492,0,730
331387.253735,379579.993941,0,730
331314.103059,379455.219405,0,730
331375.407477,379427.709137,0,730
331235.852975,379690.026112,0,730
331357.011736,379471.993748,0,730
331346.813608,379451.229209,0,730
331217.860806,379467.349897,0,730
331209.74108,379436.500461,0,730
331307.569842,379593.952232,0,730
331304.992732,379496.088038,0,730
331373.363274,379707.330731,0,730
331338.962535,379446.585925,0,730
331402.144597,379749.08839,0,730
331257.228334,379695.72229,0,730
331258.000149,379585.052903,0,730
331271.540892,379645.351326,0,730
331364.072401,379675.825164,0,730
331282.082651,379486.206376,0,730
331150.306072,379577.145664,0,730
331378.162542,379683.045276,0,730
331243.383901,379424.278983,0,730
331363.504406,379448.017736,0,730
331383.072454,379509.611831,0,730
331346.084025,379580.238264,0,730
331193.13716,379554.579859,0,730
331224.894935,379504.78734,0,730
331359.982902,379626.791879,0,730
331381.469853,379636.658861,0,730
331214.405594,379678.32524,0,730
331176.973057,379509.81725,0,730
331190.832229,379646.284922,0,730
331237.717134,379510.375182,0,730
331299.831427,379474.132693,0,730
331269.685165,379546.605691,0,730
331304.318035,379583.208304,0,730
331368.459575,379506.208882,0,730
331385.079962,379693.663762,0,730
331275.881178,379490.992703,0,730
331217.734843,379512.950276,0,730
331383.435204,379537.250832,0,730
331225.218629,379600.927017,0,730
331162.611743,379554.949841,0,730
331236.204014,379506.817,0,730
331152.432887,379565.253065,0,730
331260.091832,379588.41773,0,730
331275.725965,379441.250387,0,730
331260.450444,379742.596284,0,730
331321.954294,379510.162585,0,730
331240.094994,379682.867754,0,730
331338.931481,379474.056299,0,730
331164.144471,379620.936928,0,730
331245.656286,379645.808173,0,730
331350.643115,379700.209555,0,730
331175.001053,379464.83085,0,730
331239.92466,379730.172421,0,730
331287.247275,379464.446452,0,730
331222.826876,379433.253437,0,730
331260.857807,379630.455088,0,730
331402.468752,379739.167979,0,730
331323.624577,379585.728951,0,730
331255.435954,379505.23251,0,730
331188.080651,379522.556587,0,730
331297.469172,379522.783945,0,730
331181.663741,379684.401644,0,730
331240.924282,379653.177904,0,730
331324.251996,379400.032054,0,730
331286.215179,379632.939136,0,730
331307.231037,379706.547012,0,730
331211.902116,379721.106959,0,730
331298.219246,379412.923808,0,730
331155.994445,379464.861659,0,730
331165.720631,379477.764159,0,730
331378.367772,379728.858577,0,730
331323.05823,379721.525363,0,730
331291.684642,379755.438142,0,730
331328.698065,379440.864465,0,730
331296.744078,379686.288446,0,730
331332.341184,379633.024144,0,730
331158.887059,379462.292091,0,730
331170.959799,379634.943218,0,730
331161.344175,379419.184877,0,730
331291.313007,379411.004372,0,730
331227.920131,379427.920668,0,730
331338.114622,379459.599443,0,730
331301.892091,379467.965543,0,730
331253.822673,379712.610265,0,730
331382.746265,379607.342568,0,730
331201.165673,379469.387606,0,730
331282.656759,379716.932902,0,730
331235.69148,379660.614547,0,730
331226.700754,379416.60066,0,730
331291.950453,379447.069972,0,730
331346.584979,379487.205588,0,730
331187.782451,379550.742029,0,730
331400.036132,379716.046752,0,730
331225.930576,379754.03702,0,730
331315.159517,379432.071815,0,730
331255.125372,379626.74786,0,730
331378.787845,379446.019391,0,730
331292.097959,379488.292922,0,730
331292.455134,379484.802049,0,730
331313.453202,379620.746451,0,730
331361.119462,379392.138774,0,730
331251.244635,379409.335855,0,730
331157.244894,379596.25584,0,730
331361.979715,379652.113132,0,730
331289.439232,379561.351664,0,730
331239.310652,379602.003342,0,730
331331.328265,379676.650419,0,730
331353.704649,379452.1105,0,730
331182.589456,379544.74207,0,730
331193.788631,379715.485899,0,730
331202.549024,379513.666538,0,730
331188.079163,379672.378576,0,730
331193.889335,379516.132145,0,730
331194.033125,379743.875353,0,730
331294.949634,379532.064673,0,730
331225.114089,379462.245749,0,730
331313.353832,379595.310659,0,730
331191.148906,379666.975652,0,730
331211.375553,379745.577346,0,730
331226.028654,379643.456293,0,730
331158.265635,379522.698061,0,730
331144.445753,379430.783153,0,730
331290.744813,379464.573608,0,730
331339.16493,379699.156808,0,730
331365.383049,379464.905577,0,730
331393.547299,379689.964201,0,730
331360.668181,379604.078898,0,730
331322.473045,379486.649236,0,730
331253.019809,379547.640121,0,730
331275.550087,379690.902166,0,730
331367.00056,379619.914861,0,730
331193.839985,379460.386332,0,730
331255.700852,379657.691761,0,730
331379.569089,379408.848708,0,730
331266.489749,379437.642286,0,730
331270.991661,379686.592197,0,730
331284.330819,379593.94691,0,730
331187.074244,379641.972627,0,730
331315.693509,379427.663643,0,730
331332.234124,379745.829189,0,730
331225.825367,379589.852404,0,730
331320.00352,379750.065583,0,730
331276.852171,379475.269937,0,730
331245.568477,379697.124512,0,730
331198.312497,379633.059414,0,730
331285.929843,379409.526833,0,730
331286.720549,379659.099239,0,730
331278.790024,379533.515137,0,730
331327.901596,379698.095326,0,730
331264.966546,379452.090413,0,730
331242.410047,379435.817657,0,730
331214.85122,379731.344328,0,730
331309.494871,379738.137136,0,730
331324.283029,379518.156774,0,730
331192.013667,379538.327555,0,730
331341.216762,379503.339616,0,730
331211.500809,379512.819598,0,730
331356.030283,379413.500958,0,730
331229.038948,379563.570316,0,730
331217.703015,379446.663855,0,730
331182.428306,379642.670966,0,730
331357.150438,379679.298661,0,730
331307.500288,379612.263898,0,730
331346.557463,379628.647062,0,730
331230.651476,379649.446898,0,730
331298.2676,379606.076454,0,730
331293.344424,379468.003146,0,730
331271.782926,379422.120284,0,730
331158.390319,379595.98829,0,730
331177.909982,379516.020705,0,730
331373.113519,379481.435784,0,730
331340.078689,379439.692425,0,730
331375.217357,379638.425142,0,730
331343.552624,379445.934436,0,730
331171.737598,379538.113064,0,730
331270.296826,379524.170043,0,730
331360.349419,379451.765712,0,730
331219.230407,379418.275908,0,730
331375.251461,379661.86477,0,730
331183.041966,379523.091885,0,730
331330.318664,379657.766825,0,730
331288.329953,379563.641855,0,730
331164.501379,379495.823791,0,730
331298.042263,379446.832788,0,730
331295.389742,379715.821603,0,730
331276.591689,379501.778879,0,730
331291.993672,379714.812049,0,730
331297.217163,379647.802094,0,730
331348.87585,379741.110997,0,730
331342.24315,379624.498614,0,730
331296.278086,379632.975652,0,730
331239.349032,379716.293169,0,730
331294.731009,379712.768332,0,730
331365.937708,379395.999941,0,730
331337.449063,379659.137155,0,730
331242.033415,379464.846509,0,730
331197.407785,379546.699126,0,730
331230.527009,379577.142142,0,730
331180.867444,379536.371374,0,730
331221.284746,379537.006364,0,730
331198.375942,379496.045539,0,730
331220.060694,379572.833809,0,730
331268.832715,379720.99259,0,730
331342.945767,379538.332589,0,730
331235.590469,379737.605201,0,730
331150.591354,379503.435675,0,730
331308.792291,379449.730246,0,730
331240.636446,379659.002896,0,730
331237.606109,379673.479449,0,730
331189.514804,379627.10147,0,730
331373.732622,379675.10547,0,730
331390.29323,379648.258349,0,730
331292.110651,379700.146039,0,730
331321.220775,379577.009779,0,730
331357.941802,379671.622428,0,730
331365.428703,379592.900826,0,730
331146.036544,379478.340633,0,730
331201.395477,379561.186374,0,730
331374.57698,379714.715388,0,730
331296.844536,379559.848166,0,730
331208.228262,379525.232501,0,730
331296.390504,379416.881692,0,730
331198.674421,379437.121841,0,730
331267.443995,379748.898845,0,730
331208.199812,379688.921769,0,730
331236.936359,379692.337654,0,730
331243.660973,379605.670695,0,730
331230.001219,379509.865473,0,730
331159.547812,379554.392437,0,730
331143.503708,379470.699384,0,730
331356.607416,379506.568396,0,730
331260.920832,379663.51321,0,730
331317.96018,379733.269481,0,730
331344.008448,379640.417663,0,730
331248.186542,379520.196987,0,730
331194.469785,379745.109214,0,730
331155.990754,379583.316285,0,730
331389.88976,379590.531899,0,730
331268.537393,379697.119059,0,730
331190.836191,379580.364174,0,730
331271.746423,379448.213177,0,730
331330.671184,379443.171623,0,730
331350.898601,379684.08929,0,730
331390.688513,379585.894844,0,730
331302.050362,379446.904974,0,730
331200.292046,379678.970991,0,730
331322.384562,379527.941853,0,730
331207.01436,379493.089178,0,730
331353.547672,379687.426833,0,730
331282.784858,379438.94014,0,730
331191.360095,379612.08121,0,730
331226.3637,379521.888955,0,730
331349.818457,379532.9848,0,730
331268.659977,379740.603042,0,730
331303.917894,379669.892196,0,730
331374.695028,379627.926266,0,730
331374.514259,379483.163266,0,730
331228.006897,379474.257479,0,730
331358.947664,379637.929891,0,730
331266.958049,379504.188656,0,730
331350.622673,379490.932258,0,730
331354.540485,379706.96907,0,730
331275.414454,379601.708768,0,730
331253.859259,379720.600201,0,730
331400.339163,379717.574617,0,730
331321.239391,379442.030007,0,730
331290.262852,379695.567664,0,730
331182.35732,379582.394661,0,730
331193.072171,379752.407212,0,730
331235.497311,379421.544752,0,730
331235.687834,379420.193853,0,730
331336.26663,379586.7463,0,730
331211.282226,379545.055434,0,730
331328.767861,379437.101646,0,730
331330.784011,379487.915664,0,730
331169.601614,379708.599502,0,730
331259.032489,379594.279256,0,730
331216.070095,379483.809285,0,730
331319.342671,379442.742155,0,730
331230.613711,379444.184809,0,730
331356.886286,379748.907322,0,730
331176.028098,379706.402846,0,730
331194.427986,379533.569621,0,730
331176.289988,379579.570227,0,730
331253.611875,379513.176358,0,730
331259.364759,379663.183999,0,730
331343.750439,379493.655242,0,730
331267.516322,379678.012196,0,730
331211.646892,379611.106873,0,730
331277.469504,379663.200213,0,730
331341.150494,379461.202384,0,730
331189.912917,379500.631968,0,730
331261.77081,379754.540247,0,730
331278.508889,379539.005159,0,730
331186.298965,379472.524777,0,730
331377.001433,379752.533828,0,730
331197.08769,379678.488189,0,730
331344.567303,379567.890501,0,730
331345.615541,379439.171099,0,730
331144.014241,379488.564146,0,730
331273.362412,379613.64451,0,730
331287.6324,379409.239944,0,730
331277.076,379448.730856,0,730
331230.530297,379410.488995,0,730
331334.810758,379531.47963,0,730
331201.778869,379669.170731,0,730
331217.306648,379492.169013,0,730
331388.939299,379585.273721,0,730
331392.236787,379601.793159,0,730
331198.488142,379708.171128,0,730
331377.401128,379394.528398,0,730
331245.863879,379713.277447,0,730
331334.890189,379647.407258,0,730
331159.001392,379654.140669,0,730
331376.49855,379536.508084,0,730
331212.797864,379726.022644,0,730
331368.626463,379545.977796,0,730
331388.038088,379548.184443,0,730
331224.748098,379474.23932,0,730
331187.700926,379438.052962,0,730
331185.347432,379740.03721,0,730
331229.95924,379632.798696,0,730
331390.244324,379568.193152,0,730
331135.185932,379441.923614,0,730
331335.973327,379653.637702,0,730
331352.372443,379724.62302,0,730
331343.593098,379485.532584,0,730
331206.136505,379632.079014,0,730
331356.286166,379401.480415,0,730
331176.763355,379562.547817,0,730
331284.074013,379457.935443,0,730
331346.710965,379702.047106,0,730
331382.228775,379678.714507,0,730
331312.325165,379657.82335,0,730
331153.293305,379497.682991,0,730
331238.686704,379412.368139,0,730
331252.504724,379436.980266,0,730
331187.278156,379732.138153,0,730
331267.334029,379566.001759,0,730
331292.966712,379738.369361,0,730
331159.612301,379599.576633,0,730
331235.471213,379509.362671,0,730
331171.49583,379450.529766,0,730
331156.494632,379545.459714,0,730
331222.906348,379432.261674,0,730
331259.06111,379738.809402,0,730
331231.070771,379454.369837,0,730
331291.802838,379607.067957,0,730
331312.154638,379433.91677,0,730
331300.513516,379472.974932,0,730
331329.935996,379568.621767,0,730
331276.125483,379588.525238,0,730
331390.862117,379586.698907,0,730
331292.432315,379507.45126,0,730
331160.185358,379670.77876,0,730
331296.387523,379594.133933,0,730
331353.576033,379443.22146,0,730
331196.306151,379557.473941,0,730
331246.174676,379658.971288,0,730
331158.7551,379419.262731,0,730
331306.678348,379442.615839,0,730
331282.425929,379434.616821,0,730
331152.410285,379550.820692,0,730
331371.159352,379695.386876,0,730
331395.821547,379717.448041,0,730
331280.757157,379474.593793,0,730
331138.139325,379471.48915,0,730
331156.036598,379631.625738,0,730
331288.504503,379618.733304,0,730
331313.334113,379707.177033,0,730
331302.170666,379406.74651,0,730
331173.443272,379637.644714,0,730
331213.884923,379418.484614,0,730
331179.33485,379595.652014,0,730
331338.414065,379722.982309,0,730
331276.113503,379670.672935,0,730
331164.974037,379637.835153,0,730
331323.455304,379588.135778,0,730
331390.092306,379681.77945,0,730
331252.525471,379630.489708,0,730
331330.815136,379497.734634,0,730
331293.408063,379644.511835,0,730
331191.483282,379524.492146,0,730
331223.436017,379732.012289,0,730
331283.527766,379417.070903,0,730
331230.155633,379426.568662,0,730
331172.199063,379467.099402,0,730
331320.740158,379515.573168,0,730
331310.030808,379688.819845,0,730
331276.834797,379724.012091,0,730
331322.593702,379569.422129,0,730
331157.703906,379460.018214,0,730
331233.099981,379728.032413,0,730
331337.662766,379590.787538,0,730
331370.831614,379717.986456,0,730
331262.173757,379642.005099,0,730
331180.930192,379703.126494,0,730
331172.298359,379651.150477,0,730
331374.442877,379527.827968,0,730
331210.129713,379576.111506,0,730
331309.678541,379416.919424,0,730
331140.643478,379437.668629,0,730
331232.10106,379570.139251,0,730
331273.385223,379611.621583,0,730
331167.882511,379737.269673,0,730
331206.426979,379496.124721,0,730
331377.115293,379562.333602,0,730
331241.224724,379590.531164,0,730
331205.825881,379583.505613,0,730
331277.639268,379535.925139,0,730
331307.913478,379422.407698,0,730
331260.01325,379490.385182,0,730
331335.759947,379455.842075,0,730
331368.060718,379416.040972,0,730
331388.510015,379596.080045,0,730
331205.377763,379606.524878,0,730
331343.151261,379742.790356,0,730
331146.651267,379545.257396,0,730
331174.261113,379579.893664,0,730
331252.621403,379450.544593,0,730
331220.655398,379701.098386,0,730
331201.700801,379427.869778,0,730
331312.119369,379404.437896,0,730
331225.010386,379692.089697,0,730
331164.076424,379486.762047,0,730
331232.367141,379586.841132,0,730
331159.327429,379479.027926,0,730
331313.837927,379485.460522,0,730
331289.415602,379423.599197,0,730
331220.576108,379679.334583,0,730
331199.114155,379625.783435,0,730
331332.304277,379408.016774,0,730
331387.914742,379637.871949,0,730
331279.733479,379494.256543,0,730
331351.252127,379550.760241,0,730
331182.081927,379699.483621,0,730
331212.295207,379681.015621,0,730
331271.525581,379659.63431,0,730
331315.209727,379478.34216,0,730
331361.202964,379403.855552,0,730
331182.619307,379653.586737,0,730
331384.604742,379493.5798,0,730
331287.78496,379471.383312,0,730
331171.408281,379644.961006,0,730
331319.932938,379442.808662,0,730
331171.55448,379488.469308,0,730
331368.322978,379715.263103,0,730
331235.946496,379597.550176,0,730
331326.904712,379543.648036,0,730
331334.315193,379586.548125,0,730
331235.78652,379704.501821,0,730
331205.328655,379500.686226,0,730
331213.69493,379600.170433,0,730
331360.827937,379442.188455,0,730
331233.874761,379616.984771,0,730
331213.299213,379605.45256,0,730
331373.185808,379601.114879,0,730
331286.462703,379583.882959,0,730
331166.770205,379432.786511,0,730
331149.488501,379562.610322,0,730
331332.372636,379744.641801,0,730
331160.188167,379587.11525,0,730
331334.655598,379469.983123,0,730
331339.386212,379689.574907,0,730
331159.087492,379436.864601,0,730
331209.935129,379607.348202,0,730
331185.972138,379591.866239,0,730
331339.236115,379616.037363,0,730
331226.123521,379632.597519,0,730
331284.611934,379713.261445,0,730
331185.920444,379582.90309,0,730
331203.60539,379609.560059,0,730
331182.695499,379464.892206,0,730
331395.957061,379691.663097,0,730
331136.4333,379427.564992,0,730
331227.906965,379468.284097,0,730
331294.056307,379672.977157,0,730
331312.194611,379578.305357,0,730
331306.227578,379611.410789,0,730
331372.374352,379556.58573,0,730
331296.723105,379550.950722,0,730
331329.456338,379711.159493,0,730
331336.314551,379624.933762,0,730
331209.289927,379514.400619,0,730
331211.599361,379608.184364,0,730
331197.631651,379559.356518,0,730
331308.51854,379586.361522,0,730
331338.082016,379580.574618,0,730
331341.031569,379650.084119,0,730
331303.540737,379662.767641,0,730
331298.620607,379574.042175,0,730
331318.704,379476.198458,0,730
331157.909636,379465.317186,0,730
331245.822962,379556.4395,0,730
331274.548891,379525.000504,0,730
331165.159949,379589.782,0,730
331193.155286,379731.420006,0,730
331163.82305,379589.003868,0,730
331243.286716,379728.4802,0,730
331377.626932,379513.18592,0,730
331164.01772,379559.414294,0,730
331342.890509,379471.780852,0,730
331399.735146,379675.733714,0,730
331328.052905,379428.408233,0,730
331152.15045,379439.123994,0,730
331259.484838,379744.702649,0,730
331165.962247,379546.385467,0,730
331192.670996,379722.517537,0,730
331191.968753,379479.589301,0,730
331380.328546,379597.68793,0,730
331358.815877,379497.799598,0,730
331241.904459,379489.896819,0,730
331176.3172,379463.74314,0,730
331301.920119,379671.072949,0,730
331187.392139,379472.308081,0,730
331304.626114,379519.388795,0,730
331219.7407,379479.828976,0,730
331300.145272,379690.571267,0,730
331259.854277,379692.00651,0,730
331359.425616,379465.095413,0,730
331205.114438,379710.109052,0,730
331274.663061,379443.543654,0,730
331255.204909,379681.371241,0,730
331268.584813,379527.05892,0,730
331334.600425,379649.730408,0,730
331240.637407,379608.73746,0,730
331167.657137,379464.485257,0,730
331217.939064,379611.739354,0,730
331172.193487,379659.609391,0,730
331316.27147,379691.017663,0,730
331226.162609,379701.741951,0,730
331271.283372,379573.993216,0,730
331273.550838,379569.313279,0,730
331280.221663,379451.015812,0,730
331329.115153,379473.124322,0,730
331139.037406,379472.828579,0,730
331330.282591,379575.191445,0,730
331200.991776,379447.493837,0,730
331359.901108,379530.937237,0,730
331266.148599,379604.851662,0,730
331141.461585,379456.883853,0,730
331196.97308,379636.839896,0,730
331328.417117,379661.062231,0,730
331305.933188,379412.320326,0,730
331150.658538,379452.057078,0,730
331286.810353,379520.139524,0,730
331195.332856,379511.942858,0,730
331256.532065,379579.137767,0,730
331321.99877,379410.685389,0,730
331272.316714,379486.323352,0,730
331287.109613,379544.93193,0,730
331363.923702,379614.099036,0,730
331338.828681,379747.325353,0,730
331366.813206,379525.630151,0,730
331215.477601,379439.649763,0,730
331231.234025,379431.777766,0,730
331214.406982,379616.831577,0,730
331281.342082,379755.509142,0,730
331156.946051,379615.117254,0,730
331225.525648,379657.943495,0,730
331182.405217,379650.370876,0,730
331341.284871,379480.432372,0,730
331235.356033,379558.175703,0,730
331152.091318,379429.846419,0,730
331264.077708,379751.250753,0,730
331151.726847,379486.970166,0,730
331352.70542,379533.270264,0,730
331334.825817,379611.3032,0,730
331339.70925,379410.765323,0,730
331277.623551,379457.490767,0,730
331288.056424,379683.971739,0,730
331347.323861,379479.537053,0,730
331182.060969,379436.02731,0,730
331199.896003,379676.596691,0,730
331207.664923,379568.631607,0,730
331308.412766,379540.342423,0,730
331194.924379,379695.210349,0,730
331351.132986,379652.869256,0,730
331341.375198,379566.427053,0,730
331336.241271,379726.787968,0,730
331181.979016,379749.473402,0,730
331344.641045,379492.012963,0,730
331345.321924,379512.507231,0,730
331219.181139,379752.852388,0,730
331398.329364,379726.132919,0,730
331218.810426,379721.844537,0,730
331263.363325,379506.066864,0,730
331209.481494,379480.562792,0,730
331210.486316,379637.13622,0,730
331203.928293,379611.344155,0,730
331333.468763,379722.208935,0,730
331333.143488,379712.303372,0,730
331366.802099,379614.147643,0,730
331380.272868,379662.857659,0,730
331195.76903,379622.447203,0,730
331401.582475,379720.021551,0,730
331393.279305,379675.765283,0,730
331172.47476,379447.711013,0,730
331230.319911,379476.170806,0,730
331370.871735,379514.477355,0,730
331277.530596,379562.158977,0,730
331192.1306,379491.722853,0,730
331305.335305,379670.886784,0,730
331310.232169,379529.215392,0,730
331308.118042,379569.615207,0,730
331176.05074,379474.364389,0,730
331382.049866,379667.864312,0,730
331379.50595,379484.322218,0,730
331335.030912,379636.061501,0,730
331179.889344,379422.756301,0,730
331158.662723,379419.200129,0,730
331198.201129,379730.898717,0,730
331296.460366,379691.358579,0,730
331334.349893,379482.225374,0,730
331326.128816,379511.229416,0,730
331165.001939,379464.049759,0,730
331154.962902,379532.515037,0,730
331188.995183,379626.140916,0,730
331274.346925,379480.738896,0,730
331217.607828,379692.774317,0,730
331218.899706,379551.568452,0,730
331313.700555,379668.847157,0,730
331158.374577,379557.307905,0,730
331148.47012,379474.021925,0,730
331234.469514,379449.484311,0,730
331396.512756,379684.935608,0,730
331367.902456,379742.412686,0,730
331347.230601,379533.405715,0,730
331229.0909,379560.505353,0,730
331224.157396,379691.771555,0,730
331272.662894,379663.664546,0,730
331174.915252,379465.970938,0,730
331224.127872,379676.398816,0,730
331300.584884,379750.881658,0,730
331219.712256,379606.895393,0,730
331386.489323,379528.652746,0,730
331239.69185,379512.1642,0,730
331249.038918,379629.03118,0,730
331170.178597,379474.851665,0,730
331338.55395,379410.544129,0,730
331248.254635,379681.524009,0,730
331261.922749,379642.658473,0,730
331346.758252,379498.363148,0,730
331208.135816,379703.42943,0,730
331211.419069,379568.432407,0,730
331302.002066,379468.809184,0,730
331275.564931,379672.079374,0,730
331401.47206,379745.630999,0,730
331319.352561,379564.237444,0,730
331278.406989,379691.354094,0,730
331355.686938,379470.154253,0,730
331264.110896,379475.095731,0,730
331250.488419,379652.698301,0,730
331168.724932,379495.862274,0,730
331310.030896,379663.756994,0,730
331192.711228,379452.618317,0,730
331366.026044,379531.894089,0,730
331178.232164,379603.239061,0,730
331271.537595,379590.52702,0,730
331296.417562,379493.284379,0,730
331149.94179,379528.46934,0,730
331140.459798,379430.168966,0,730
331380.894773,379583.724076,0,730
331233.696407,379435.745204,0,730
331255.361809,379462.25468,0,730
331203.808018,379733.139381,0,730
331384.136824,379655.997247,0,730
331261.2778,379497.847497,0,730
331287.045483,379570.79643,0,730
331383.64141,379730.154749,0,730
331299.113577,379462.455026,0,730
331395.705134,379720.81615,0,730
331363.122374,379394.240568,0,730
331277.728484,379601.58771,0,730
331243.573005,379485.716309,0,730
331270.72713,379415.564927,0,730
331261.575805,379560.286971,0,730
331365.493286,379478.06864,0,730
331356.524687,379731.89559,0,730
331236.919629,379663.059313,0,730
331204.153103,379736.135893,0,730
331334.2029,379579.622962,0,730
331286.553643,379652.65668,0,730
331251.111223,379413.7117,0,730
331335.820989,379538.710947,0,730
331397.025547,379691.949881,0,730
331334.967151,379628.409505,0,730
331177.873158,379560.284372,0,730
331371.480739,379612.187612,0,730
331250.598127,379690.58751,0,730
331337.21783,379460.536983,0,730
331302.800954,379610.682446,0,730
331291.930555,379535.335392,0,730
331262.316794,379751.612796,0,730
331339.651844,379677.107605,0,730
331207.622467,379573.9277,0,730
331300.404781,379548.920055,0,730
331166.143254,379548.252712,0,730
331339.612144,379575.880658,0,730
331215.242193,379622.280355,0,730
331315.91881,379704.223834,0,730
331166.426468,379512.07567,0,730
331323.873107,379600.315577,0,730
331241.167743,379711.237235,0,730
331223.077199,379559.310635,0,730
331276.653988,379414.527617,0,730
331289.079243,379733.996091,0,730
331175.42641,379682.047895,0,730
331365.206187,379572.945506,0,730
331240.965365,379444.015842,0,730
331156.197727,379460.772204,0,730
331345.800099,379692.374111,0,730
331386.254807,379509.266896,0,730
331350.259323,379692.893555,0,730
331306.185936,379452.091628,0,730
331364.933944,379484.752682,0,730
331180.03272,379485.590635,0,730
331274.033349,379469.018021,0,730
331338.887557,379498.31348,0,730
331294.510075,379570.78682,0,730
331284.71708,379651.019757,0,730
331255.718836,379452.439957,0,730
331168.42824,379701.482824,0,730
331354.313411,379413.36924,0,730
331353.435766,379662.635777,0,730
331329.621306,379694.946587,0,730
331339.334235,379723.162107,0,730
331145.628746,379435.255983,0,730
331213.391996,379417.080935,0,730
331246.909595,379436.362358,0,730
331301.02263,379502.771936,0,730
331382.540972,379656.312635,0,730
331188.45653,379671.038409,0,730
331284.314306,379515.697497,0,730
331185.310706,379697.435796,0,730
331214.266696,379417.301999,0,730
331332.35493,379484.32097,0,730
331287.800898,379618.438234,0,730
331316.473717,379740.347862,0,730
331202.734977,379652.071467,0,730
331388.008233,379565.603556,0,730
331186.642825,379661.271346,0,730
331265.405387,379533.83799,0,730
331325.544498,379686.838127,0,730
331259.570203,379413.051189,0,730
331270.042207,379581.091626,0,730
331345.144741,379673.226423,0,730
331322.008679,379675.13856,0,730
331276.057948,379582.748916,0,730
331250.819997,379439.263812,0,730
331305.735962,379546.353101,0,730
331261.076916,379629.559676,0,730
331269.445076,379532.336766,0,730
331211.946513,379460.04794,0,730
331176.056405,379492.275361,0,730
331150.258033,379460.802457,0,730
331383.578809,379740.354386,0,730
331201.568248,379725.047755,0,730
331234.188733,379418.831716,0,730
331286.335638,379522.121276,0,730
331357.174798,379739.354705,0,730
331306.823771,379729.951397,0,730
331263.123923,379440.660675,0,730
331284.667259,379444.769426,0,730
331292.551862,379537.614438,0,730
331208.313058,379592.336329,0,730
331226.269499,379615.489689,0,730
331221.26008,379627.091267,0,730
331302.850567,379706.46146,0,730
331282.227651,379576.013445,0,730
331305.985023,379614.1784,0,730
331278.748462,379409.02053,0,730
331139.410234,379480.025273,0,730
331353.052234,379638.287763,0,730
331282.327432,379517.826574,0,730
331137.681376,379441.348936,0,730
331342.046914,379419.399849,0,730
331290.132083,379530.562605,0,730
331277.83785,379524.965934,0,730
331212.047004,379611.30492,0,730
331255.067381,379725.8549,0,730
331243.046547,379752.26882,0,730
331318.662551,379511.690337,0,730
331177.940617,379621.623953,0,730
331174.793072,379678.752795,0,730
331222.329168,379595.219456,0,730
331236.131639,379599.572763,0,730
331352.238539,379698.483975,0,730
331214.256003,379676.996856,0,730
331319.513759,379627.852328,0,730
331248.928082,379578.700487,0,730
331325.645399,379582.678503,0,730
331263.059916,379652.90734,0,730
331253.430342,379741.403696,0,730
331291.250876,379568.138936,0,730
331289.954598,379689.897358,0,730
331172.98467,379614.774199,0,730
331281.819416,379671.740058,0,730
331293.769255,379500.228182,0,730
331242.223688,379629.234826,0,730
331170.641028,379498.921083,0,730
331156.510661,379461.19384,0,730
331283.504483,379457.347997,0,730
331225.378323,379535.904478,0,730
331251.241655,379563.814511,0,730
331249.256675,379437.191562,0,730
331274.532042,379581.634518,0,730
331269.030942,379567.114083,0,730
331183.466717,379723.888945,0,730
331333.964597,379546.016441,0,730
331196.800171,379605.098002,0,730
331391.594734,379610.421281,0,730
331296.944163,379733.344294,0,730
331281.747844,379522.543377,0,730
331182.235096,379460.494917,0,730
331195.326597,379679.544718,0,730
331277.300174,379461.271478,0,730
331159.456859,379506.607957,0,730
331334.463872,379502.681484,0,730
331320.329555,379399.484739,0,730
331343.425643,379489.290228,0,730
331350.213122,379514.780625,0,730
331390.68838,379661.798657,0,730
331374.119172,379621.458933,0,730
331346.495214,379683.80887,0,730
331269.826155,379716.710322,0,730
331293.765051,379535.103303,0,730
331331.505853,379571.3626,0,730
331286.719953,379746.451462,0,730
331307.807299,379448.807035,0,730
331316.474048,379682.278415,0,730
331330.445687,379559.743001,0,730
331248.480234,379590.420426,0,730
331282.365424,379503.854386,0,730
331258.473131,379547.770073,0,730
331358.472152,379428.08116,0,730
331319.775968,379645.552906,0,730
331291.235403,379603.176618,0,730
331246.331021,379690.448547,0,730
331309.759735,379428.595438,0,730
331295.862921,379455.110461,0,730
331162.999794,379563.92011,0,730
331209.381258,379715.61725,0,730
331191.260672,379642.406206,0,730
331218.334889,379671.719775,0,730
331234.61411,379627.845381,0,730
331218.998961,379528.479725,0,730
331168.177009,379676.083562,0,730
331216.359403,379594.927966,0,730
331232.299457,379586.919692,0,730
331225.804547,379610.274953,0,730
331193.535773,379533.876929,0,730
331190.741184,379449.535487,0,730
331189.410396,379442.080129,0,730
331371.471341,379390.487407,0,730
331176.723854,379545.537226,0,730
331250.296185,379615.033168,0,730
331384.750399,379741.021896,0,730
331394.092707,379685.205943,0,730
331192.925637,379534.471608,0,730
331349.500921,379504.611998,0,730
331248.188414,379506.181869,0,730
331225.744792,379420.622201,0,730
331170.224909,379537.425784,0,730
331347.849551,379708.32525,0,730
331367.525224,379521.724355,0,730
331370.92502,379441.706943,0,730
331214.874501,379609.730761,0,730
331188.581688,379708.632092,0,730
331276.556989,379409.351757,0,730
331358.289955,379627.472978,0,730
331234.543853,379463.343264,0,730
331330.435454,379424.389652,0,730
331213.341356,379414.547366,0,730
331167.339744,379442.245906,0,730
331258.138786,379615.39962,0,730
331182.802322,379533.082675,0,730
331163.940478,379640.6823,0,730
331269.729182,379600.687801,0,730
331276.983561,379503.187892,0,730
331238.370132,379655.264762,0,730
331347.587179,379667.785278,0,730
331280.841278,379690.231552,0,730
331236.045978,379620.129652,0,730
331327.121628,379470.990675,0,730
331180.533837,379482.604258,0,730
331341.361593,379675.70555,0,730
331254.823088,379645.63149,0,730
331343.196619,379674.872253,0,730
331176.781092,379685.84885,0,730
331188.257902,379461.606171,0,730
331311.471862,379700.22815,0,730
331307.984392,379412.132424,0,730
331239.799614,379437.454766,0,730
331198.682789,379564.522399,0,730
331168.350134,379739.935426,0,730
331152.162596,379433.198962,0,730
331280.030022,379451.762268,0,730
331162.378455,379527.662541,0,730
331139.312696,379446.583827,0,730
331201.961689,379573.879238,0,730
331149.690414,379437.101156,0,730
331335.9036,379435.071761,0,730
331266.507321,379509.914998,0,730
331147.800414,379530.579656,0,730
331308.535119,379543.205825,0,730
331401.019829,379716.292249,0,730
331213.900352,379506.099841,0,730
331276.454801,379434.081662,0,730
331304.126936,379604.839292,0,730
331312.623786,379497.693269,0,730
331221.868881,379491.114657,0,730
331170.557047,379480.362727,0,730
331299.860242,379715.046307,0,730
331307.633985,379651.877782,0,730
331327.340817,379658.48729,0,730
331378.511719,379503.97353,0,730
331291.264597,379427.653938,0,730
331335.536021,379665.950227,0,730
331254.500177,379738.097371,0,730
331275.960661,379439.683553,0,730
331354.812013,379478.826278,0,730
331203.872136,379740.072875,0,730
331277.528228,379659.370239,0,730
331239.298521,379655.60201,0,730
331389.068435,379528.763746,0,730
331305.11815,379403.609275,0,730
331246.016628,379589.65544,0,730
331386.283683,379517.4611,0,730
331382.343604,379599.076256,0,730
331235.282003,379720.780639,0,730
331247.349555,379608.526954,0,730
331368.621875,379675.444141,0,730
331255.02698,379559.59923,0,730
331189.884759,379644.902091,0,730
331356.847891,379542.966616,0,730
331279.580874,379574.803955,0,730
331162.122387,379642.88844,0,730
331191.283613,379466.306176,0,730
331162.688322,379611.145336,0,730
331225.13099,379476.459616,0,730
331272.08641,379599.918822,0,730
331280.550989,379474.133131,0,730
331343.528792,379731.530789,0,730
331234.61085,379516.665171,0,730
331275.961299,379448.666005,0,730
331289.548682,379603.933878,0,730
331146.545045,379450.778064,0,730
331345.013106,379517.057037,0,730
331166.483253,379708.887703,0,730
331380.880085,379701.31377,0,730
331252.541345,379489.040134,0,730
331210.284187,379458.490684,0,730
331221.309153,379741.770369,0,730
331180.344329,379451.66196,0,730
331291.852975,379513.071733,0,730
331284.154888,379573.671147,0,730
331278.610397,379428.155116,0,730
331362.569944,379556.773002,0,730
331339.216549,379598.542157,0,730
331296.893199,379568.795832,0,730
331327.054258,379617.927048,2,730
331316.5753,379409.061347,5,730
331346.827975,379414.910971,104,730
331317.746172,379414.369505,118,730
331299.724039,379456.968962,146,730
331310.624214,379408.919724,163,730
331348.717443,379491.195783,183,730
331207.46293,379736.92029,196,730
331365.764592,379690.49561,225,730
331360.618851,379601.577658,233,730
331300.328882,379621.622772,261,730
331153.900765,379559.768488,338,730
331346.827975,379414.910971,340,730
331158.581042,379518.619071,344,730
331209.293182,379741.058837,360,730
331300.328882,379621.622772,362,730
331156.045254,379576.030612,426,730
331346.827975,379414.910971,427,730
331193.325039,379546.361483,458,730
331386.05025,379619.873867,464,730
331242.25669,379686.5692,499,730
331379.077488,379478.769877,504,730
331179.922575,379512.346838,538,730
331162.818187,379426.132426,548,730
331221.159765,379675.82271,579,730
331179.922575,379512.346838,632,730
331204.704652,379489.194388,655,730
331217.218367,379631.471899,670,730
