328374.563403,378917.234528,0,730
328484.980071,378875.306702,0,539
328404.327788,378718.167922,0,432
328628.08509,378950.027464,0,730
328647.275406,378739.813516,0,470
328636.216934,378867.519534,0,308
328723.761065,378794.649535,0,291
328628.705734,379051.597333,0,730
328608.650048,379229.651254,0,687
328739.696626,379192.583201,0,730
328522.035006,379044.088425,0,730
328385.255316,378809.965895,0,248
328572.124143,378743.916393,0,277
328683.70296,378672.545059,0,611
328722.727117,378874.973859,0,730
328418.716374,378954.659289,0,730
328196.535021,378796.016154,0,688
328234.387096,378822.305646,0,730
328627.571899,378761.444879,0,84
328734.578897,378874.83647,0,730
328566.832929,379054.700792,0,730
328627.122681,378679.955317,0,503
328297.736352,378989.39959,0,730
328281.848325,379002.584137,0,730
328235.548843,378773.858384,0,721
328730.937352,378917.510036,0,536
328796.05135,379081.399795,0,675
328452.391472,378774.055334,0,730
328500.81521,378748.898078,0,730
328741.646162,378971.639741,0,730
328733.81985,379034.888022,0,195
328227.307573,378882.370251,0,730
328613.584012,378799.640506,0,730
328498.151974,378719.224982,0,730
328321.338564,378932.395003,0,730
328528.158209,378971.965401,0,730
328676.438398,379025.628461,0,730
328410.222115,378934.433396,0,730
328732.686344,379214.507291,0,730
328675.826199,378881.803415,0,676
328201.516102,378771.224336,0,315
328512.140505,378770.060676,0,730
328612.093341,379198.082347,0,166
328637.418994,379196.069319,0,511
328686.167796,378710.443221,0,730
328594.228931,378854.30671,0,602
328532.231253,379053.26073,0,730
328633.086591,379247.119792,0,730
328540.184864,378697.355961,0,730
328704.796716,378819.651925,0,550
328610.695508,378821.412076,0,681
328720.739307,379047.859353,0,730
328299.300859,378895.554974,0,730
328371.191579,379039.20438,0,6
328523.562193,378974.81488,0,582
328537.063132,378668.390099,0,730
328641.404378,378926.499361,0,730
328332.497978,378770.11781,0,730
328729.903289,378677.454091,0,172
328622.571799,379237.655775,0,730
328362.344389,379078.676558,0,730
328639.1944,378807.629789,0,730
328621.297507,378943.405188,0,730
328277.58703,378859.407231,0,730
328633.076651,378844.890637,0,730
328676.8598,378717.742387,0,36
328490.388317,379024.693021,0,730
328555.749158,379125.829018,0,86
328510.229526,378857.548311,0,730
328669.619538,378844.393343,0,730
328423.766952,378933.235461,0,164
328592.166639,378987.689115,0,730
328359.017213,378926.368744,0,682
328663.016921,379251.600412,0,730
328703.346216,379088.447375,0,730
328353.103551,378798.485623,0,639
328354.350246,378901.473053,0,730
328612.483719,378861.314178,0,491
328694.116381,378868.15727,0,221
328746.979281,378992.453054,0,147
328703.054129,378711.571418,0,512
328368.810377,378851.250743,0,726
328428.439399,378791.530655,0,551
328308.812831,378802.253766,0,387
328396.103026,379104.638214,0,730
328620.704845,378651.631919,0,581
328394.213602,378983.56346,0,671
328217.554654,378881.92235,0,730
328742.556242,378879.138352,0,730
328525.407755,378786.01105,0,398
328184.832075,378901.610291,0,730
328453.516675,378873.339721,0,730
328482.424297,379159.636708,0,144
328801.697704,379145.854169,0,722
328706.238162,378629.598141,0,443
328616.023313,378658.058414,0,730
328791.096047,379157.31886,0,730
328550.025674,378794.39972,0,200
328379.717387,379043.869717,0,730
328556.8191,378916.309377,0,393
328275.323833,378776.305455,0,730
328684.134452,378791.852683,0,419
328711.961861,378957.208223,0,306
328431.506096,379085.058155,0,53
328593.583628,378980.368979,0,730
328241.825607,378983.195512,0,730
328547.568372,378866.166374,0,730
328702.520396,378807.301767,0,730
328312.22391,378885.258979,0,730
328691.116471,378633.279154,0,730
328513.024655,379049.874787,0,730
328736.290463,379091.484353,0,730
328625.365585,378791.086447,0,505
328540.367785,378692.826887,0,730
328369.070927,378690.826702,0,730
328644.096101,378666.932376,0,730
328617.814703,379099.292286,0,730
328511.910946,379010.894003,0,730
328625.124797,378974.693469,0,512
328480.452604,378877.037219,0,670
328554.091641,379088.04812,0,699
328639.448208,378731.107164,0,730
328272.635553,378780.470275,0,730
328637.704288,379265.20576,0,713
328710.779396,378703.009928,0,730
328240.640709,378913.553718,0,408
328757.22621,379082.179785,0,730
328281.379745,379002.167801,0,366
328455.320081,378846.949069,0,730
328451.261588,378781.879242,0,730
328698.129357,378857.449736,0,183
328596.644503,378778.057585,0,525
328287.06141,378925.553583,0,730
328604.42201,379068.931584,0,659
328586.808641,379220.154094,0,374
328643.38903,379239.167053,0,204
328645.205385,378752.617333,0,730
328659.821421,379263.68068,0,730
328620.178742,379300.559476,0,730
328614.019178,378965.696243,0,705
328508.938648,379041.132245,0,312
328285.435205,378989.145927,0,717
328637.663142,378638.589973,0,730
328586.007677,378670.988717,0,730
328762.482685,379119.048843,0,338
328704.831553,378790.536127,0,253
328360.428533,378772.781159,0,212
328560.524299,378879.562192,0,438
328593.597905,378706.669258,0,118
328354.304297,378799.468184,0,513
328735.491272,378839.195545,0,730
328668.538413,379116.294049,0,730
328377.753647,378752.326026,0,682
328749.988738,378916.138555,0,645
328431.151359,378789.62598,0,730
328707.048484,379151.367149,0,730
328259.006056,378824.790003,0,730
328697.561892,378967.849642,0,730
328248.220331,378750.206118,0,446
328732.850609,378881.56361,0,730
328667.547758,378822.447334,0,508
328439.716369,379111.977776,0,704
328335.548904,378965.497642,0,334
328594.713367,378723.290203,0,730
328660.246122,379318.828206,0,730
328521.089215,379121.924036,0,730
328180.58124,378779.140202,0,730
328669.743364,378891.11933,0,523
328428.492382,379042.758531,0,730
328427.048428,378831.88564,0,730
328538.204267,378996.666626,0,730
328414.583404,379028.871904,0,359
328395.678758,378764.374213,0,730
328670.485772,378664.131574,0,730
328563.757971,379208.924795,0,730
328410.261671,379098.305991,0,162
328576.447853,379119.088199,0,715
328609.911646,378837.887009,0,730
328427.044903,378693.013844,0,425
328636.919835,379111.097891,0,730
328543.967231,378987.635941,0,600
328590.442898,378705.155772,0,141
328310.68508,378797.442012,0,730
328741.231403,379118.61052,0,730
328467.660633,379153.077445,0,134
328648.529166,378727.126912,0,467
328405.383174,378733.236164,0,730
328436.089956,379078.833103,0,730
328612.033205,379243.22961,0,730
328720.412856,379224.81746,0,730
328448.883163,378756.154621,0,29
328264.912073,378877.827553,0,606
328687.826586,378751.579493,0,730
328263.99139,378769.466563,0,302
328655.506459,378968.881919,0,665
328682.48771,379062.699598,0,730
328497.14677,378777.492924,0,340
328442.175652,379097.298362,0,730
328705.834198,379150.19524,0,730
328662.17826,379153.764922,0,730
328316.518368,378839.225337,0,730
328616.355229,378851.618421,0,158
328437.844798,378995.242369,0,730
328713.983618,379013.487717,0,730
328271.1427,378863.725634,0,730
328724.681848,378936.85341,0,730
328497.591759,378689.94373,0,669
328718.833975,378814.987067,0,261
328417.226607,378726.722691,0,730
328638.874216,379127.219706,0,730
328641.509345,378744.381975,0,11
328506.897365,378837.470115,0,429
328543.808336,378989.148202,0,248
328514.39151,378989.623438,0,730
328346.742252,378784.423693,0,659
328382.910275,378908.894736,0,730
328256.212862,378812.559574,0,437
328369.400682,379004.830454,0,730
328357.937707,379043.982253,0,730
328231.14781,378860.121151,0,266
328244.964243,378920.305211,0,594
328748.115686,379177.903887,0,653
328642.919743,378896.267226,0,730
328602.586738,378837.106826,0,730
328265.592501,378957.474677,0,730
328282.944489,378855.791871,0,730
328678.401963,379276.962773,0,329
328579.969972,379079.959184,0,730
328612.779343,379113.685454,0,390
328590.11747,379186.79318,0,730
328392.355947,379052.151995,0,730
328568.823313,379223.063115,0,401
328208.044555,378882.442991,0,730
328442.822266,378881.905761,0,413
328548.278168,379004.936943,0,730
328365.304152,379015.305838,0,337
328508.765632,378668.583374,0,392
328438.53601,378920.513619,0,730
328566.968233,378953.312536,0,214
328422.419244,379061.975019,0,450
328735.279938,379207.445887,0,730
328266.750174,378736.239995,0,579
328718.492872,378937.796868,0,255
328660.071064,378680.412418,0,730
328750.398397,378761.507561,0,642
328597.01785,379014.320099,0,730
328348.535271,378965.360157,0,689
328545.562301,379116.215323,0,730
328415.081526,378794.248901,0,730
328273.014669,378832.87317,0,730
328539.395987,378911.937972,0,268
328606.775011,378807.046443,0,730
328535.872188,379124.007657,0,730
328319.511717,379050.575296,0,730
328591.894825,379048.893015,0,730
328412.683757,379073.835584,0,730
328605.777389,378933.134019,0,730
328713.647978,379142.938483,0,730
328669.072095,378907.901761,0,684
328697.659544,379304.172255,0,730
328585.712658,379131.709002,0,422
328430.599783,379005.716069,0,300
328558.861336,379085.364626,0,683
328655.69777,378746.112928,0,196
328292.531016,378857.195908,0,202
328678.015611,379121.069136,0,730
328523.228788,378857.603155,0,730
328676.815085,379139.960061,0,730
328711.34949,378629.727633,0,611
328690.241623,378888.186129,0,730
328692.752377,379164.643646,0,730
328641.939558,379025.31993,0,260
328393.139378,378711.290944,0,514
328795.341432,379164.951552,0,730
328543.811328,379151.67808,0,730
328377.331773,378801.259531,0,67
328292.601209,378996.834471,0,730
328441.583207,379130.059823,0,690
328379.068192,378921.457459,0,730
328654.373301,379166.70625,0,730
328769.223032,379153.022626,0,730
328258.674606,378986.561265,0,301
328698.074475,378943.566447,0,15
328800.493821,379083.043845,0,314
328607.47164,379061.771214,0,147
328751.045318,379042.790394,0,730
328430.141139,378877.297943,0,390
328365.17324,378784.367878,0,730
328649.263821,379070.369232,0,720
328404.359685,378842.347583,0,730
328469.610702,378951.841448,0,560
328476.172145,378681.404463,0,730
328663.070378,379066.068622,0,279
328682.290983,379014.610085,0,185
328363.812091,379005.999051,0,300
328774.046853,379134.110379,0,730
328423.768452,378874.765492,0,730
328619.106549,379236.128825,0,730
328633.426678,378735.600908,0,730
328457.729042,378814.054944,0,730
328681.149833,378667.020079,0,730
328649.019096,378774.523409,0,125
328682.487904,378718.823846,0,55
328649.208656,378948.780436,0,730
328190.081689,378865.65522,0,730
328468.94356,378943.984284,0,730
328212.336538,378805.323858,0,357
328727.700419,378943.887386,0,730
328578.639135,379033.419733,0,730
328764.148527,379088.369949,0,730
328264.018107,378867.63713,0,730
328510.209854,378795.134421,0,730
328422.933464,378844.903954,0,730
328308.386707,379024.5342,0,730
328717.039854,379255.871203,0,730
328547.428121,378966.030454,0,193
328589.441464,378943.804872,0,723
328583.535243,378820.116856,0,479
328664.094263,379046.384894,0,730
328447.571011,378710.454342,0,55
328198.613783,378779.768818,0,730
328299.69334,378984.545809,0,730
328672.627803,379054.769569,0,730
328663.766959,379060.056155,0,730
328695.110787,379234.456576,0,439
328579.40867,379075.528373,0,730
328349.44818,378870.998964,0,730
328562.580862,378774.027249,0,483
328159.100581,378876.260254,0,730
328395.516915,378923.488332,0,730
328245.151357,378823.550549,0,711
328599.899584,378895.031289,0,730
328685.468619,378734.805607,0,730
328600.211938,378841.45425,0,730
328325.246298,378828.833893,0,701
328176.773323,378817.541315,0,730
328628.323025,379267.715403,0,198
328271.992444,378734.440196,0,730
328211.554653,378954.872338,0,730
328700.632769,378737.667525,0,730
328468.638292,378854.159829,0,718
328729.089217,379260.22086,0,730
328373.399786,379008.357543,0,730
328753.28928,378968.630585,0,730
328311.194352,378849.602848,0,730
328718.676471,379016.050328,0,297
328643.10532,379321.260785,0,550
328254.272762,378752.329781,0,328
328544.872194,378729.022366,0,730
328628.293555,379103.692179,0,730
328357.735681,378784.454672,0,730
328708.064665,379297.552302,0,389
328741.265144,379231.901911,0,730
328548.51403,378912.354716,0,54
328391.227128,378866.113745,0,730
328587.164374,379101.543624,0,610
328576.077429,379179.005534,0,730
328573.345335,378794.209092,0,730
328511.090271,378683.053651,0,698
328350.490875,379031.187267,0,220
328355.288837,378904.852599,0,540
328710.883109,378640.512369,0,538
328526.812288,379165.630997,0,730
328316.08447,378778.852307,0,730
328463.143275,378851.869119,0,730
328348.05439,378930.380549,0,730
328678.991171,378891.501713,0,730
328645.806003,378682.59864,0,363
328703.46887,379014.064658,0,730
328616.260812,379095.166234,0,326
328500.432695,378957.488453,0,552
328711.38932,379229.157249,0,593
328437.7043,378832.406957,0,495
328441.584532,378844.468353,0,481
328527.908452,378859.964089,0,180
328441.971487,378828.602014,0,270
328164.946532,378809.062704,0,328
328504.208373,379015.592372,0,730
328617.735157,378893.783537,0,480
328652.37738,378987.629803,0,730
328422.656339,378787.185441,0,730
328569.507449,379201.85514,0,730
328488.068606,379032.604891,0,730
328679.941115,378878.042091,0,729
328608.837498,379144.164239,0,568
328419.205376,378928.07979,0,730
328737.513665,378708.329362,0,730
328393.995391,378815.936464,0,660
328297.882233,378856.531684,0,122
328263.119133,378921.993278,0,57
328396.099316,378972.12574,0,730
328585.624691,378858.981959,0,730
328552.257422,379184.861091,0,730
328709.325395,378953.747392,0,730
328511.182958,379043.327706,0,730
328207.511012,378963.997621,0,730
328673.698608,379055.459781,0,730
328546.462853,378688.65575,0,730
328420.256649,379020.790079,0,730
328457.321927,378850.435635,0,730
328732.68386,379112.477709,0,386
328730.348931,378777.527025,0,730
328490.25088,379152.578068,0,335
328253.815369,378835.200568,0,730
328444.045924,379121.532344,0,132
328272.198391,378971.13838,0,730
328400.600891,378796.29697,0,730
328204.943542,378770.017582,0,730
328551.522633,378978.773947,0,730
328348.882758,378721.108123,0,116
328738.073584,378921.616644,0,637
328528.049814,378715.118546,0,730
328403.948598,378957.645143,0,730
328538.832257,378742.034516,0,730
328537.18388,379018.442064,0,544
328684.883393,378927.976182,0,543
328268.741233,378832.147117,0,730
328366.735227,378905.800508,0,730
328199.934884,378802.426485,0,730
328662.441618,379245.568276,0,730
328643.206059,379236.248927,0,548
328737.978435,379068.26933,0,509
328209.992207,378915.870193,0,730
328743.545268,379114.476166,0,499
328642.341488,379027.097949,0,155
328564.441489,379068.657046,0,434
328676.530727,379149.346308,0,730
328361.719293,378902.485591,0,730
328656.642525,379216.567092,0,433
328327.178396,378997.436333,0,730
328239.143452,378886.951135,0,730
328801.025021,379177.820102,0,318
328349.79673,378903.086599,0,521
328378.569865,378944.895986,0,730
328338.508242,378801.337538,0,518
328496.701674,378720.23135,0,710
328581.025367,379171.006435,0,730
328647.592678,378998.004688,0,644
328753.312235,378860.315638,0,332
328259.218453,378847.798014,0,558
328416.692651,378988.986705,0,730
328643.076559,378691.661851,0,587
328403.894689,378793.986549,0,580
328599.385466,379220.148455,0,730
328370.096729,378911.034333,0,604
328181.915428,378802.415669,0,99
328478.412766,378932.149503,0,730
328486.798159,378844.770861,0,730
328458.364341,378853.600142,0,730
328568.216171,378892.758119,0,474
328246.932809,378901.444103,0,730
328666.688544,378651.939346,0,730
328611.175359,378946.991812,0,560
328510.767638,379187.344112,0,730
328249.322592,378964.648948,0,730
328720.985595,379234.085545,0,730
328611.181371,379019.547888,0,228
328670.85877,379013.969317,0,703
328624.542735,379269.862169,0,730
328675.320447,379311.520175,0,679
328427.12789,378945.258139,0,730
328437.644125,378910.461699,0,564
328687.604686,379164.976089,0,730
328682.089129,379093.934331,0,342
328587.805721,378750.675057,0,488
328432.476616,378690.262205,0,730
328341.415955,378922.943029,0,669
328723.671421,378657.875505,0,478
328692.758595,379085.409203,0,730
328663.8909,378979.454055,0,730
328564.860879,379058.600682,0,651
328277.3607,378966.075243,0,730
328530.102429,378913.136182,0,730
328754.517859,378885.370632,0,730
328673.211702,378638.911819,0,730
328429.386734,378762.353547,0,730
328639.379779,378941.672325,0,588
328540.123505,379177.766251,0,730
328640.05278,379033.62437,0,498
328720.303661,379038.292955,0,391
328730.58022,379166.610363,0,730
328359.613551,378886.854417,0,594
328644.824294,379078.614776,0,730
328499.538453,378788.609507,0,730
328265.952216,378976.908062,0,730
328652.920478,378924.510103,0,418
328605.939227,379090.291934,0,730
328411.782276,379088.531756,0,9
328423.532778,378943.839294,0,730
328378.421108,378854.696687,0,730
328616.733887,379030.087795,0,730
328681.596226,379053.877302,0,437
328613.232179,378979.239852,0,664
328738.367424,379030.220956,0,730
328562.356291,378949.123698,0,730
328683.89459,379125.7372,0,730
328385.900512,378720.694291,0,730
328427.792375,378966.824433,0,730
328364.681046,379038.257112,0,41
328710.395742,379116.132273,0,730
328486.074842,379035.768783,0,730
328307.636571,378797.121205,0,205
328532.600805,378667.911166,0,730
328741.242609,379200.742798,0,730
328338.168383,378805.875633,0,730
328251.142994,378776.89502,0,730
328633.069963,378957.778907,0,730
328461.636886,378986.486023,0,528
328542.429937,378783.088409,0,157
328370.848303,378877.270381,0,730
328690.952065,379228.878749,0,352
328492.328639,378893.382276,0,382
328691.728109,378812.454793,0,730
328602.956804,379202.843654,0,730
328468.969445,378897.74357,0,307
328534.405733,378863.305463,0,33
328453.541116,379115.481919,0,583
328552.494236,378689.264245,0,347
328583.924432,379098.909042,0,498
328522.085037,378805.526386,0,730
328524.62097,378770.125608,0,177
328692.564473,378783.89734,0,406
328501.009381,379148.429711,0,730
328542.367924,378902.325194,0,298
328687.039575,379085.377305,0,730
328380.192218,378993.934229,0,227
328741.730985,379004.330499,0,269
328262.728875,378831.472968,0,376
328538.142066,378810.695385,0,730
328641.43737,378912.483897,0,693
328512.431756,379073.181868,0,653
328638.103831,379150.990367,0,40
328392.257121,379034.807478,0,395
328291.481915,378906.277077,0,730
328375.808756,379036.130546,0,730
328451.067785,379130.282126,0,239
328572.38504,379225.080261,0,730
328686.475105,379284.815513,0,330
328728.762438,379148.057602,0,730
328542.835232,378805.425266,0,730
328723.438655,378990.587682,0,721
328679.157817,378940.118301,0,730
328661.950805,378677.248482,0,730
328701.764021,378919.841647,0,562
328656.155104,378755.96209,0,730
328754.627048,379011.835399,0,730
328396.448851,378978.708641,0,331
328627.209678,379057.148173,0,730
328246.814152,378804.194702,0,730
328428.424776,378945.748019,0,730
328643.25693,379118.878461,0,423
328337.974168,378943.431809,0,730
328469.331855,378747.492043,0,730
328691.249225,379313.511456,0,730
328716.269276,378883.92716,0,266
328532.628993,379076.896138,0,356
328330.98113,378787.221494,0,730
328710.80962,379066.197757,0,495
328558.941835,378708.597191,0,187
328645.255193,379266.000466,0,730
328482.846778,379107.231762,0,250
328294.238331,379003.218587,0,730
328500.978785,378880.360722,0,420
328533.530612,378756.432519,0,730
328296.865587,378816.75177,0,730
328559.900322,378876.920956,0,730
328674.768868,378829.755203,0,496
328480.332796,378829.98457,0,730
328773.371351,379055.500423,0,571
328692.208985,378823.070717,0,711
328226.589751,378946.797229,0,668
328488.189818,378813.361708,0,730
328721.507166,378911.549783,0,629
328251.847245,378821.77188,0,730
328274.675213,378878.226261,0,358
328532.685637,378742.488796,0,730
328476.744699,378746.503673,0,730
328259.14345,378843.179571,0,442
328519.265246,378996.360024,0,725
328627.950334,379067.657094,0,679
328704.631052,378976.382047,0,730
328319.874837,378872.257746,0,730
328524.876461,378753.934535,0,312
328677.638341,379156.83727,0,396
328513.649844,378993.828641,0,243
328607.309243,379164.926369,0,730
328182.717255,378909.624427,0,730
328656.877655,378707.413236,0,730
328746.43356,378813.582905,0,287
328610.889537,379181.189796,0,730
328242.777278,378805.946638,0,39
328228.094205,378924.539256,0,730
328639.685664,378905.489625,0,348
328648.51049,378726.972215,0,363
328667.57683,379083.432975,0,730
328410.788346,378720.141936,0,730
328602.866902,378862.602394,0,730
328692.284634,378741.537455,0,313
328565.529395,379197.960996,0,730
328656.393852,379305.920991,0,431
328459.541305,379075.801518,0,730
328366.298675,378836.774918,0,730
328650.276762,379068.584605,0,655
328485.337931,378939.028933,0,730
328422.479033,378775.498332,0,36
328359.372188,379039.253884,0,730
328639.629385,378719.172053,0,730
328610.404799,379217.93302,0,730
328737.903646,378764.361038,0,730
328681.696,379256.401774,0,730
328602.192123,378763.015132,0,662
328446.204914,378789.255554,0,680
328748.33654,378864.749804,0,213
328649.438541,379284.429992,0,730
328718.931646,378982.899188,0,509
328714.410019,378687.412124,0,725
328610.493868,379002.649137,0,730
328185.248665,378823.294475,0,730
328495.110863,378870.268152,0,368
328386.368558,378862.092105,0,400
328571.040401,378650.696672,0,449
328647.288737,378761.945543,0,730
328554.759679,378966.638039,0,730
328634.079198,378732.872104,0,730
328619.743066,378642.381704,0,211
328242.984589,378976.365458,0,730
328261.25277,378868.999462,0,730
328323.39899,378819.981777,0,730
328476.668083,378747.93885,0,292
328690.90196,378800.261264,0,730
328396.400329,378992.527796,0,86
328730.507452,378985.854301,0,230
328510.691205,379031.905163,0,730
328649.748984,378758.96512,0,686
328422.777739,378700.643063,0,730
328168.727182,378943.665491,0,730
328682.284251,378782.58764,0,730
328670.426705,378765.028995,0,730
328736.603969,378848.840903,0,730
328289.723758,378812.737439,0,730
328735.884187,379128.732538,0,274
328471.531533,378967.601955,0,730
328678.237733,379018.308316,0,727
328673.725191,378776.86057,0,730
328138.784824,378884.200794,0,302
328609.364722,378798.752077,0,730
328410.198359,378722.827085,0,730
328659.058261,378897.113162,0,397
328438.358771,379021.366579,0,730
328138.303554,378898.233622,0,730
328725.793765,378993.76121,0,730
328266.625985,378988.122282,0,730
328688.247697,378692.562861,0,58
328193.88073,378933.572128,0,396
328500.675336,379139.331364,0,730
328710.292599,379155.167681,0,469
328510.027432,378843.796483,0,730
328655.647385,379251.239148,0,730
328442.184215,378927.513474,0,292
328657.050842,378866.612316,0,730
328355.488777,378887.91243,0,214
328687.510745,379005.988173,0,384
328650.548541,379265.040862,0,730
328700.691118,378815.24856,0,730
328681.881587,379098.091773,0,730
328525.548362,379107.509665,0,504
328386.92035,378936.850543,0,50
328643.371042,378744.458163,0,730
328501.255382,379057.756628,0,228
328250.911125,378756.724991,0,31
328702.878163,379116.13891,0,535
328186.692917,378874.869727,0,1
328394.530568,378950.163011,0,730
328718.647811,379098.015223,0,730
328643.261714,379203.469352,0,713
328278.60684,378836.85022,0,667
328580.651531,378716.99606,0,730
328723.858853,379073.477728,0,92
328654.005494,378956.18522,0,730
328736.386166,379006.661564,0,730
328226.011537,378900.854565,0,730
328600.373084,379226.854927,0,706
328742.971271,378860.301822,0,730
328343.683244,378715.422639,0,730
328493.041045,379120.610709,0,345
328427.62733,378955.694983,0,730
328624.319105,378799.504292,0,730
328361.019256,379020.899601,0,316
328563.650679,379184.174955,0,251
328368.222913,379004.921071,0,555
328431.320062,378790.165405,0,730
328764.535405,379088.113927,0,730
328259.941424,378987.995781,0,321
328655.672092,379260.850845,0,730
328766.383095,379149.866941,0,139
328677.50816,379112.779003,0,605
328440.470666,378742.692969,0,730
328371.273582,378819.503336,0,353
328614.643645,378899.530235,0,730
328404.470802,378775.53957,0,730
328444.280915,378682.621601,0,730
328624.600503,379019.487707,0,730
328452.717464,378894.550855,0,640
328602.633803,379114.986236,0,130
328697.142926,378793.111386,0,730
328606.289262,378906.674087,0,415
328408.499187,378759.642188,0,730
328607.32321,378671.398477,0,730
328723.222601,378794.20617,0,665
328501.139657,379175.784903,0,730
328471.941655,378803.216046,0,730
328348.738507,378984.338592,0,730
328173.967797,378907.710886,0,657
328736.640604,378785.340871,0,627
328441.802112,378711.857817,0,549
328571.700391,378916.929647,0,468
328284.447867,378989.930076,0,27
328523.634997,378779.478384,0,672
328321.11484,379006.785739,0,730
328661.251391,378742.972549,0,730
328454.245143,378726.347133,0,294
328803.338666,379132.78041,0,475
328183.788813,378951.306281,0,113
328680.472422,378920.424868,0,730
328390.288826,378859.04856,0,730
328615.470385,379101.226906,0,730
328652.749666,379269.587135,0,730
328268.936154,378740.10467,0,730
328349.243028,378945.952159,0,730
328566.437983,379201.23501,0,694
328534.830542,378885.763409,0,323
328702.77687,379123.674964,0,50
328710.573787,379287.446986,0,655
328501.307217,378922.440527,0,180
328658.367763,379280.672402,0,477
328441.000612,379037.071381,0,730
328712.407238,378894.897438,0,121
328317.076498,378965.111753,0,730
328625.735065,378991.71752,0,730
328341.588704,378947.884348,0,730
328586.913352,378884.935106,0,730
328774.658348,379071.560331,0,461
328704.804081,379001.269538,0,730
328519.69548,378674.791652,0,600
328528.954466,378821.438679,0,730
328357.286292,379029.607811,0,730
328698.000295,378713.95862,0,730
328410.702084,378804.355565,0,730
328424.05434,378687.759425,0,87
328599.118235,378676.639611,0,730
328798.693874,379135.435287,0,730
328650.977827,378814.182867,0,278
328521.226391,378978.700067,0,281
328332.212608,378734.959126,0,730
328697.612562,379241.144622,0,730
328560.967851,378832.78657,0,730
328764.720526,379188.809638,0,730
328777.282102,379028.565597,0,730
328588.569908,379131.011512,0,730
328609.859493,378883.447747,0,192
328546.548083,379042.430513,0,730
328570.85498,379138.632982,0,730
328253.847203,378793.682793,0,519
328484.062296,378908.775184,0,602
328705.015504,378621.594196,0,730
328569.343512,379148.287691,0,403
328452.502543,378993.353314,0,730
328545.109218,379192.872891,0,730
328480.556287,378856.879751,0,306
328322.575873,378738.793468,0,727
328753.203351,378817.234893,0,730
328637.133245,378920.959722,0,730
328614.337721,378856.654919,0,631
328563.634009,378998.108889,0,730
328206.361825,378869.229515,0,730
328649.756682,379214.233375,0,730
328298.117304,378962.933012,0,585
328532.219527,378959.630097,0,140
328734.696779,378870.54154,0,730
328567.809667,378764.529888,0,445
328596.56015,378908.572405,0,131
328413.245354,378710.184379,0,730
328665.872505,378679.331026,0,272
328377.704872,378732.25249,0,372
328460.32372,378693.367853,0,371
328479.971063,379100.52005,0,98
328571.22585,379124.801522,0,730
328577.496738,378802.207641,0,730
328708.15752,379036.946378,0,730
328731.035225,379219.75619,0,539
328303.617261,378726.713383,0,410
328534.843735,378980.024877,0,730
328345.191987,378992.550924,0,730
328311.771201,379029.465106,0,730
328266.667703,378763.159518,0,730
328609.20368,378668.026606,0,730
328714.431027,378875.712594,0,730
328675.210736,379018.97523,0,234
328570.643089,378711.907602,0,730
328577.854339,378961.249689,0,730
328455.88086,378748.863505,0,448
328611.577937,378651.618165,0,730
328213.035956,378902.449794,0,730
328472.655502,379085.311173,0,350
328163.563402,378903.784224,0,730
328506.515827,379065.771903,0,4
328690.752835,379307.921079,0,317
328377.520106,378756.914377,0,408
328369.089395,379011.188683,0,730
328212.965937,378934.740972,0,730
328605.063576,378751.473308,0,504
328321.27981,378790.34185,0,232
328745.697619,379193.487696,0,730
328722.620349,379123.121765,0,54
328692.382108,379275.801538,0,695
328300.104674,378998.418529,0,730
328788.538413,379120.794008,0,730
328461.023559,379074.087567,0,730
328454.105657,379054.644044,0,161
328638.567751,379188.986964,0,730
328504.596172,379073.3701,0,730
328681.917866,379178.610488,0,210
328521.256977,379040.660107,0,730
328677.307098,379041.661251,0,730
328479.242674,379079.688205,0,17
328532.732925,379036.410824,0,730
328553.415406,378937.12915,0,649
328649.47442,379009.172596,0,483
328490.867707,379100.105879,0,444
328667.962521,378716.491537,0,93
328467.261507,378864.578547,0,730
328158.598374,378853.038521,0,486
328728.466419,379054.333959,0,23
328519.061086,378730.969058,0,730
328331.439072,378985.139066,0,511
328411.0224,378780.069001,0,730
328687.918125,379110.746629,0,730
328630.069171,378732.833149,0,730
328738.605534,379131.89177,0,26
328512.196399,378784.215373,0,6
328550.614268,378789.629918,0,730
328338.613618,378919.511982,0,730
328734.002216,378751.123244,0,730
328480.377218,378708.441187,0,218
328681.912962,379017.04938,0,730
328378.830511,379073.692618,0,730
328326.20746,378791.721187,0,730
328412.094916,378693.187256,0,257
328637.634447,379245.672224,0,730
328757.320244,379115.267351,0,730
328665.464872,379229.496844,0,730
328441.376834,378740.702684,0,644
328453.802196,378694.729192,0,730
328578.752233,378887.224791,0,482
328210.214564,378857.172604,0,730
328515.564922,378914.880948,0,730
328684.53006,379013.679265,0,97
328284.776886,378844.309372,0,583
328619.371716,378976.89509,0,247
328310.874065,378852.280887,0,104
328272.403109,378774.860947,0,506
328553.195951,379134.070032,0,451
328689.300723,378790.388182,0,730
328456.82839,378944.276815,0,296
328596.754525,378866.579269,0,730
328727.603883,379117.940344,0,730
328681.848648,379019.371448,0,730
328459.714392,379064.167293,0,413
328721.424608,379020.503856,0,730
328472.683298,378968.851487,0,689
328487.355151,378789.153619,0,643
328612.267868,378702.165978,0,730
328703.933148,379021.580717,0,730
328242.929574,378829.249902,0,489
328748.12908,378750.421467,0,15
328448.586826,378779.174578,0,286
328598.316461,378703.645068,0,604
328757.431057,378934.130195,0,730
328280.005921,378822.720594,0,730
328576.257542,378790.240158,0,522
328758.331155,379084.590064,0,137
328248.5506,378766.309992,0,730
328519.884212,378867.96139,0,730
328675.907238,378911.956431,0,730
328628.835068,378880.939203,0,393
328379.825246,378900.003613,0,161
328542.63577,378812.455172,0,730
328655.014077,379303.327476,0,351
328159.739202,378889.102901,0,730
328687.240991,378957.193796,0,527
328662.360899,378790.807067,0,459
328663.286231,378723.014019,0,478
328353.854018,378872.282448,0,730
328269.204347,378839.465564,0,712
328395.725341,379015.237174,0,730
328247.385717,378895.43528,0,730
328619.332048,378931.640977,0,615
328475.574139,378792.865409,0,372
328743.578176,379204.587555,0,730
328528.733292,378809.168084,0,730
328347.64486,378739.06469,0,407
328629.40109,379123.648683,0,35
328740.966746,379141.934801,0,730
328533.82236,378703.610349,0,14
328590.556043,378762.653619,0,730
328309.640267,378848.790674,0,586
328302.374573,378843.116616,0,730
328618.100353,379097.828565,0,730
328634.28235,379203.836024,0,730
328321.575459,378770.896418,0,730
328235.858421,378804.056261,0,730
328664.149621,378888.086042,0,730
328660.771792,379276.15734,0,730
328675.075995,378797.863555,0,288
328751.41041,378923.279496,0,730
328658.896471,379173.25621,0,207
328668.27162,378874.812313,0,730
328770.848056,379076.494522,0,380
328190.22585,378834.375384,0,730
328580.749387,378880.812674,0,730
328319.473928,378727.619948,0,494
328221.043175,378873.448736,0,730
328163.32039,378885.109062,0,730
328448.485804,378864.604175,0,730
328727.814545,379064.972952,0,730
328644.890222,378717.844424,0,3
328706.235895,378712.381458,0,730
328248.601785,378948.933417,0,730
328706.336615,378766.529028,0,341
328704.681443,379096.202093,0,730
328202.970734,378808.76599,0,384
328678.433192,379015.971048,0,730
328621.609751,378818.014618,0,730
328366.327684,378709.818642,0,32
328399.527692,378810.110589,0,730
328150.676517,378869.49948,0,730
328308.615656,378913.771726,0,730
328681.612149,379185.795072,0,325
328412.722706,378943.714146,0,730
328411.297756,378754.097143,0,730
328752.592827,379202.036954,0,730
328446.128677,378829.54257,0,730
328511.627957,378831.273672,0,460
328725.490341,379234.287009,0,730
328147.720584,378886.255892,0,730
328407.099917,379027.39801,0,190
328763.088283,379169.054938,0,506
328370.655457,378780.188259,0,580
328721.064431,379206.663096,0,730
328672.102038,378759.670761,0,730
328473.213828,379107.395265,0,730
328735.312138,378767.886697,0,140
328252.353719,378809.114828,0,406
328297.128597,378867.040898,0,730
328434.663104,378902.012624,0,730
328550.25809,379131.632703,0,730
328751.424059,379241.20159,0,373
328507.635771,379019.583331,0,730
328645.949604,378940.795083,0,581
328751.305987,378783.845062,0,730
328446.718617,378937.635402,0,730
328533.250646,379018.880754,0,730
328382.461176,378984.370397,0,730
328596.371704,378911.293501,0,570
328146.747809,378916.704292,0,730
328386.065159,379044.931137,0,730
328256.811417,378772.402835,0,730
328361.47695,378901.538278,0,730
328697.593888,379249.557494,0,102
328570.033353,379222.101695,0,106
328760.469058,378853.158682,0,96
328415.927694,379113.468694,0,293
328466.225595,378912.707714,0,730
328435.5913,379091.282854,0,730
328765.316398,379138.17893,0,460
328311.582355,378789.780063,0,465
328629.758752,378981.168155,0,730
328700.506745,378947.711342,0,730
328374.277696,378725.238842,0,730
328709.888975,379021.913439,0,199
328619.662124,378656.693068,0,730
328570.300917,378854.320596,0,730
328301.7121,378728.641131,0,680
328690.299688,379062.714268,0,645
328483.150644,378868.905518,0,277
328757.303471,379206.056976,0,730
328406.882188,378979.066909,0,730
328607.23602,378690.899716,0,117
328233.628311,378947.186094,0,475
328355.482838,378858.244538,0,730
328480.409946,378891.264047,0,730
328786.367599,379131.549014,0,42
328667.236521,379170.106698,0,657
328713.952492,379239.015296,0,730
328595.089613,379093.867689,0,730
328257.797318,378832.18702,0,34
328423.064495,378865.132931,0,323
328587.566113,379175.986511,0,730
328296.678367,378889.483201,0,730
328702.343408,378935.387787,0,456
328725.674325,378979.230642,0,516
328154.906875,378819.485043,0,730
328318.772368,378750.958754,0,520
328396.685057,378943.124014,0,730
328269.674901,378965.844206,0,730
328633.322642,378895.742454,0,411
328615.594413,378729.895931,0,730
328238.584426,378948.345937,0,730
328785.311102,379145.069814,0,730
328220.257578,378878.038336,0,399
328220.580779,378837.278205,0,343
328687.854077,378909.442898,0,730
328450.443734,378905.585517,0,224
328516.173068,378880.670262,0,133
328304.160981,378864.180051,0,730
328446.55216,379079.949351,0,730
328752.427475,378860.397177,0,730
328378.565434,378884.107473,0,730
328646.205707,378961.123229,0,730
328638.072829,379325.403523,0,462
328277.801832,378925.486496,0,730
328446.42951,378908.462274,0,730
328394.722934,379068.275982,0,730
328217.071711,378841.264812,0,730
328692.83192,378849.455955,0,332
328722.760701,378988.392348,0,730
328633.205183,379296.486903,0,623
328138.255813,378902.073318,0,730
328447.670547,378739.873758,0,730
328750.542764,379155.101213,0,730
328547.107319,378666.823064,0,730
328554.108652,378941.575829,0,502
328591.275539,379074.402632,0,30
328573.533974,379125.075837,0,597
328652.562913,379268.658536,0,730
328383.310787,378989.07387,0,601
328527.743777,379156.855021,0,113
328355.061857,379065.38755,0,730
328154.07829,378867.843041,0,730
328671.064612,379271.68034,0,730
328689.254297,378681.54449,0,730
328592.811977,379073.662202,0,730
328621.90973,379184.6967,0,574
328625.094306,378738.096031,0,730
328391.208047,378836.36854,0,730
328295.993529,378979.736642,0,663
328744.886292,379024.48226,0,576
328273.641605,378785.350638,0,289
328676.531276,378746.422622,0,230
328527.861797,379030.51553,0,730
328299.590509,378971.474096,0,730
328284.374517,378832.165087,0,153
328488.265354,378769.387525,0,276
328192.767694,378940.57412,0,730
328257.679628,378887.715793,0,355
328480.239974,378722.471434,0,225
328472.377989,379136.648762,0,730
328691.075901,379264.072675,0,730
328607.811898,379174.170672,0,730
328447.045435,379081.380164,0,730
328338.973125,378701.656399,0,501
328507.702121,379182.557154,0,730
328444.394539,379050.283349,0,730
328193.392344,378780.124185,0,730
328625.838478,378664.610675,0,603
328598.371863,379085.142325,0,636
328337.477064,378964.252749,0,730
328476.150485,378775.050268,0,361
328752.919647,379229.011588,0,288
328185.836962,378903.002012,0,438
328674.757495,378967.498321,0,179
328501.61131,379150.480213,0,704
328246.064048,378803.033717,0,730
328432.659442,379127.315465,0,687
328543.835727,378955.89373,0,730
328505.317714,379118.251028,0,13
328725.155949,379035.945574,0,730
328725.642703,378893.371449,0,730
328564.811304,379196.438286,0,730
328648.627304,379301.586794,0,710
328664.041244,379087.340796,0,541
328371.609258,378857.388216,0,241
328565.889653,379216.08101,0,730
328566.214146,378938.649555,0,730
328669.429638,379055.928882,0,730
328562.528629,378968.313281,0,730
328680.877191,378997.131268,0,218
328508.651024,379022.3921,0,730
328767.827653,379162.938664,0,730
328748.523431,379222.417797,0,730
328545.50545,379077.618045,0,592
328519.561549,378800.220527,0,730
328792.071949,379163.212637,0,730
328213.69763,378955.703377,0,412
328453.002371,378729.16907,0,256
328680.60682,379261.472419,0,237
328371.939278,378787.227928,0,730
328659.267778,378913.544879,0,730
328544.307229,378807.189992,0,730
328575.53529,379122.785602,0,304
328388.666708,378852.398993,0,730
328487.448736,379030.870026,0,730
328404.723228,378907.835192,0,730
328405.440853,378944.243296,0,685
328541.284061,378818.42498,0,628
328264.556202,378769.928099,0,656
328433.16356,378941.565906,0,730
328643.955933,378985.409608,0,360
328749.657043,378750.963612,0,730
328660.444515,378907.907494,0,71
328211.630722,378853.151334,0,136
328783.798021,379192.89622,0,730
328441.22673,379131.242307,0,650
328541.652153,379158.949347,0,730
328673.740553,378850.179855,0,383
328599.012531,378650.868025,0,730
328241.281852,378878.707009,0,270
328612.339248,378639.652842,0,730
328352.272267,379047.773682,0,730
328703.049914,379146.361953,0,730
328762.310559,379006.920606,0,444
328295.890802,378772.869767,0,730
328719.896508,378782.432581,0,470
328492.071519,379026.130453,0,630
328331.351022,379002.481732,0,559
328552.315097,379029.740005,0,566
328426.053059,378806.305574,0,8
328405.911339,378857.742933,0,730
328559.138594,378957.212491,0,567
328464.086507,379145.269981,0,730
328550.544031,378900.422516,0,730
328251.777673,378776.526528,0,730
328758.451767,378828.370932,0,730
328246.772976,378882.554663,0,342
328739.841869,379019.514594,0,166
328655.31381,378970.651295,0,5
328373.048611,379022.449807,0,730
328772.078671,379133.050203,0,730
328504.777506,378683.661764,0,631
328790.120792,379163.234469,0,329
328329.149356,378863.422084,0,730
328684.942479,379243.705821,0,676
328599.789011,378666.44169,0,546
328547.02434,378791.223385,0,426
328516.18013,379000.672443,0,531
328528.040652,378869.5417,0,625
328501.337739,378662.35445,0,668
328674.081973,379230.231388,0,730
328718.096588,379013.062813,0,319
328651.239465,378924.723689,0,264
328417.699147,378738.883849,0,730
328656.016141,379237.989874,0,107
328659.690602,378853.076693,0,730
328778.382786,379149.832925,0,586
328439.471809,378879.858383,0,681
328628.784413,379010.743476,0,609
328645.066799,378719.63677,0,730
328729.117753,378861.276345,0,730
328601.184322,378734.154944,0,24
328681.544003,379050.216728,0,730
328591.599948,378740.223269,0,730
328639.291113,378691.837966,0,730
328623.239439,379182.049143,0,730
328523.07548,379052.923406,0,730
328613.146085,378885.492212,0,730
328657.49689,378976.034445,0,499
328334.35476,378717.736653,0,730
328612.62292,379015.614432,0,650
328311.241069,378891.197441,0,730
328726.400801,379135.904589,0,491
328353.276144,379068.761434,0,730
328549.686451,378986.289498,0,730
328273.258343,378916.252535,0,730
328278.750223,378835.593973,0,730
328240.606343,378990.118126,0,730
328650.439329,378664.020442,0,730
328598.884717,378656.204638,0,730
328222.105504,378936.679017,0,730
328445.598021,378744.767265,0,730
328149.564796,378875.689987,0,730
328348.360033,379032.14169,0,730
328529.094758,379172.101818,0,730
328643.971777,378992.524863,0,553
328466.442162,378705.442544,0,730
328732.900783,379259.135028,0,136
328606.18547,379258.768879,0,82
328715.068709,378973.77353,0,730
328466.095786,379146.14912,0,730
328625.021378,379192.114382,0,294
328293.493238,378972.173164,0,360
328633.453765,379161.223143,0,311
328589.068422,378651.521947,0,730
328524.082976,379165.47619,0,730
328494.908825,379031.554816,0,368
328648.266349,378674.542139,0,730
328693.044135,379190.592,0,730
328635.421193,378836.923553,0,343
328709.186002,379072.901633,0,730
328645.341383,378996.747615,0,641
328289.392794,378988.180904,0,730
328497.913649,378934.98568,0,730
328341.71218,378737.712914,0,730
328675.13073,378649.368758,0,473
328292.556257,378905.652292,0,730
328480.206601,378939.895922,0,730
328454.38425,378762.392884,0,672
328590.564512,378865.354036,0,103
328748.703099,378898.776867,0,267
328534.093343,378827.878493,0,730
328181.334804,378856.735361,0,730
328356.832624,378987.84157,0,730
328431.378195,378889.164899,0,290
328799.77376,379115.978821,0,730
328504.291423,379044.768031,0,730
328608.243812,379160.904557,0,730
328327.105466,379054.112199,0,729
328668.42725,378852.979364,0,730
328751.431903,379185.490299,0,441
328343.675698,378914.69246,0,730
328376.739991,378830.256335,0,730
328575.944185,378757.285732,0,730
328625.179935,378940.088145,0,730
328647.600842,379355.988564,0,351
328296.657633,378727.231915,0,730
328377.46333,378783.560655,0,730
328278.281042,378782.061959,0,730
328755.943545,379158.730282,0,730
328663.883967,379045.073603,0,730
328611.410196,378639.751455,0,730
328300.287571,378878.523424,0,730
328708.344394,379064.732726,0,730
328715.37082,378901.910908,0,730
328361.032941,378975.806896,0,152
328684.185247,378762.125987,0,730
328492.842057,378751.013228,0,730
328534.991191,378911.893703,0,124
328450.618016,378673.23043,0,730
328404.359104,378770.23371,0,730
328566.157513,378989.638578,0,730
328733.542279,379159.696471,0,730
328548.525755,378904.233796,0,730
328726.616781,378950.644126,0,17
328668.341938,379243.873423,0,280
328228.295594,378860.140103,0,484
328730.3669,379213.208607,0,730
328649.524361,378867.244353,0,267
328180.912367,378819.575675,0,730
328278.693693,378972.437609,0,730
328555.886644,378753.847451,0,154
328631.375696,379030.316507,0,730
328583.857834,378935.333762,0,313
328545.02083,379021.719447,0,730
328268.101577,378911.207971,0,730
328772.471891,379139.860008,0,730
328577.159742,378743.054658,0,730
328346.158242,378712.74574,0,730
328598.20562,379028.771422,0,730
328513.729789,378744.905033,0,660
328278.452064,378904.934344,0,694
328635.953101,379140.954831,0,730
328258.926794,378764.041223,0,730
328461.916913,379075.738875,0,661
328279.471502,378841.167497,0,290
328654.201839,379012.466099,0,175
328521.292147,379138.594988,0,730
328530.416512,379058.212817,0,730
328582.064197,379129.101745,0,182
328479.138706,378696.79968,0,730
328774.7553,379204.820362,0,730
328395.38869,378714.37698,0,730
328384.240592,378694.136241,0,730
328377.287837,378888.731938,0,730
328341.377777,378718.989859,0,701
328426.690642,378890.743086,0,730
328199.581036,378962.39966,0,159
328335.427779,378732.622758,0,730
328521.659481,378840.624032,0,730
328223.360694,378869.800342,0,730
328235.591202,378970.111067,0,135
328624.589146,378821.705164,0,730
328655.965276,378846.925103,0,730
328614.338188,379236.196254,0,730
328468.630552,379065.477546,0,730
328634.10469,378664.252998,0,730
328402.240865,378841.868204,0,447
328387.327343,379027.939699,0,324
328682.867063,379337.249596,0,364
328283.958121,378729.961061,0,730
328723.904579,378782.146578,0,678
328584.805349,378962.470324,0,405
328699.022815,378749.538566,0,690
328674.726698,378663.966959,0,730
328633.706982,379247.039985,0,730
328695.092054,378694.333777,0,730
328626.185375,378757.861845,0,730
328529.463781,378763.404359,0,730
328433.87762,378730.908632,0,3
328255.818834,378984.838897,0,730
328546.58844,378890.013332,0,730
328720.25653,379007.222912,0,305
328486.765947,379053.216809,0,730
328373.532809,378816.573181,0,730
328729.440747,378934.556788,0,730
328696.560415,379038.262797,0,349
328190.866407,378944.761308,0,730
328470.714172,378914.414952,0,578
328407.727356,378973.686732,0,730
328722.733173,379052.076368,0,730
328759.736541,379121.006101,0,730
328371.219307,378759.022578,0,730
328647.874776,378761.808697,0,636
328738.62946,379192.249955,0,385
328232.449236,378985.418236,0,730
328167.914487,378879.627149,0,333
328768.100189,379113.823469,0,598
328610.169786,378891.194683,0,632
328634.918383,378919.789725,0,730
328358.551546,378756.662174,0,315
328265.121327,379002.697927,0,105
328683.921946,378679.221667,0,338
328773.483521,379073.047428,0,730
328708.346525,378850.833264,0,730
328218.819164,378921.556778,0,51
328695.609908,379174.214384,0,730
328266.725203,378851.109906,0,730
328729.568414,379254.608305,0,452
328450.795891,378743.103269,0,730
328516.292057,378678.066148,0,730
328809.676977,379158.88129,0,730
328642.76479,378938.533037,0,525
328276.050727,378991.658066,0,730
328655.785925,378715.501845,0,730
328731.222688,379063.926187,0,730
328419.199999,378830.764868,0,191
328720.19985,378872.209248,0,730
328362.304691,378813.641385,0,730
328709.776741,379142.876626,0,730
328290.210916,378760.460647,0,700
328700.024971,379008.981407,0,730
328496.206652,378747.21622,0,493
328434.637617,379125.080349,0,565
328410.37789,378971.310784,0,730
328169.662043,378801.853253,0,635
328653.536078,379124.832647,0,730
328431.433682,379104.464389,0,730
328581.870535,379098.695682,0,730
328526.26224,379094.62791,0,730
328555.618971,379004.47212,0,574
328551.977705,379197.457542,0,333
328428.696319,378993.054454,0,730
328366.862063,378847.44463,0,440
328710.859576,378729.245559,0,730
328438.504812,378796.494281,0,730
328763.009596,378992.127075,0,618
328326.064686,378807.362636,0,718
328664.353623,379252.915443,0,730
328576.624199,379079.989783,0,730
328420.773381,379041.578634,0,392
328350.860053,378856.876077,0,730
328486.077014,378694.473918,0,566
328424.76119,379117.072945,0,111
328431.558204,378831.959472,0,730
328353.4829,378801.001,0,585
328210.374985,378825.167563,0,730
328684.75124,379058.259085,0,730
328684.217471,378705.082378,0,698
328620.006765,379113.831661,0,156
328633.809737,378884.460126,0,16
328737.52203,379072.917964,0,430
328644.355105,378994.830846,0,730
328662.411244,378656.903837,0,730
328501.003744,378701.056441,0,730
328424.343496,379094.878189,0,730
328570.664521,378689.783246,0,730
328441.309096,378900.982184,0,730
328694.02344,379006.987087,0,730
328702.060442,379056.315114,0,258
328766.92279,379174.481816,0,344
328794.912152,379097.698606,0,62
328305.141673,378852.125314,0,545
328217.277279,378765.362395,0,730
328380.006898,378734.11541,0,730
328755.338442,378779.444899,0,730
328267.286588,378871.870354,0,730
328751.126945,379207.513004,0,203
328215.782755,378905.923082,0,708
328505.700382,378859.144809,0,318
328241.185925,378861.838954,0,730
328807.289102,379138.9551,0,730
328805.193921,379097.184025,0,362
328548.910348,378885.11425,0,730
328722.396565,379025.641122,0,411
328563.823466,379072.305561,0,163
328656.214274,379131.892143,0,730
328243.182172,378923.012288,0,52
328380.433383,378960.309368,0,584
328610.780213,379110.584849,0,402
328295.632553,378909.554869,0,730
328296.247622,378737.120432,0,730
328683.741447,378933.015793,0,49
328726.862927,379108.06307,0,730
328507.174135,378998.489327,0,730
328727.754123,379095.956786,0,730
328464.897627,379115.682194,0,222
328489.556386,379089.901652,0,730
328693.035351,378635.911736,0,730
328790.580044,379117.596673,0,730
328695.523934,378900.603136,0,730
328424.48066,379112.668311,0,530
328578.030965,379159.848068,0,730
328719.452786,379065.490705,0,730
328722.123151,379020.778418,0,155
328513.417074,378836.153244,0,561
328383.806497,379005.669077,0,730
328773.382814,379145.441043,0,282
328500.142195,379163.412984,0,724
328621.051267,379142.83426,0,730
328711.20961,379088.633374,0,730
328734.033583,379183.454642,0,730
328441.67093,378977.983079,0,493
328447.337295,379084.001263,0,730
328571.385138,378860.517223,0,730
328726.432964,378831.080241,0,51
328680.067797,379167.229336,0,26
328563.858931,379001.736753,0,730
328732.48066,379236.299793,0,141
328169.36991,378864.609835,0,730
328743.590961,379057.923631,0,730
328585.08462,379135.538525,0,577
328783.797645,379069.002226,0,579
328567.016724,379011.831123,0,730
328321.059711,378949.912691,0,730
328551.487574,378783.981555,0,730
328654.231545,379242.174024,0,699
328525.702515,378708.268916,0,730
328195.088912,378805.770802,0,730
328469.263485,379113.428175,0,542
328685.806103,378945.512793,0,730
328372.903878,378982.581522,0,414
328490.041867,378785.633569,0,671
328607.648013,378851.299811,0,730
328759.556964,378868.088013,0,649
328667.443904,379067.167791,0,730
328692.846938,379287.306421,0,730
328528.904047,379060.45938,0,576
328757.553334,378903.476285,0,730
328340.42305,378812.537857,0,730
328577.756656,378941.382746,0,730
328237.280175,378817.570654,0,730
328742.703218,378899.512759,0,730
328728.434115,378813.884214,0,476
328358.940295,378999.522636,0,186
328528.999188,378939.287828,0,730
328656.49152,379049.25424,0,60
328777.29175,379133.292995,0,510
328332.760508,379052.428253,0,179
328587.221661,379054.138032,0,730
328644.891115,378952.028456,0,133
328717.646689,379077.29043,0,730
328686.865737,378632.094437,0,537
328511.270666,379108.293431,0,454
328553.457797,378809.477181,0,623
328314.820991,379029.181925,0,730
328680.152919,378682.262103,0,730
328429.179584,378674.766086,0,730
328372.261455,379018.260161,0,730
328412.031107,379032.882903,0,730
328723.870713,378708.95597,0,730
328648.035454,379106.182045,0,730
328593.640691,379104.096745,0,730
328370.795514,378808.20897,0,730
328720.426107,379084.834387,0,382
328531.522297,379074.746377,0,730
328626.011378,378881.833312,0,494
328784.280401,379032.681726,0,730
328718.85659,378684.078273,0,21
328493.052252,379124.846273,0,336
328430.912594,379113.812171,0,730
328441.121008,378767.602852,0,533
328661.940624,378850.561864,0,45
328595.461657,379053.888388,0,730
328779.269699,379107.978998,0,730
328552.680644,378741.496037,0,730
328310.94966,379035.363544,0,730
328546.843281,378863.24178,0,575
328546.686792,378860.128218,0,534
328647.447119,378859.453882,0,730
328370.249823,378845.182923,0,730
328651.017924,378973.515523,0,730
328659.233637,378885.29854,0,66
328624.421031,378974.740169,0,730
328355.537782,378926.551468,0,109
328642.894401,378801.76075,0,662
328324.234782,378799.899682,0,320
328248.677956,378831.467629,0,123
328420.281432,379002.711458,0,730
328685.905232,378860.147005,0,730
328661.991349,378855.109804,0,730
328346.632631,378741.752038,0,730
328585.670303,378713.593772,0,730
328306.211749,378891.936317,0,377
328713.241904,378705.818868,0,439
328358.029885,378896.069732,0,730
328680.683535,379315.08134,0,730
328726.48084,378758.283388,0,211
328459.08364,378909.425009,0,730
328489.701181,378722.746705,0,730
328203.880475,378862.779584,0,570
328482.561967,378962.788567,0,487
328529.342064,378879.351854,0,730
328660.183373,378857.382896,0,565
328473.669359,378801.373637,0,730
328426.381805,378772.602479,0,341
328735.417426,379051.184367,0,730
328712.998415,378652.984655,0,125
328692.852977,379019.899419,0,730
328258.444147,378840.889173,0,47
328600.599179,379050.316299,0,730
328146.212555,378917.502992,0,730
328341.413473,378815.120027,0,584
328442.973732,379042.128724,0,101
328793.747373,379118.578655,0,730
328476.840019,378885.678501,0,730
328593.147873,378860.744207,0,730
328746.53778,378822.134273,0,524
328794.615826,379152.599572,0,730
328734.010349,378886.336629,0,730
328352.848269,378866.224889,0,330
328515.59535,378916.624721,0,730
328591.213696,378688.259241,0,656
328401.140494,378973.183514,0,224
328445.849217,378850.670445,0,730
328721.082432,378813.481952,0,730
328458.211239,378947.124579,0,365
328711.489785,378737.279938,0,451
328673.719218,379129.415157,0,532
328644.656491,378866.462435,0,730
328652.461362,379123.215671,0,730
328371.872732,378699.220699,0,730
328764.894856,379169.452382,0,730
328695.08922,379281.989338,0,730
328578.633638,379184.914379,0,730
328556.062715,379118.476682,0,688
328704.102497,379136.620356,0,106
328304.155565,378975.403051,0,622
328774.59332,379003.205431,0,730
328706.577377,378781.818819,0,730
328385.663182,378822.427911,0,730
328433.985175,378758.930036,0,730
328309.968153,378899.763522,0,223
328770.238468,378993.116159,0,730
328769.909678,379005.180242,0,596
328568.235632,379120.244281,0,730
328517.512098,379183.096942,0,319
328398.283009,379097.983047,0,730
328697.198821,379072.450699,0,303
328317.341253,378803.180202,0,730
328702.306878,379178.434214,0,730
328624.347679,379292.904666,0,730
328417.481729,378709.997302,0,568
328481.236266,378744.044637,0,730
328604.604475,378643.422709,0,730
328550.815662,379190.821372,0,730
328222.121241,378880.153101,0,730
328785.857389,379069.526363,0,176
328480.236645,379162.615257,0,603
328429.135345,379057.448058,0,299
328268.402463,378952.644165,0,730
328717.794223,378772.566349,0,577
328327.852909,379016.981335,0,123
328635.922058,378725.535052,0,691
328423.753817,379076.578926,0,730
328640.452158,378653.874785,0,730
328644.527326,379359.496452,0,730
328674.166624,378828.946298,0,188
328666.231594,379138.173516,0,730
328270.989126,379015.516775,0,19
328616.62775,378737.709821,0,730
328556.142678,378815.322658,0,730
328150.213866,378795.869882,0,730
328323.113655,378752.466415,0,614
328519.60703,378678.517782,0,730
328684.997661,379051.034572,0,730
328542.221558,378970.091696,0,730
328672.183865,379341.80263,0,730
328656.374645,379062.985676,0,716
328233.589216,378908.533562,0,198
328253.660905,378890.748786,0,730
328253.48963,378970.333303,0,730
328658.751569,379033.913272,0,730
328636.744111,378773.796942,0,99
328393.593327,378968.081672,0,730
328347.470324,378757.828839,0,730
328248.68872,378792.787186,0,730
328333.941536,378848.056538,0,730
328576.781041,378775.100764,0,47
328666.267107,379070.04243,0,683
328606.817044,379236.874055,0,643
328466.978754,379004.063037,0,217
328399.445227,378925.568746,0,730
328464.9367,379036.352132,0,730
328619.55308,378692.543224,0,244
328489.400968,379045.357533,0,730
328764.077431,378801.350853,0,293
328732.610533,379236.48769,0,730
328157.401826,378866.164919,0,730
328745.093171,379207.869299,0,622
328254.414196,378799.812047,0,730
328484.308199,378982.888643,0,559
328770.178292,379157.4351,0,730
328760.357458,379052.99335,0,56
328454.785515,378850.80069,0,730
328508.769836,378676.232198,0,231
328761.565918,378852.991397,0,595
328568.408528,379215.159583,0,730
328173.519601,378911.51178,0,573
328703.879112,379136.644794,0,556
328455.572733,378697.282183,0,730
328344.307475,378742.995252,0,730
328229.8964,378813.355812,0,66
328312.204274,379006.78302,0,370
328698.635947,379055.679272,0,601
328461.63376,378801.399325,0,652
328699.521456,379194.372868,0,730
328751.788413,379029.248969,0,730
328601.106045,378761.698509,0,730
328733.186318,378976.151706,0,730
328663.668293,378751.220808,0,730
328622.748741,378961.16316,0,730
328701.293535,379160.592536,0,730
328689.11321,378713.899449,0,521
328233.5515,378848.544645,0,496
328433.406349,378784.994014,0,702
328624.211935,378815.772226,0,730
328614.157527,379148.795924,0,730
328759.941477,379045.392776,0,730
328569.466209,379115.328577,0,730
328642.355328,379267.546289,0,79
328587.220021,378781.435492,0,458
328549.761711,378819.39601,0,383
328403.59428,378829.339036,0,730
328505.084551,379000.235393,0,730
328782.538983,379029.693738,0,730
328291.334299,378767.74095,0,646
328194.416522,378772.974136,0,23
328553.432685,379032.625664,0,634
328612.092519,378855.621911,0,730
328183.023051,378832.494389,0,730
328533.572663,379183.109173,0,730
328724.906164,379268.265522,0,730
328561.305464,378938.470554,0,471
328756.213875,379082.985804,0,730
328543.787759,379032.923493,0,697
328368.762926,379038.857936,0,730
328697.31559,378801.028194,0,730
328674.163632,379016.883427,0,730
328509.484978,378817.822499,0,265
328266.422485,378754.133343,0,241
328182.190597,378775.929103,0,258
328289.596148,378938.99359,0,730
328635.124037,379245.950405,0,730
328574.826904,378740.02222,0,730
328661.575007,379346.76272,0,730
328146.354987,378872.294548,0,730
328609.991997,379244.95409,0,654
328460.049551,379033.475978,0,730
328717.776327,378898.571963,0,730
328680.935852,378823.616732,0,730
328446.619761,378766.84754,0,488
328612.314962,378740.62648,0,720
328461.931232,378753.908187,0,461
328540.35935,378828.429571,0,730
328733.329321,379188.151864,0,252
328324.969024,378717.030474,0,730
328305.551261,378871.143184,0,108
328758.046938,379203.613029,0,380
328685.825738,378730.370551,0,632
328350.767459,378900.232281,0,617
328494.694474,378864.768418,0,730
328759.200515,379222.07303,0,730
328554.442777,378707.039738,0,730
328669.289576,378776.957808,0,149
328703.781513,379283.655856,0,730
328350.27234,378800.892027,0,730
328600.090545,378885.636993,0,730
328430.528281,378872.842439,0,730
328213.940373,378782.000344,0,165
328485.445895,378831.594049,0,696
328291.285257,378727.90144,0,730
328509.859054,378757.38258,0,507
328471.943325,378695.157312,0,403
328248.305179,378818.689912,0,634
328607.788964,378869.750118,0,730
328347.109353,379006.307549,0,235
328642.578836,379121.476572,0,108
328657.971445,379118.35425,0,416
328661.171272,378865.217646,0,730
328645.422984,379089.458038,0,730
328480.719712,379081.445514,0,595
328722.463124,378871.421123,0,730
328659.170575,379231.36354,0,730
328790.957959,379120.62691,0,714
328735.915497,379241.661758,0,263
328633.053276,378647.912523,0,68
328230.582749,378872.015695,0,730
328482.458586,379135.472774,0,730
328409.274151,378912.502937,0,563
328394.90233,379068.781574,0,409
328683.104991,378688.295554,0,730
328625.177925,379120.328807,0,142
328647.129036,378919.831886,0,80
328486.978063,378833.76476,0,730
328549.208009,378680.416184,0,366
328328.521149,378814.440341,0,730
328596.534544,378652.637679,0,730
328248.384844,378742.882227,0,730
328541.4415,378898.304643,0,730
328455.094072,378692.761076,0,567
328483.312272,378734.052236,0,730
328663.109419,379082.524608,0,730
328611.659534,379096.738643,0,730
328450.959166,378979.246063,0,91
328318.808518,378993.116536,0,730
328270.669677,378891.896206,0,569
328664.485416,379295.079609,0,5
328609.472775,378852.570415,0,730
328707.84351,379038.946048,0,730
328433.695133,378755.650602,0,730
328474.556428,379039.844601,0,730
328678.852129,378653.296875,0,204
328488.184126,378816.768841,0,730
328705.800274,378742.81352,0,730
328522.808572,379191.43693,0,171
328512.31915,378824.997978,0,730
328714.147886,379147.689499,0,205
328569.693225,379001.995039,0,730
328192.465682,378799.436493,0,22
328528.223561,378770.734921,0,730
328744.882615,378911.313359,0,730
328735.30273,378949.427005,0,730
328709.374422,378989.363708,0,730
328759.565848,378803.47014,0,730
328627.836367,379174.463758,0,730
328627.406076,378779.541677,0,537
328698.254508,378708.16066,0,730
328437.474199,378742.816917,0,730
328415.222604,379073.536708,0,730
328310.965845,378809.033022,0,730
328356.979228,378819.320586,0,314
328663.042044,379264.201994,0,443
328309.843205,378791.313385,0,87
328312.058337,379016.536557,0,82
328446.050785,379066.685969,0,265
328469.20961,378832.473881,0,730
328680.412797,378786.292488,0,730
328681.575973,379055.601309,0,142
328436.617362,379009.024741,0,730
328650.613515,378770.818343,0,730
328452.703027,378920.651428,0,243
328791.377184,379133.537102,0,497
328535.87064,379071.126682,0,730
328370.034694,379067.758582,0,572
328400.536314,379058.92673,0,76
328324.542529,378872.452851,0,552
328656.698413,379159.798512,0,337
328427.132738,379086.438712,0,730
328700.124298,378718.77582,0,730
328483.999732,378757.758293,0,730
328493.338888,378957.091046,0,730
328489.718695,378769.074682,0,730
328448.867198,378863.104614,0,730
328363.27693,379025.22947,0,730
328465.877754,378897.986112,0,189
328650.767284,378950.113898,0,706
328603.927367,378966.548465,0,730
328446.425907,378865.105403,0,723
328644.934813,379258.161363,0,730
328254.017983,378907.277247,0,730
328655.615666,378899.039175,0,730
328659.321007,378917.132091,0,730
328533.828498,379071.079827,0,730
328325.181063,378792.524286,0,730
328483.100054,379077.585107,0,426
328719.089624,379216.56945,0,176
328615.204499,378963.098505,0,730
328680.235077,379017.155472,0,629
328682.50228,378833.207813,0,730
328671.248657,378718.533801,0,730
328734.875269,379127.205905,0,730
328281.015657,378774.929608,0,367
328582.761534,379175.98069,0,89
328585.583573,379095.291035,0,730
328561.169199,378885.631423,0,608
328757.238829,379121.543713,0,730
328669.206085,379083.899233,0,730
328776.111578,379049.135491,0,730
328730.006586,378884.499704,0,730
328355.222641,378709.17193,0,730
328690.268039,378846.04392,0,422
328723.280487,378843.201524,0,730
328672.059073,379253.673992,0,730
328720.676588,378687.028374,0,285
328205.030415,378918.658502,0,412
328219.751481,378877.059407,0,262
328558.354952,378783.964235,0,730
328652.86327,379236.838093,0,154
328263.918743,378945.738421,0,730
328583.486251,378884.496873,0,730
328477.740625,379081.858615,0,730
328284.434008,378960.485927,0,730
328606.895566,379132.705736,0,730
328639.298397,379147.055722,0,339
328246.973718,378927.067975,0,730
328292.137369,378927.880003,0,730
328518.934028,379022.079795,0,730
328673.002581,378984.415712,0,472
328608.599824,379023.906867,0,402
328213.155734,378881.064293,0,115
328346.438518,379042.754271,0,730
328722.330295,378958.501727,0,541
328241.672212,378975.985811,0,730
328650.19661,379274.109786,0,730
328695.850053,378867.089179,0,436
328247.20832,378749.23622,0,454
328319.164581,378880.493341,0,548
328738.84406,378913.331027,0,254
328494.244265,378853.78251,0,284
328738.056942,379177.453268,0,673
328418.690691,378714.36675,0,730
328754.473233,378956.438711,0,730
328354.596938,378709.088947,0,730
328694.525861,378825.760523,0,730
328697.272336,378644.151692,0,240
328675.881808,379063.538368,0,709
328681.02384,379010.384689,0,730
328376.85086,378918.407524,0,730
328488.474813,378705.564226,0,543
328306.033669,378722.052372,0,730
328559.979345,378933.032797,0,462
328308.568951,378954.209653,0,730
328352.995029,378965.061745,0,569
328663.397214,378937.279601,0,730
328366.698727,378889.306118,0,310
328381.518505,378735.146944,0,719
328537.119505,379044.722202,0,455
328636.451551,379050.676803,0,677
328570.538929,378648.801361,0,474
328338.115557,378993.273296,0,129
328354.614452,379000.655741,0,730
328682.15941,379300.287613,0,394
328154.334068,378798.111119,0,501
328633.290445,379230.210874,0,730
328370.32661,378711.6146,0,730
328747.125001,378872.650009,0,19
328547.347976,378944.647723,0,730
328677.228446,379056.824173,0,273
328676.426761,379078.886416,0,640
328571.936718,378938.67901,0,730
328617.769461,378901.389756,0,730
328696.074454,378846.422516,0,309
328496.259479,378990.554738,0,730
328414.428437,379088.855542,0,730
328700.668513,379060.81332,0,730
328450.186297,378802.767034,0,434
328542.612055,379132.807185,0,395
328484.526097,378809.500407,0,730
328408.806804,378805.320418,0,730
328267.077214,378871.982164,0,703
328325.786034,378711.554462,0,730
328660.935915,379299.598172,0,730
328492.787722,378689.177567,0,730
328357.144638,378879.702088,0,730
328637.709532,378907.479873,0,606
328248.869317,378844.362705,0,730
328395.11907,379054.189216,0,730
328678.130486,378790.424106,0,702
328392.454111,379099.341836,0,730
328739.777808,378715.003124,0,730
328666.135518,378997.309602,0,60
328487.448488,379147.48285,0,730
328390.377896,379008.781512,0,654
328652.15954,378819.697579,0,730
328397.604934,379027.962918,0,246
328533.008356,379078.172904,0,116
328749.478904,378990.510464,0,730
328404.0999,379022.555766,0,305
328710.96409,378729.016312,0,730
328461.696001,378808.42492,0,173
328384.761194,378962.692101,0,610
328449.952074,378834.362398,0,564
328536.294751,379015.24598,0,471
328431.664511,378757.002973,0,730
328756.800326,379223.965122,0,667
328677.316106,379319.747339,0,730
328198.766809,378807.588604,0,730
328413.118206,378716.990286,0,614
328644.024694,379230.949744,0,38
328525.181456,378786.915064,0,619
328659.851161,378917.992604,0,730
328557.412888,378840.155557,0,730
328423.662647,378893.414469,0,14
328426.021112,378990.173261,0,730
328788.185146,379132.790579,0,100
328383.685364,378732.651024,0,730
328517.480557,378708.822017,0,613
328644.074689,378779.46077,0,730
328411.201288,378827.174738,0,544
328437.74614,379049.416961,0,202
328673.119558,379058.386724,0,719
328246.685042,378820.213882,0,373
328671.300703,378762.901382,0,170
328455.318259,378875.098326,0,253
328194.680896,378804.2854,0,119
328446.821025,378866.977529,0,730
328390.386273,378945.429054,0,642
328447.208412,378758.743158,0,730
328196.836896,378842.718799,0,429
328484.447911,378903.134099,0,730
328506.213632,379117.374704,0,441
328404.856758,379042.215003,0,730
328479.156471,378867.186338,0,730
328274.105104,378804.658505,0,730
328388.920606,378948.436128,0,661
328277.488599,378788.665785,0,298
328706.32395,379139.655016,0,440
328710.113369,378748.084613,0,730
328645.815674,379186.695356,0,730
328339.066877,378870.761383,0,388
328404.649585,378854.04601,0,487
328185.017569,378904.113047,0,276
328259.018969,378753.901887,0,122
328333.917878,378885.41246,0,57
328441.390347,378777.715862,0,626
328536.181658,379186.308463,0,730
328623.881782,378844.873145,0,730
328766.624767,378980.611315,0,370
328526.697239,378722.481414,0,162
328558.967961,379194.49461,0,666
328737.981519,378922.649285,0,730
328304.064242,378727.930116,0,81
328399.37059,378990.420283,0,591
328656.807266,379080.020541,0,616
328386.478244,378874.62531,0,260
328281.930885,378952.173583,0,730
328296.750071,378912.889015,0,730
328453.586371,379030.416932,0,730
328349.599031,379065.599827,0,547
328563.0585,379026.847085,0,730
328608.864165,379149.139315,0,730
328152.479779,378921.725804,0,730
328663.27287,379224.850345,0,170
328415.013219,378960.595029,0,490
328213.152177,378924.568839,0,378
328278.021817,378869.365271,0,678
328378.86941,378814.492073,0,10
328499.793249,378777.94702,0,730
328736.193096,379100.801473,0,417
328238.274751,378885.849242,0,520
328625.717635,378972.332581,0,284
328806.7281,379157.887906,0,730
328392.24615,378750.696014,0,730
328523.826563,379034.696806,0,730
328662.740699,378707.23167,0,730
328376.537907,378786.331021,0,346
328481.204945,378987.966411,0,692
328231.480037,378927.563775,0,730
328443.375845,378752.22636,0,648
328194.758999,378858.875407,0,730
328548.375417,378708.916023,0,730
328478.910517,378893.68102,0,730
328694.778876,379276.657322,0,730
328485.538184,379053.073781,0,692
328744.042922,378914.472533,0,730
328799.026313,379135.273798,0,146
328334.224385,378740.92084,0,730
328578.748968,378916.381139,0,730
328711.856281,379103.299561,0,346
328547.401625,378847.74636,0,730
328619.03907,379140.838475,0,730
328481.334046,378929.68027,0,414
328178.476608,378857.321735,0,730
328208.162044,378792.032258,0,730
328508.457077,378896.490977,0,43
328163.298289,378826.209519,0,730
328674.023775,379273.981704,0,612
328355.228073,378896.390288,0,730
328749.139238,378984.590633,0,730
328562.481587,378863.317012,0,528
328767.928998,379127.185055,0,171
328664.658852,378837.558885,0,639
328764.289898,379207.660662,0,730
328617.775884,379251.129629,0,730
328664.674954,379325.07352,0,340
328413.332623,378895.678629,0,620
328599.330541,379231.994714,0,554
328363.854637,378995.175057,0,663
328427.952993,379015.850846,0,445
328255.073548,378870.460222,0,618
328531.018499,379114.739246,0,448
328563.724226,378965.283826,0,684
328358.750757,378766.257615,0,730
328302.531148,378784.292059,0,547
328503.060094,379069.379204,0,369
328328.543433,378862.760219,0,730
328305.744032,378858.137661,0,730
328548.18632,378989.296266,0,730
328514.707222,379129.858739,0,139
328233.010281,378806.074045,0,730
328538.77225,378836.979331,0,730
328346.473241,378881.429229,0,77
328171.7721,378925.472669,0,596
328696.569402,379058.743046,0,542
328537.23539,378745.103788,0,148
328658.282491,379299.84135,0,730
328312.546292,378822.823307,0,730
328746.487631,378782.158804,0,730
328249.432197,378877.219628,0,730
328434.988098,378711.444606,0,481
328209.526514,378875.860226,0,730
328717.732327,378827.136334,0,730
328477.694752,378931.413655,0,730
328698.981416,378714.084565,0,730
328241.12268,378812.574426,0,730
328674.777621,378770.278739,0,677
328511.462251,379115.533671,0,638
328474.549171,379090.140108,0,730
328679.112769,378846.442862,0,730
328420.572597,378850.864797,0,562
328677.212617,379236.558784,0,730
328694.275919,378638.482841,0,127
328543.744557,379005.721173,0,169
328349.968287,378989.642075,0,433
328710.756253,378916.797775,0,76
328395.273133,379067.807424,0,350
328633.169641,378764.681177,0,730
328425.176481,379076.387519,0,730
328750.197652,379012.141514,0,730
328588.452079,378729.638755,0,730
328502.787561,378670.115572,0,730
328642.711478,379345.046958,0,730
328337.391648,378884.249966,0,730
328479.529301,379157.833066,0,730
328692.19498,378649.794915,0,275
328396.597668,378921.009853,0,730
328425.492866,378747.869295,0,730
328736.237708,379092.270884,0,730
328619.229278,378830.006161,0,730
328610.523815,378817.617818,0,730
328643.045203,378784.085619,0,730
328685.909831,379131.006819,0,730
328706.015137,378907.65562,0,297
328276.652859,378777.083047,0,730
328654.429343,379203.405233,0,730
328526.174412,378776.327284,0,730
328657.343298,378751.522394,0,730
328634.287754,378858.851475,0,730
328542.663677,379106.228624,0,31
328708.363412,379195.785374,0,730
328493.830899,379032.512416,0,203
328524.764544,379028.589356,0,730
328437.376667,378744.97128,0,517
328364.980938,378704.152415,0,730
328532.553876,379127.599441,0,527
328449.759342,378958.470895,0,268
328653.037248,378674.592936,0,379
328791.035517,379087.096352,0,730
328572.772424,378857.332617,0,730
328550.013144,378900.041486,0,730
328364.167532,378850.238897,0,730
328760.144919,379127.030267,0,167
328743.165722,378756.567782,0,187
328669.5326,379311.452327,0,730
328435.036372,378884.532585,0,730
328698.811717,378821.799372,0,730
328315.178459,378993.316937,0,358
328298.390935,378995.340404,0,404
328499.556954,378930.511744,0,730
328308.90385,378776.50701,0,730
328502.0901,378815.039711,0,730
328655.90893,378825.116856,0,695
328572.523705,378715.261675,0,464
328719.506561,379172.601029,0,730
328546.069271,379211.533405,0,730
328435.172248,379080.206466,0,730
328675.878599,379065.875451,0,730
328369.884717,378692.394915,0,63
328670.914561,379320.118453,0,85
328612.671894,378662.604084,0,730
328484.536059,378830.856368,0,697
328567.768026,378774.887459,0,730
328250.494401,378819.618134,0,730
328479.687013,378890.996283,0,730
328491.075446,379057.064781,0,553
328490.933838,379051.164901,0,497
328389.437585,378880.000136,0,197
328682.024192,378914.462497,0,712
328441.90785,378855.28871,0,730
328347.604844,378982.108858,0,730
328502.5956,378823.338333,0,658
328463.761987,379115.88173,0,686
328555.899203,379086.994539,0,502
328483.293734,378825.302303,0,132
328620.828917,379004.80203,0,152
328660.520015,378988.806038,0,730
328764.773615,379123.23455,0,450
328498.146517,378724.430583,0,730
328413.614316,379093.384107,0,730
328474.872805,378709.370862,0,730
328503.077218,379181.140919,0,295
328796.404655,379093.503079,0,730
328272.828595,378797.461308,0,730
328453.480497,379048.198864,0,730
328211.678529,378907.342187,0,730
328525.292422,379162.429805,0,730
328707.75029,378786.052397,0,730
328621.319344,379099.283049,0,730
328598.831445,378651.50123,0,485
328423.09931,379086.550674,0,730
328776.797531,379143.868581,0,673
328661.704922,378731.464864,0,522
328326.535254,378906.643854,0,605
328258.418438,378770.04262,0,730
328479.883721,379069.120711,0,410
328633.77898,379240.310378,0,518
328686.18052,378643.418553,0,730
328404.065892,378826.538613,0,572
328337.359645,379044.382507,0,449
328405.640392,378952.070734,0,730
328253.669325,378817.281583,0,279
328431.618136,379121.501085,0,730
328652.616725,378729.683086,0,557
328661.880189,378841.468562,0,730
328677.942484,379072.552605,0,730
328670.771962,379058.832452,0,730
328309.071297,378871.476697,0,730
328464.212253,379061.619491,0,730
328712.099898,379048.259465,0,730
328712.532821,378853.298939,0,730
328765.710701,379212.700371,0,730
328567.325897,379020.058257,0,730
328714.851551,379207.076497,0,730
328544.887,378867.601562,0,545
328693.089871,378697.224069,0,730
328583.394908,378899.030873,0,424
328332.79583,379020.367741,0,730
328750.079458,379014.464275,0,519
328529.594048,378942.763385,0,168
328215.098461,378944.599669,0,730
328223.911795,378766.935566,0,730
328730.345748,378816.444612,0,730
328577.555462,379035.647828,0,269
328569.281931,378919.082141,0,730
328478.092922,378781.188311,0,666
328651.209373,379301.145886,0,730
328372.900901,378961.855238,0,730
328274.564961,378979.374145,0,730
328547.596226,378750.183059,0,730
328192.459739,378834.819125,0,730
328565.202179,378702.993787,0,151
328536.727723,378892.619721,0,730
328765.982285,379167.163031,0,327
328654.293848,378778.46765,0,221
328442.524248,378878.073519,0,730
328533.443732,378908.757906,0,188
328378.97896,378900.885599,0,730
328362.757713,378970.658283,0,730
328397.241332,378744.901434,0,730
328315.021951,378843.871374,0,730
328302.175691,378855.635269,0,730
328458.214441,378823.799553,0,427
328502.413062,378983.804839,0,730
328581.726074,378770.174921,0,730
328577.123584,378915.403003,0,730
328548.327979,379107.950132,0,730
328493.93907,379061.791924,0,45
328733.012492,378886.672673,0,282
328542.094481,379054.674161,0,730
328300.3627,379011.146212,0,730
328396.121233,378960.131127,0,730
328678.221838,379068.581418,0,730
328359.473479,378914.158376,0,500
328288.578033,378750.116934,0,730
328331.193146,378983.651201,0,463
328527.388026,378736.785553,0,730
328484.220652,379032.057368,0,730
328294.128292,378803.86616,0,459
328424.274002,378745.704082,0,304
328650.461337,378837.333736,0,730
328654.359172,378702.470784,0,134
328516.268926,378821.045932,0,551
328585.712945,379149.291939,0,95
328322.108284,378714.762341,0,730
328514.565802,378960.050647,0,730
328732.360511,378688.47819,0,730
328573.679492,378878.389547,0,730
328359.515185,378737.275656,0,421
328410.291877,378902.429397,0,425
328601.973567,379053.531393,0,615
328249.658011,378884.638508,0,526
328305.975905,378916.974341,0,730
328708.726976,378699.208917,0,376
328583.271369,378994.091824,0,730
328293.387733,378994.797282,0,194
328714.144393,379130.980183,0,590
328139.95234,378898.359093,0,647
328688.880115,378667.630687,0,599
328506.377853,378905.820808,0,630
328707.75854,378623.747285,0,730
328678.268188,379312.201296,0,730
328709.216804,378657.80219,0,220
328434.83432,378757.616881,0,621
328441.606055,379128.70553,0,345
328669.459059,378984.728943,0,730
328563.168508,378692.042413,0,730
328566.277791,378843.240648,0,730
328472.989785,378904.334645,0,473
328638.859775,378803.016518,0,271
328382.082559,379087.771926,0,126
328738.990034,378922.801295,0,517
328298.936057,378899.409738,0,635
328479.666347,378920.795921,0,169
328429.900573,378861.586898,0,730
328441.659826,378781.132232,0,730
328794.820143,379129.410585,0,730
328623.536077,378809.16362,0,730
328370.041173,378918.759341,0,385
328550.21083,378803.102733,0,730
328399.12529,378852.920208,0,206
328533.744189,379000.586583,0,201
328753.515458,378829.303929,0,730
328519.219931,379150.855921,0,730
328179.650187,378927.174376,0,593
328347.58958,378721.11747,0,730
328777.355418,379164.951645,0,730
328616.539537,378918.095498,0,225
328563.360011,378662.090147,0,730
328643.784412,379303.588797,0,563
328622.379003,379232.901951,0,730
328716.938587,378710.411546,0,730
328636.933077,379252.006325,0,216
328576.534783,378719.229344,0,730
328615.518275,378807.625682,0,651
328567.744208,378690.694338,0,658
328356.433923,378751.221429,0,730
328608.667006,378690.633536,0,707
328216.911816,378891.864442,0,172
328729.882658,379074.736861,0,730
328607.742967,379180.777466,0,730
328164.434467,378911.1147,0,730
328584.49175,379151.573075,0,730
328537.42977,379080.005801,0,730
328705.546088,378943.901377,0,730
328601.022425,378652.136299,0,607
328344.119206,378848.556904,0,730
328656.182907,379287.90826,0,730
328759.172491,379021.232511,0,730
328630.40356,379060.688619,0,477
328653.261813,378887.941957,0,730
328624.681357,379269.754071,0,730
328463.920779,378889.647866,0,730
328459.868795,379068.313139,0,730
328692.871919,378854.01057,0,730
328637.614279,378785.135884,0,730
328608.193624,378938.237443,0,730
328749.926027,379129.123649,0,549
328281.346699,378887.983157,0,730
328271.13308,378980.695413,0,90
328370.549627,378985.077972,0,18
328399.844613,378683.003945,0,730
328477.324668,378692.985586,0,730
328342.071197,378836.26691,0,730
328528.924657,379043.249796,0,730
328452.203488,378965.36143,0,536
328585.525509,379046.878739,0,137
328533.308299,378751.747009,0,730
328617.412206,378701.504587,0,730
328610.098188,378914.080786,0,730
328283.270476,378918.453106,0,730
328719.418167,379177.098022,0,730
328708.591625,379259.021127,0,62
328634.753041,378928.124271,0,730
328608.844849,378668.801981,0,77
328526.225417,378900.715855,0,730
328793.190082,379139.627743,0,726
328601.791384,378746.577765,0,709
328680.501421,379052.689289,0,730
328503.106672,379017.270223,0,219
328538.229162,378757.830538,0,730
328503.343236,378704.333711,0,130
328674.076051,378719.823885,0,69
328339.665579,378823.288312,0,730
328549.762857,378856.312942,0,625
328716.304797,378734.295035,0,730
328363.25117,378825.286183,0,730
328658.070911,378856.718946,0,327
328363.662618,378923.748501,0,730
328235.513285,378815.175719,0,43
328695.517052,379148.958805,0,730
328620.600934,378872.370511,0,730
328160.371893,378832.167623,0,730
328442.872565,378957.246992,0,652
328694.075599,379196.465407,0,480
328653.318953,378990.187514,0,730
328167.680325,378905.535189,0,730
328751.268574,378923.73588,0,628
328304.088769,378845.54499,0,730
328584.427406,378931.27157,0,730
328540.17723,378857.748847,0,730
328679.198545,378849.368088,0,730
328658.177344,378797.316677,0,717
328687.751872,379187.87189,0,143
328165.382363,378926.040669,0,730
328404.124985,378864.094536,0,730
328223.283734,378798.404539,0,624
328699.219025,379198.489858,0,730
328332.1714,378723.019213,0,730
328171.578918,378806.923821,0,730
328730.838475,379141.383202,0,730
328172.883811,378932.166065,0,730
328775.470061,379093.26979,0,730
328332.267862,378970.282409,0,588
328645.57101,379144.465522,0,693
328691.857169,379305.966239,0,730
328792.357224,379128.8451,0,730
328677.620075,378659.543717,0,226
328713.655435,378680.033994,0,621
328458.215806,378762.10457,0,730
328723.836578,379262.218414,0,730
328723.611824,378666.664036,0,431
328449.581407,379090.272423,0,730
328751.313144,378935.331891,0,730
328738.224653,379147.236905,0,730
328622.680583,379220.688076,0,730
328607.661814,379089.065692,0,730
328180.028414,378932.753143,0,730
328671.69202,379205.597006,0,730
328157.639079,378854.279349,0,730
328149.090748,378872.852813,0,730
328385.190124,379005.944687,0,730
328469.523785,378950.006642,0,730
328577.03308,378666.635389,0,730
328183.471551,378797.845877,0,730
328588.318216,379016.136077,0,730
328591.951873,378761.907094,0,75
328749.172003,379153.300226,0,670
328576.531354,378649.00294,0,167
328793.010374,379149.303777,0,730
328525.84459,378977.681883,0,730
328381.609592,379051.826108,0,730
328681.489663,378951.05065,0,524
328586.953043,378849.890057,0,456
328788.604485,379102.153994,0,675
328526.75244,379186.177317,0,664
328386.991835,378858.570667,0,730
328499.576475,379156.16068,0,674
328535.305541,379139.825601,0,730
328396.863335,378879.498688,0,608
328586.476853,379156.209874,0,145
328716.967071,379089.614717,0,730
328306.349875,378731.567757,0,730
328451.462909,378982.407871,0,200
328338.592045,378874.787553,0,716
328705.716255,378651.327134,0,730
328585.192662,378654.470697,0,730
328691.540691,378701.157639,0,458
328652.296975,379070.328623,0,730
328517.21866,378730.346482,0,730
328680.418336,379265.704347,0,435
328746.297179,378882.181404,0,592
328382.606459,378818.862477,0,730
328416.91951,379034.426905,0,379
328396.744288,378737.184876,0,730
328722.859939,379171.523304,0,730
328646.47729,379068.6398,0,387
328425.406626,379039.322548,0,514
328312.792033,379043.926989,0,13
328431.424503,378695.453018,0,492
328327.830356,378723.594419,0,730
328526.234871,378815.108977,0,531
328293.987146,378883.808317,0,730
328462.779328,379011.012458,0,44
328401.007941,378888.420752,0,607
328643.342519,379000.105004,0,427
328747.596574,379119.878493,0,730
328739.19244,378987.139207,0,730
328625.360664,378748.64045,0,730
328725.661416,379159.970958,0,730
328685.756552,378627.816861,0,730
328764.893435,379136.964865,0,627
328630.640057,379320.086137,0,730
328580.472068,378953.395724,0,730
328375.746207,379005.493201,0,730
328566.964228,378751.550665,0,730
328807.687811,379165.214437,0,730
328742.885192,379207.919632,0,730
328633.516257,378900.68328,0,730
328589.023755,378778.879204,0,730
328344.816056,378743.997943,0,730
328715.894644,378778.154194,0,730
328333.166982,379051.701942,0,730
328367.155912,378750.785529,0,730
328665.699434,379216.13385,0,730
328308.293369,378805.059838,0,730
328475.224486,379003.799261,0,730
328759.546142,378997.428249,0,728
328702.467578,379192.958702,0,730
328443.182093,378903.046853,0,730
328396.210972,378939.254932,0,575
328349.287903,378990.917054,0,590
328671.729007,378811.205052,0,407
328668.879665,379260.357912,0,730
328400.094753,379081.05541,0,492
328568.615408,379051.770991,0,730
328616.79879,378677.225744,0,526
328424.598818,379010.213417,0,730
328565.336403,378867.690282,0,349
328276.596923,378972.247732,0,21
328329.623446,378970.322098,0,515
328465.816955,378792.102079,0,181
328502.766332,378676.665799,0,730
328665.939589,378914.128226,0,128
328403.149601,378907.380541,0,730
328407.359241,378882.794593,0,730
328638.514117,378833.420048,0,730
328443.851243,379028.497042,0,730
328373.372752,379033.580334,0,730
328414.959141,378900.337336,0,730
328537.28647,378693.615803,0,238
328432.49398,378851.192647,0,78
328551.538755,378720.906061,0,730
328750.894673,379052.14841,0,730
328745.694888,379047.785582,0,730
328683.07718,378815.418189,0,730
328651.10933,379374.289463,0,730
328489.411685,379126.974952,0,466
328674.394895,378867.340566,0,730
328587.083711,378967.300649,0,37
328626.410787,378902.94406,0,708
328509.84677,378873.698567,0,730
328728.18912,379122.679906,0,730
328561.449322,379089.347811,0,730
328400.909416,378864.727254,0,730
328689.704403,379080.495579,0,730
328538.890863,379098.769379,0,365
328751.843377,378776.809935,0,730
328442.277576,378851.508351,0,254
328614.293255,379129.806772,0,633
328448.313892,378988.813995,0,730
328299.701783,378746.765591,0,534
328313.07299,378864.045543,0,237
328612.46762,378658.764458,0,274
328627.709604,379267.340723,0,730
328592.964014,378941.737325,0,381
328601.774614,379216.872223,0,271
328611.796473,379072.009157,0,730
328657.294964,379159.035596,0,730
328663.671792,378674.715302,0,730
328560.958145,378802.759327,0,109
328235.951019,378879.791409,0,730
328529.771762,378728.493713,0,573
328457.28962,378869.823427,0,730
328517.100819,378871.135256,0,181
328373.039199,378893.913951,0,85
328736.537144,378820.797275,0,730
328437.355669,378862.554942,0,730
328715.39217,379104.589554,0,730
328626.503191,379205.626554,0,730
328754.641519,378955.378562,0,164
328325.450171,378816.563644,0,446
328695.204686,379296.624323,0,591
328601.441077,378832.971499,0,361
328587.205775,379005.184752,0,730
328491.7187,378951.189437,0,730
328613.225148,379052.947513,0,730
328724.807099,378871.123059,0,730
328260.287082,378997.933091,0,724
328687.364689,379111.840023,0,730
328539.887516,379173.931675,0,463
328241.798744,378938.326686,0,89
328297.602784,378761.503653,0,730
328663.640015,379008.58182,0,730
328760.055272,378788.929312,0,447
328348.40882,378974.390888,0,730
328704.721299,378745.969807,0,730
328583.435551,378939.915209,0,84
