331187.658653,382798.067763,0,730
330909.30548,382356.358292,0,559
331045.357989,382807.545441,0,730
330820.746553,382784.125543,0,347
330803.970944,382584.145074,0,341
331143.924258,382702.485992,0,730
331114.786022,382708.741872,0,730
330886.882549,382698.310899,0,577
331256.992011,382435.160045,0,85
330865.284162,382422.132905,0,533
330893.943687,382505.761342,0,730
331072.716167,382550.084428,0,564
330958.164974,382491.846683,0,358
331156.403785,382366.26098,0,158
331231.990968,382521.938011,0,730
330867.793109,382369.020789,0,730
331008.565805,382479.937708,0,730
330873.434683,382353.398546,0,335
331089.696798,382510.268227,0,730
331066.61962,382640.563925,0,730
330977.787298,382545.984855,0,730
330813.123543,382744.08531,0,449
330818.020036,382758.333578,0,692
331148.854835,382730.109932,0,730
331093.009751,382853.518056,0,544
331064.524211,382915.422558,0,730
330940.822707,382420.061206,0,730
331007.541421,382213.490745,0,730
331043.796946,382449.711285,0,730
331113.444844,382318.480924,0,443
330769.637247,382712.096853,0,730
331051.169125,382359.814551,0,303
331016.228366,382643.312539,0,730
331077.086163,382248.558191,0,389
330949.678472,382500.74351,0,730
330973.056158,382573.101278,0,730
331278.955506,382432.269404,0,66
331048.799601,382552.970356,0,730
331054.868141,382546.300554,0,730
330697.898726,382949.728984,0,730
331018.532599,382819.629771,0,166
331123.289966,382653.697772,0,730
330979.263167,382659.687835,0,660
330885.277822,382608.103261,0,144
331084.355938,382853.879737,0,687
330890.47704,382613.77172,0,375
331094.359728,382365.195787,0,730
330928.243565,382409.049323,0,336
330976.7166,382255.230701,0,528
331038.750369,382468.617366,0,704
330925.967812,382509.180085,0,730
331020.473643,382609.254853,0,730
330825.94777,382493.248474,0,730
330994.57595,382286.698456,0,553
331005.690631,382321.386829,0,730
330908.493461,382572.641621,0,730
330892.805263,382360.792504,0,730
331064.601865,382828.154165,0,307
330853.474329,382621.577758,0,730
330985.514571,382552.404706,0,730
330859.915687,382779.039087,0,730
330870.693262,382332.726166,0,160
330911.374878,382606.924404,0,54
330746.684761,382748.781317,0,429
330868.494636,382586.659109,0,730
331050.344357,382454.180468,0,730
330975.844884,382839.697373,0,30
330910.948123,382421.028294,0,730
330927.517385,382752.102393,0,155
331069.166792,382381.552155,0,730
330922.635155,382666.939744,0,730
331040.303444,382708.474723,0,695
330737.481592,382808.404596,0,554
330877.527618,382523.66154,0,730
331121.396085,382919.678311,0,726
330880.748687,382309.100914,0,730
331104.91064,382448.562447,0,138
331152.183051,382380.584075,0,730
331192.656251,382802.322798,0,425
330900.556014,382581.446414,0,278
331100.706983,382387.568138,0,730
331123.775855,382560.674826,0,730
330898.487974,382649.80024,0,730
330895.34007,382674.579265,0,730
331075.576073,382875.226153,0,730
330827.965637,382594.559002,0,730
330958.651086,382476.725262,0,730
330961.770539,382741.423337,0,730
330967.466186,382698.56896,0,730
331159.142607,382865.051036,0,120
331064.563987,382502.914107,0,395
330747.398648,382837.589577,0,730
331063.493068,382401.350307,0,597
331169.611611,382881.888896,0,730
331107.901884,382382.330211,0,459
330986.183692,382522.460815,0,252
331157.676978,382753.520477,0,591
330820.601669,382781.77706,0,730
331000.837198,382776.179126,0,730
331179.511952,382698.913765,0,693
331180.94457,382439.369657,0,730
331227.247722,382641.684695,0,730
330897.975264,382730.966955,0,730
331111.624067,382668.684003,0,116
331099.150156,382550.922287,0,730
330943.557021,382255.350431,0,730
330758.585964,382749.080339,0,661
331126.258031,382324.174892,0,607
331053.950198,382446.25008,0,730
331209.843235,382701.530751,0,730
330958.338831,382798.746277,0,730
330811.196234,382778.783409,0,318
330988.905664,382710.97934,0,730
330920.167137,382569.633418,0,730
331092.059216,382306.424585,0,390
331024.840681,382702.211487,0,205
330970.869388,382652.685748,0,730
330877.485567,382649.116969,0,583
330998.232298,382347.18231,0,730
330973.142587,382510.910597,0,730
330861.061658,382551.201099,0,238
331057.348026,382369.976889,0,730
331208.11946,382566.966611,0,718
331047.134129,382621.552987,0,730
331058.440498,382801.41483,0,730
330848.121475,382787.013849,0,189
330722.156518,382970.657029,0,730
331266.57206,382439.446513,0,653
330831.789271,382622.774625,0,730
331182.04823,382510.143915,0,730
330746.637047,382749.591615,0,42
330978.442105,382450.351084,0,730
331129.119131,382925.0872,0,383
331145.704054,382835.915932,0,120
331148.697831,382605.901783,0,730
331090.4306,382387.692439,0,593
331087.061697,382563.009388,0,730
330956.594974,382366.2182,0,730
330913.908969,382289.564977,0,730
330931.968885,382783.770062,0,730
330976.933117,382871.719217,0,730
330859.982008,382426.817862,0,730
331121.651768,382694.288917,0,475
331129.608973,382469.838218,0,267
331180.539787,382717.587688,0,730
331086.436376,382561.816921,0,65
330952.07846,382570.702155,0,730
331130.428656,382406.164617,0,102
330736.341667,382871.328734,0,565
330748.835854,382775.646646,0,730
331220.148443,382413.849824,0,730
331061.658726,382505.032328,0,730
330704.978846,382904.211616,0,730
331149.203646,382749.606498,0,730
331098.715564,382890.772329,0,681
331022.451263,382508.427895,0,730
330877.584282,382746.454532,0,730
331279.707289,382448.303678,0,730
330834.065828,382625.935255,0,730
331187.327776,382446.156962,0,546
331164.262167,382454.990967,0,730
330937.335006,382569.684666,0,407
331004.882752,382216.510598,0,730
330988.128398,382494.470273,0,730
330915.997248,382331.898253,0,730
330732.615394,382932.284131,0,730
331104.618516,382562.354029,0,472
331166.958669,382598.676331,0,87
331125.941241,382571.745229,0,730
331090.166888,382288.581759,0,730
331074.161394,382676.767786,0,254
331224.587254,382636.367297,0,222
331057.071549,382622.248266,0,730
330899.392603,382311.12077,0,584
330973.151223,382500.121817,0,730
331052.258774,382540.506411,0,730
331062.428472,382286.81397,0,730
330999.87764,382216.125373,0,730
330934.415049,382588.645606,0,260
331107.705733,382788.661786,0,186
330840.757309,382571.237999,0,712
330884.059645,382514.679378,0,112
331190.222425,382483.083054,0,730
331092.869174,382673.506842,0,598
331099.943253,382359.090728,0,575
331208.0306,382631.691394,0,730
331163.728893,382743.560553,0,502
331150.79029,382675.770065,0,730
331198.445205,382531.579811,0,730
330829.586391,382591.34167,0,113
330967.991501,382709.315379,0,662
330887.950702,382774.518719,0,540
330907.400278,382462.01409,0,646
331060.215668,382641.009938,0,238
331006.068624,382631.252482,0,730
330822.020918,382496.155421,0,730
331175.23357,382801.99813,0,592
330978.599838,382786.224525,0,730
330898.246044,382284.80892,0,730
330994.164801,382278.810111,0,437
331013.772849,382835.348063,0,227
330975.266162,382252.786871,0,730
331047.286639,382344.76466,0,602
331020.554133,382795.113491,0,335
330905.728378,382416.20984,0,613
331045.873631,382656.679555,0,730
331015.276905,382712.848811,0,233
331109.012116,382389.577501,0,272
331007.850989,382672.957786,0,572
330851.93493,382379.613318,0,730
331058.005286,382650.379585,0,640
330953.818226,382401.675352,0,730
331277.705527,382459.888257,0,730
331024.287355,382637.74228,0,730
330926.510569,382682.969803,0,417
330925.897641,382693.40972,0,291
331204.473807,382438.469129,0,730
331038.25252,382400.185219,0,428
330983.368364,382425.77118,0,730
331001.075375,382874.943533,0,728
330929.252036,382442.899573,0,730
331099.432977,382831.615884,0,423
330924.217917,382635.461674,0,730
331008.405408,382180.529471,0,580
331075.146354,382228.084577,0,730
331037.628453,382585.10157,0,730
331026.581844,382820.415242,0,730
331019.701016,382797.269965,0,542
331024.451059,382531.604332,0,730
331060.92777,382755.169476,0,61
331214.509528,382669.637827,0,522
330973.442374,382760.924868,0,730
331091.74507,382757.579412,0,730
330924.3407,382638.535366,0,666
331122.967417,382309.756279,0,627
330835.370219,382547.086169,0,730
330942.032867,382626.140581,0,730
330905.858107,382615.148516,0,282
330927.863151,382598.331786,0,563
330890.842566,382522.830718,0,730
330969.480995,382231.915463,0,730
331112.38224,382618.192244,0,730
331110.337958,382576.839237,0,730
330822.263368,382541.413999,0,685
331158.302351,382483.359646,0,730
331071.10519,382777.147188,0,730
331128.020872,382556.046098,0,39
330959.540896,382711.039157,0,730
330988.232086,382818.783336,0,109
330865.523012,382707.745442,0,507
331119.973737,382398.570126,0,730
330851.940768,382446.294092,0,730
330982.504478,382588.464196,0,207
330739.168959,382916.65703,0,104
331131.111952,382665.042095,0,730
330765.668578,382730.393883,0,664
330941.008161,382632.091911,0,616
331176.658158,382397.934134,0,97
331235.403566,382569.604771,0,389
331085.379735,382863.270567,0,730
331191.384404,382643.661778,0,730
331014.321014,382404.598041,0,253
331263.271392,382515.274932,0,730
330907.991973,382695.660806,0,243
331209.539352,382587.442243,0,730
330836.198143,382703.321398,0,730
330941.12689,382594.069309,0,730
330976.02317,382663.270532,0,404
330996.597496,382257.658867,0,730
331005.957954,382725.979881,0,685
330829.415457,382614.072336,0,251
331064.293926,382602.865426,0,730
331110.449658,382792.232879,0,730
331054.057318,382710.671833,0,561
331087.16847,382410.340419,0,331
331148.723178,382820.448496,0,730
331034.206247,382899.392619,0,67
331100.222696,382679.37647,0,730
330799.538646,382596.735606,0,730
331065.106733,382916.942542,0,620
331160.364167,382389.474803,0,730
330949.936895,382733.116428,0,730
331201.94306,382416.243097,0,730
331022.065671,382814.65424,0,730
331100.66857,382917.222073,0,372
331060.567242,382873.127071,0,730
330788.731009,382699.291562,0,411
331235.162769,382471.071305,0,730
330945.315547,382288.812962,0,615
331078.778291,382759.946756,0,715
330920.94955,382553.275327,0,730
330932.06384,382740.746201,0,374
331054.711733,382425.405691,0,673
331082.704265,382564.526452,0,730
331034.176073,382377.076057,0,730
330774.583966,382683.56017,0,730
331053.827847,382412.896689,0,730
330873.112443,382726.686076,0,687
330920.885362,382542.780025,0,730
331143.800658,382594.017767,0,730
330935.749375,382592.885089,0,730
330763.708388,382725.615924,0,129
330895.916377,382602.817937,0,179
330941.676896,382355.849348,0,730
330909.808709,382725.292203,0,730
331218.538966,382429.723708,0,547
331091.040952,382827.15263,0,586
330995.051531,382359.895213,0,330
331233.178974,382539.093844,0,730
331006.794237,382286.443717,0,523
330833.942566,382689.0141,0,730
330956.196781,382780.038706,0,569
331082.16658,382349.345282,0,320
331100.174845,382740.510671,0,730
330875.716294,382557.774919,0,724
331052.262016,382350.517992,0,730
331209.488841,382465.799229,0,569
331015.350785,382708.603568,0,128
331120.317338,382903.417429,0,730
330873.665012,382688.963784,0,730
331067.399117,382722.328098,0,730
331209.517821,382694.714534,0,292
331097.061141,382673.183651,0,730
330914.330566,382658.870619,0,730
331035.260044,382416.505917,0,730
330912.91791,382555.336534,0,460
330796.861214,382730.199756,0,274
331001.12772,382428.830408,0,730
331003.481238,382175.58377,0,730
331018.925219,382572.849456,0,381
331033.523114,382696.909997,0,730
330996.357239,382522.288068,0,330
330821.462815,382705.821585,0,730
330883.318365,382321.871175,0,730
331159.00198,382347.898378,0,730
330985.18989,382306.878007,0,635
330963.170593,382478.570294,0,730
331179.785343,382835.357091,0,297
330958.253898,382564.005852,0,580
330961.961819,382664.176413,0,730
331118.493761,382499.335018,0,730
331089.628689,382484.910299,0,730
330923.504886,382570.918883,0,388
331124.498646,382427.119294,0,159
331044.700889,382425.460098,0,418
330935.093724,382435.515148,0,730
331259.193878,382443.46881,0,572
330980.564378,382362.005812,0,644
330857.842112,382663.824259,0,532
331263.074009,382408.584171,0,78
331128.710897,382387.576729,0,730
330938.825098,382289.84155,0,730
331069.633451,382207.802562,0,730
331021.118885,382835.176601,0,587
331253.432111,382436.98853,0,730
331019.559478,382800.192652,0,143
331030.191681,382354.615229,0,257
330815.306576,382780.100077,0,730
330956.416341,382347.942236,0,730
330941.918195,382725.892038,0,730
330891.433797,382345.056549,0,74
330920.361385,382221.816601,0,470
331123.45362,382945.744667,0,730
331150.66483,382709.093261,0,730
331054.04063,382578.895663,0,134
331148.644871,382469.094892,0,730
331139.819141,382487.248255,0,678
330941.896367,382739.831488,0,730
331198.175179,382495.928106,0,730
330834.922366,382742.147122,0,527
331141.433215,382907.39557,0,730
330771.207214,382831.452206,0,151
331154.783448,382750.669961,0,730
331177.312964,382872.855331,0,543
331259.077581,382456.827743,0,531
330810.047719,382632.701354,0,730
330784.962099,382692.642328,0,493
331012.953792,382819.440156,0,730
331057.640599,382896.648766,0,730
330864.139615,382680.827181,0,730
330908.184921,382770.831601,0,512
330993.320412,382243.994101,0,730
331117.176018,382536.966288,0,730
331037.634898,382524.361416,0,730
331089.359439,382289.696795,0,730
330998.432074,382611.491336,0,576
330786.356817,382796.553343,0,730
330822.002832,382722.449804,0,668
330878.661771,382363.387535,0,208
330921.375767,382458.430801,0,730
330998.058671,382265.121882,0,730
331159.633078,382676.496088,0,730
331136.862267,382676.948781,0,375
330900.366548,382438.277422,0,646
331226.056141,382385.340941,0,730
331147.576012,382503.554817,0,730
331119.611782,382883.330026,0,730
331055.428716,382691.213088,0,730
331009.975935,382199.93813,0,730
330973.08035,382862.29865,0,730
331193.137194,382611.721611,0,730
330740.359293,382868.657249,0,294
331213.881631,382486.43923,0,436
330795.412841,382626.8533,0,23
330894.212659,382626.353869,0,217
330943.286219,382624.807905,0,730
331068.260649,382628.784897,0,730
331117.315166,382560.302739,0,730
331181.535539,382636.738247,0,730
331145.240794,382478.404817,0,430
331028.221441,382315.864294,0,200
331163.620998,382748.521853,0,730
330701.524812,382965.838234,0,300
330904.486988,382641.850557,0,730
331046.899578,382817.710548,0,730
331039.500005,382280.703986,0,730
330990.595012,382719.911684,0,507
330706.050333,382902.387338,0,362
331101.133553,382322.35506,0,619
331064.577237,382835.882121,0,730
330798.305993,382608.20858,0,338
331098.064264,382753.590611,0,730
331150.925584,382835.284997,0,93
331161.285149,382363.294248,0,624
330919.54069,382235.766565,0,667
331109.218935,382913.800067,0,651
331198.22011,382558.838655,0,730
331086.539268,382231.344656,0,730
331039.935447,382488.263418,0,730
331146.267949,382648.891132,0,730
330932.24377,382479.368027,0,659
330894.887042,382524.893652,0,438
330915.657326,382617.670603,0,730
331033.522372,382749.849208,0,261
331110.564183,382278.457514,0,454
330773.510468,382735.453666,0,426
331209.989138,382710.831072,0,730
330943.29943,382421.097906,0,730
331101.153559,382911.453102,0,730
330755.161024,382735.132884,0,363
330920.750659,382627.823238,0,535
330947.783376,382567.565214,0,571
330894.610846,382364.818398,0,393
330890.537533,382742.020049,0,695
330953.524115,382779.259504,0,730
330886.754087,382558.990546,0,730
330778.508378,382806.96939,0,730
330933.746984,382726.090371,0,730
331166.186355,382720.71398,0,730
331002.148408,382267.142295,0,730
331196.561603,382763.278208,0,730
330837.168827,382564.423674,0,340
331150.633363,382387.272598,0,730
331197.404242,382708.300007,0,730
330962.227433,382308.284366,0,730
331005.958409,382557.831797,0,730
331142.918141,382699.782957,0,730
331052.321713,382751.986014,0,730
330962.173192,382431.30294,0,730
331179.7944,382824.246083,0,730
330745.790861,382864.081473,0,125
330699.450102,382913.570998,0,91
331195.474779,382724.958287,0,730
331105.234714,382623.455922,0,573
331210.178167,382693.431332,0,730
331047.582269,382911.190132,0,508
331207.142349,382582.878149,0,294
330822.687546,382558.316389,0,193
330931.4087,382614.438503,0,730
331025.7684,382305.643378,0,579
330914.30041,382511.207523,0,337
330919.69142,382384.211396,0,730
330997.840714,382381.909759,0,730
331233.706398,382581.401622,0,530
331094.37753,382760.688426,0,730
331095.16073,382615.278283,0,730
330894.579202,382733.718501,0,730
331032.518867,382634.750333,0,702
330929.926501,382652.684031,0,730
331149.327775,382651.248023,0,730
331060.624389,382375.590844,0,730
330892.248993,382729.732255,0,384
331046.828141,382666.899382,0,730
331029.42942,382621.601409,0,730
331055.773542,382777.094467,0,730
330798.267497,382720.355639,0,293
331118.934757,382709.533667,0,647
330906.653385,382334.589868,0,435
330760.830998,382796.747818,0,730
331063.059288,382855.284774,0,501
330891.852406,382745.516113,0,497
331086.499538,382462.199791,0,689
331038.955603,382649.636797,0,730
330848.640731,382631.451479,0,730
331121.814149,382520.295683,0,270
331231.0812,382392.724818,0,595
331070.110437,382467.542193,0,376
330943.296003,382465.533228,0,730
331216.31824,382603.348298,0,235
330971.655085,382862.006191,0,730
331132.218948,382716.99718,0,730
331197.130546,382445.337387,0,730
330804.887418,382715.245127,0,601
331028.549376,382354.156793,0,730
331095.29263,382903.292292,0,730
330841.89666,382662.527523,0,156
330958.785787,382250.320318,0,730
331181.914355,382719.263933,0,623
331232.748553,382474.944458,0,74
331024.400221,382461.124407,0,212
331091.584876,382817.320463,0,730
330927.896487,382262.661268,0,181
331058.984397,382716.392299,0,730
331063.437725,382523.410825,0,730
330890.11076,382410.602907,0,730
330977.241227,382371.875095,0,566
331080.593306,382556.130185,0,730
331154.284672,382734.542341,0,252
331169.501696,382486.829006,0,730
330929.295893,382350.774902,0,730
330902.489337,382759.398411,0,730
331102.735737,382903.439043,0,475
330918.180991,382241.250681,0,102
331056.188799,382317.801744,0,730
331056.533267,382552.81986,0,680
330930.782984,382785.12398,0,730
330882.673678,382623.256961,0,585
331010.847513,382774.349532,0,730
331095.213917,382810.15399,0,730
330918.764708,382323.387578,0,730
331213.552688,382548.586807,0,275
331013.173861,382300.839237,0,730
330907.246733,382403.090694,0,552
331061.60367,382682.852028,0,439
331110.661889,382448.574689,0,730
330915.096882,382495.992547,0,730
331063.590039,382676.023359,0,96
331178.036897,382754.410358,0,98
331122.269045,382559.313589,0,20
330872.34817,382449.600619,0,730
330984.497306,382445.567485,0,54
330951.923476,382859.540439,0,730
330714.803911,382883.647368,0,718
331177.386752,382689.604076,0,311
331131.446127,382765.118268,0,730
330834.382738,382535.142734,0,185
331005.851408,382544.73437,0,730
330713.331591,382987.152988,0,730
331206.562255,382680.505241,0,18
331058.005903,382743.88835,0,643
330820.182793,382759.592231,0,724
330929.4093,382541.286347,0,568
331241.923973,382540.140017,0,730
331049.633814,382560.317154,0,703
331210.095612,382709.010606,0,671
330963.739624,382201.707209,0,730
330932.720039,382443.805799,0,675
330965.357372,382335.251506,0,730
330974.273109,382236.411476,0,656
331126.50743,382939.040717,0,700
331165.083638,382586.970055,0,730
331155.835589,382555.667213,0,599
331038.678228,382652.250851,0,379
330985.27303,382364.396801,0,549
331141.349033,382855.279726,0,730
330946.85986,382706.816949,0,730
330921.698789,382454.24662,0,730
331202.378107,382687.545057,0,293
330713.058455,382944.533786,0,266
331074.540358,382846.011946,0,219
331086.06692,382728.796541,0,730
330923.809001,382571.921406,0,538
330746.346527,382804.913959,0,511
330812.781884,382606.225217,0,264
331020.77697,382305.266299,0,730
330975.92786,382331.562412,0,519
331106.317242,382791.469887,0,730
330887.618244,382294.048554,0,730
330967.294991,382232.172108,0,730
330872.030404,382704.07771,0,730
331005.394873,382741.170336,0,666
330813.356644,382778.836294,0,694
330844.618886,382624.403037,0,730
331024.594243,382604.474515,0,730
330869.2898,382431.780522,0,110
330972.629707,382498.208516,0,730
331020.412265,382212.634558,0,730
331020.03782,382335.788593,0,730
330771.133052,382693.663059,0,86
331213.055748,382381.525346,0,730
331129.466303,382561.704523,0,446
330854.760107,382386.116847,0,82
330823.027874,382557.426724,0,730
330845.113876,382648.61064,0,730
330918.534099,382469.399525,0,730
331039.345128,382451.924436,0,730
331086.126685,382876.990495,0,730
330992.003176,382206.646777,0,397
330973.907565,382263.80932,0,618
330871.611892,382495.576646,0,383
331133.170064,382888.252021,0,730
331265.376368,382433.385008,0,125
331052.646025,382645.134223,0,730
331142.134138,382375.359194,0,187
330955.548639,382581.365993,0,730
330850.170607,382444.957759,0,210
331090.669774,382674.159311,0,730
330890.125304,382576.792891,0,730
331094.266446,382316.649927,0,730
331062.51846,382715.537675,0,730
331143.211979,382762.854821,0,730
330859.897589,382640.793999,0,730
331234.69048,382500.911518,0,730
330882.777817,382421.224934,0,730
331136.976795,382770.609217,0,100
330915.789282,382251.397917,0,730
331004.912634,382746.014291,0,105
331040.913294,382457.343691,0,270
330955.951032,382457.89232,0,730
331150.17136,382784.07229,0,153
330984.811129,382631.248526,0,211
331181.619792,382401.446034,0,467
331151.952485,382390.676986,0,14
331061.182221,382228.432331,0,730
330928.516568,382746.706058,0,730
330957.185146,382453.253213,0,730
330794.020622,382658.729724,0,6
331114.154089,382787.309058,0,730
331099.770691,382574.98409,0,420
330916.394213,382428.535318,0,258
330828.004282,382502.409151,0,730
330893.432752,382587.683639,0,730
331050.034745,382451.692276,0,730
330840.855055,382533.156683,0,465
331154.534698,382874.064861,0,621
330997.070574,382746.499321,0,416
331142.072492,382954.040193,0,730
330845.510367,382751.295976,0,730
331214.51719,382408.591089,0,730
330923.055132,382506.526821,0,730
330979.605677,382218.626137,0,713
331130.911999,382948.839998,0,583
331038.438677,382321.023146,0,730
330911.27703,382591.922793,0,669
331119.840019,382628.429914,0,11
331144.478357,382824.512768,0,516
330954.749119,382481.013186,0,730
330818.223554,382531.759423,0,730
331168.499083,382517.141869,0,228
330753.792716,382876.236016,0,730
331177.824433,382800.788735,0,60
330790.198964,382780.292305,0,354
330967.409917,382678.166747,0,730
331075.813184,382912.452544,0,345
330922.689019,382659.639415,0,730
331020.876109,382886.564207,0,730
331148.785284,382752.450293,0,730
330811.938896,382553.78654,0,304
330817.990047,382702.664868,0,152
330951.341489,382385.444102,0,456
330724.456249,382904.446107,0,730
331199.198502,382587.732722,0,244
330925.766879,382262.730723,0,730
331142.481248,382778.421728,0,730
330944.513074,382854.449534,0,730
331159.856221,382464.756563,0,730
330902.093514,382777.58712,0,526
330808.31706,382710.962202,0,730
331186.646822,382591.455078,0,145
330867.869706,382684.802019,0,730
331082.948332,382867.891871,0,231
331147.456658,382903.897468,0,319
331054.109657,382884.77936,0,20
331149.433816,382485.667132,0,674
330950.442661,382314.993383,0,730
330803.587595,382757.754845,0,730
331266.904872,382445.467304,0,278
330992.915137,382279.48921,0,730
331256.243647,382450.560645,0,730
331184.745742,382557.207744,0,730
331242.463123,382514.200259,0,247
331016.682965,382241.89958,0,730
331048.792781,382801.851048,0,730
330766.255815,382844.385033,0,730
331100.420272,382400.898928,0,556
331169.127714,382513.672631,0,730
330856.987099,382385.969327,0,730
330962.20742,382306.736215,0,730
331227.62815,382651.745242,0,730
330996.004737,382850.296218,0,730
331064.263234,382668.187797,0,613
331209.989569,382428.91094,0,549
331224.152112,382477.760569,0,730
330852.058781,382753.709693,0,730
330898.104612,382429.229081,0,355
331185.131575,382540.247579,0,730
331168.561761,382544.297644,0,398
331078.081904,382763.008464,0,262
331034.64662,382321.794445,0,545
330914.187767,382592.377458,0,730
331139.712289,382725.094942,0,316
331023.070911,382648.040745,0,468
331001.997531,382345.282362,0,491
330965.894718,382328.332953,0,730
331050.784303,382684.186212,0,421
330996.033832,382818.968295,0,730
331026.727667,382425.800679,0,604
331192.160256,382738.200594,0,594
330894.605313,382600.599326,0,730
331052.178657,382870.663164,0,730
331138.902833,382595.612159,0,730
330964.551908,382786.818014,0,730
330916.278862,382604.96206,0,359
331102.475283,382614.742757,0,730
331118.199779,382818.979299,0,730
330850.048023,382685.204806,0,367
330937.529833,382222.515152,0,730
331014.447841,382764.242406,0,284
330808.626435,382782.732025,0,730
330947.814446,382508.39338,0,730
331041.663497,382856.218775,0,594
331084.079864,382746.299682,0,707
330934.662964,382405.593322,0,633
331135.922613,382769.816228,0,730
330935.187898,382303.695548,0,441
331071.851329,382793.480753,0,196
330934.695671,382597.904479,0,209
330992.693793,382195.386343,0,10
331203.559051,382644.344376,0,730
331100.169002,382824.538875,0,730
331112.909908,382494.400578,0,213
330915.146561,382343.605208,0,730
330736.360686,382817.477289,0,730
330975.522074,382777.673202,0,708
330729.793414,382873.423028,0,730
331175.123829,382408.427508,0,730
330948.971928,382769.763351,0,104
330965.434459,382228.285994,0,730
331070.623163,382842.237932,0,730
330980.342544,382515.88892,0,730
330852.494203,382519.288872,0,730
331207.932004,382683.547826,0,730
330998.612421,382765.812729,0,587
331024.252046,382179.885714,0,305
330730.824345,382841.584827,0,600
331150.071025,382583.574797,0,138
330942.002262,382307.088537,0,216
331113.303807,382444.79974,0,261
331072.110038,382888.351121,0,730
331086.91652,382755.952269,0,301
330874.498291,382495.683904,0,730
330802.173479,382693.845746,0,730
330971.336472,382532.529293,0,650
331080.62116,382276.321041,0,730
330796.026874,382709.209753,0,730
330984.038511,382690.081524,0,730
331015.549195,382706.837206,0,730
330777.183029,382685.114458,0,701
330920.889554,382477.379122,0,696
330920.662556,382763.325276,0,522
330946.177469,382698.478487,0,730
331127.530007,382767.708572,0,730
331147.876551,382628.465601,0,730
330926.399877,382585.982215,0,117
330848.319721,382553.586907,0,730
330964.107813,382762.413913,0,730
330945.004257,382806.157279,0,730
331148.903175,382410.887076,0,730
331205.699046,382376.669267,0,730
331085.559705,382720.11386,0,730
330916.463141,382472.484697,0,730
330844.585698,382630.016499,0,730
330863.357811,382616.332416,0,239
330848.209698,382405.181259,0,45
331244.012578,382505.791614,0,126
331017.626997,382465.903704,0,648
331074.348386,382901.453774,0,730
330730.13692,382920.120044,0,730
330818.368435,382747.470492,0,730
331263.608807,382499.211677,0,730
331246.193791,382574.867525,0,730
330779.18246,382742.041023,0,730
330851.815372,382633.494346,0,76
330836.98862,382465.688779,0,730
331271.054222,382467.258228,0,370
331148.769625,382378.694761,0,215
331234.157927,382512.527372,0,730
331163.006868,382545.978495,0,730
330975.386437,382549.048746,0,730
330930.367832,382728.201732,0,563
330914.088799,382727.440396,0,705
331077.180348,382295.686586,0,730
331088.78762,382368.716062,0,730
331003.303409,382721.865369,0,730
330885.311181,382737.302197,0,313
331180.625819,382659.740274,0,681
330889.135992,382703.056171,0,730
331236.66175,382522.500719,0,730
331065.815745,382865.344833,0,730
331020.240727,382720.782124,0,287
331063.208715,382287.136392,0,730
330882.880028,382366.182362,0,296
331120.719478,382376.379926,0,140
330995.540645,382776.832271,0,273
330913.561069,382679.04504,0,730
331086.125662,382347.677665,0,730
331122.939276,382578.404649,0,533
331168.703486,382753.668342,0,555
331044.717967,382898.136628,0,148
330842.996839,382565.81634,0,232
330871.05592,382658.458092,0,129
330863.219845,382492.744319,0,367
331092.873652,382315.763028,0,532
330856.772166,382636.356681,0,668
331258.728027,382454.430571,0,730
331042.024371,382818.175599,0,72
330949.807707,382628.494712,0,730
330966.63577,382659.011516,0,175
330703.507754,382909.188013,0,730
330927.403144,382559.62161,0,158
331019.135068,382674.670868,0,730
330906.956695,382428.756683,0,730
331013.205145,382863.376109,0,497
330849.95067,382398.052945,0,406
330991.025526,382787.123184,0,265
331111.762651,382577.137911,0,730
331079.433335,382364.071503,0,730
330919.373624,382657.440585,0,574
330966.771433,382441.292762,0,730
331090.01984,382522.48223,0,13
330977.280438,382324.616264,0,41
330862.286309,382372.238621,0,201
331017.83904,382462.9482,0,730
330982.490835,382178.43563,0,730
330978.964207,382520.744739,0,135
331100.462627,382326.215607,0,730
330882.517702,382444.342899,0,179
330881.592782,382740.353838,0,730
331104.431465,382301.700359,0,730
330823.310825,382552.088738,0,628
331158.053579,382910.443582,0,25
331138.842312,382505.281238,0,223
330957.239508,382602.239313,0,730
331283.700473,382432.628841,0,62
331232.845203,382505.188685,0,377
330777.352024,382822.164211,0,730
330859.136844,382554.1346,0,730
331057.743302,382652.817657,0,730
331030.963584,382662.235541,0,730
330887.414253,382784.256281,0,629
330983.752101,382688.505034,0,512
331111.672997,382870.772011,0,730
331003.605917,382212.228652,0,730
331039.18386,382712.996451,0,730
330922.089792,382530.894514,0,166
330866.200601,382374.219864,0,730
331194.792659,382447.954834,0,730
331078.873184,382473.127613,0,730
330823.912361,382719.801633,0,616
331143.135415,382766.39925,0,603
331282.155345,382427.430611,0,730
331186.083339,382446.567704,0,628
330962.121471,382788.7621,0,730
331242.349982,382413.563241,0,333
331082.817261,382263.336077,0,730
331045.665941,382234.419348,0,730
331171.877716,382666.170201,0,730
331220.106946,382683.550014,0,482
331052.861882,382815.174689,0,730
331049.901689,382288.036695,0,70
331214.60725,382412.658301,0,730
330945.855162,382252.287588,0,637
330971.330892,382600.308279,0,730
330960.400314,382359.971465,0,369
331098.387231,382305.204094,0,730
331194.947372,382618.106455,0,638
331273.504336,382443.256077,0,466
330817.143214,382661.019728,0,730
331071.020508,382403.728836,0,717
331076.404108,382715.955081,0,730
331095.411819,382885.475715,0,730
330919.917537,382684.670005,0,167
331030.653419,382664.838496,0,373
330818.474936,382606.944799,0,730
331014.195293,382646.387969,0,730
330970.838984,382792.09095,0,683
331018.332206,382609.824925,0,730
330830.918727,382527.743302,0,730
330932.120339,382543.403618,0,730
331197.623254,382669.055968,0,730
330871.872166,382320.757482,0,730
330897.785986,382775.653946,0,730
331005.196769,382407.64832,0,689
330895.411195,382781.415191,0,730
330975.265019,382418.86103,0,730
331189.741683,382631.746776,0,730
330930.529381,382343.947131,0,632
331174.585988,382850.065371,0,730
331103.760571,382275.241118,0,224
331242.654974,382409.036113,0,226
330989.943161,382440.135196,0,188
331243.967353,382394.693031,0,730
330861.014226,382504.951757,0,697
331260.785257,382520.606214,0,730
330948.907111,382213.837009,0,730
330859.954192,382531.579399,0,730
330888.975531,382537.047312,0,224
330959.310412,382541.79046,0,350
331145.814544,382878.629243,0,730
331133.61111,382488.280542,0,730
330995.981643,382440.215955,0,558
330927.597476,382597.5895,0,276
330908.497502,382378.607996,0,577
330920.752758,382281.162089,0,730
330819.749679,382559.629523,0,730
331022.021451,382419.500717,0,730
331046.054797,382667.575207,0,730
331268.631028,382462.185248,0,730
331053.681509,382915.220084,0,451
330879.714847,382696.409867,0,272
330908.569495,382345.558255,0,730
331192.428841,382770.857668,0,456
331008.824681,382212.887111,0,730
330923.098224,382564.760899,0,542
331158.989502,382499.513654,0,730
330769.24372,382681.714926,0,37
330968.623185,382636.125036,0,723
331091.83899,382699.585995,0,730
330914.688116,382756.686812,0,271
331155.478299,382603.601819,0,103
330978.605777,382583.671451,0,730
331029.522416,382486.805296,0,589
330740.192251,382844.073564,0,730
331183.925403,382676.493897,0,730
331127.320701,382500.269925,0,730
330967.611326,382623.133983,0,436
331022.982119,382566.575006,0,509
330925.966075,382778.880998,0,730
330961.035956,382516.167836,0,730
331191.49544,382616.337513,0,308
330794.430538,382590.628947,0,712
331002.803793,382729.1169,0,730
331043.550308,382840.562746,0,378
331044.562544,382677.632429,0,571
331147.543049,382855.35606,0,240
331223.229619,382663.856579,0,623
331100.278492,382681.933485,0,730
331127.253071,382782.342096,0,171
330726.010082,382965.383539,0,730
330916.636813,382735.747287,0,22
330975.15832,382457.616039,0,69
331085.203127,382672.546014,0,730
330913.617477,382280.868497,0,730
331107.512924,382468.976075,0,667
331249.009758,382415.723231,0,95
330907.603229,382609.254785,0,730
331216.825916,382575.472085,0,730
330971.185743,382412.052759,0,730
330730.428047,382807.213469,0,514
330942.143156,382334.904597,0,730
330743.041054,382776.976418,0,486
331139.681663,382525.226939,0,626
331213.062553,382517.213315,0,525
330856.769381,382541.566528,0,665
330920.798865,382791.964574,0,178
331174.604476,382881.201409,0,520
330840.669679,382774.913876,0,730
331056.90128,382823.821028,0,730
330782.05955,382696.245399,0,287
331052.386937,382273.099438,0,730
331241.089395,382402.315608,0,114
331078.585813,382614.837725,0,592
330891.118245,382743.597815,0,715
331050.498798,382227.683397,0,730
330863.366843,382438.34836,0,31
331019.18089,382367.547932,0,730
330996.25873,382222.733031,0,57
330924.735433,382257.728576,0,728
330993.168096,382318.980869,0,622
331118.357764,382696.698245,0,480
330736.628959,382861.799888,0,730
330737.023866,382930.099297,0,310
331170.606419,382718.017332,0,600
331165.491351,382826.57773,0,730
330884.782166,382645.724167,0,730
331015.30963,382637.073379,0,501
331057.20305,382259.452542,0,730
331059.885154,382330.1424,0,606
331162.51082,382657.832235,0,226
331044.394024,382545.257772,0,688
331130.928286,382659.908116,0,730
330908.705218,382556.208118,0,414
330997.698697,382747.033342,0,730
330898.904401,382737.061808,0,447
331080.402805,382484.496447,0,551
330906.064148,382728.199503,0,730
330882.455581,382384.833981,0,730
330868.318017,382354.861275,0,730
330798.063144,382602.197378,0,730
331045.668732,382845.527285,0,505
331167.867209,382364.145904,0,730
331138.758508,382425.944095,0,370
330774.595564,382791.578071,0,323
331114.957694,382940.587453,0,645
331020.67755,382217.468507,0,730
331092.659738,382539.525681,0,634
331109.341056,382817.878862,0,192
330881.505283,382739.559838,0,730
331083.310857,382782.469491,0,730
331164.643584,382489.716384,0,730
331015.492373,382384.277866,0,730
330991.208708,382691.85212,0,730
331238.133726,382410.857131,0,447
331057.923924,382397.561942,0,730
330684.985514,382949.937618,0,730
330904.429534,382675.81058,0,135
330825.233103,382664.458964,0,710
331048.484463,382514.925524,0,610
330861.79996,382652.327802,0,730
330882.71885,382676.724829,0,686
330953.749179,382234.387538,0,730
330935.729366,382754.051371,0,585
330971.214474,382242.74347,0,686
331132.413315,382729.965721,0,655
330870.635375,382346.574581,0,730
330879.540817,382475.282161,0,730
331143.964,382714.946679,0,720
330899.763111,382648.447561,0,730
331089.017807,382492.788461,0,546
330871.557801,382310.244234,0,92
330889.228497,382648.726087,0,730
330938.375613,382437.348096,0,730
331087.798409,382235.717984,0,730
330716.000974,382961.55711,0,427
330955.896139,382221.611694,0,730
331103.349791,382785.30336,0,720
331172.662441,382499.228588,0,730
331154.101131,382552.311563,0,730
331055.14329,382700.584181,0,393
331029.015879,382851.865276,0,730
331018.056161,382872.764615,0,515
330862.363716,382636.498006,0,141
331048.68404,382862.34144,0,730
330770.221561,382816.165929,0,360
331043.340254,382846.08988,0,22
331112.37133,382302.146622,0,544
330807.446906,382639.384129,0,730
331220.102183,382417.403433,0,253
331170.427577,382381.242812,0,730
330894.126015,382633.254183,0,476
330967.752218,382445.138414,0,529
330854.067139,382793.023889,0,653
331062.186069,382700.767942,0,337
331050.181667,382663.939886,0,730
331111.635297,382265.86959,0,730
331131.079624,382370.318941,0,730
330979.499154,382567.384057,0,730
330970.984109,382515.369446,0,730
331023.859452,382898.852445,0,730
331024.788093,382434.920072,0,730
330891.237955,382727.442948,0,730
330749.901189,382888.37706,0,171
330968.802076,382621.457854,0,730
331116.178682,382933.312042,0,251
330904.643584,382696.599305,0,730
331059.348353,382798.239177,0,494
331185.515994,382368.354779,0,730
331181.599482,382737.515691,0,227
331119.780313,382540.014368,0,730
330987.554153,382712.47332,0,730
331124.380608,382935.611675,0,730
330808.016569,382591.599753,0,608
331081.964065,382715.448824,0,730
330953.347528,382771.914439,0,730
330898.821191,382454.948402,0,730
330855.71074,382370.53485,0,730
330704.321344,382899.297055,0,328
331196.728886,382648.764791,0,730
331196.141576,382465.839635,0,730
331137.152408,382607.635246,0,729
331117.48319,382609.674016,0,730
330999.193467,382679.911432,0,730
331048.457158,382277.653438,0,730
330944.112271,382295.024042,0,468
330895.22614,382457.242046,0,730
331122.858798,382443.521907,0,730
330992.063252,382647.404757,0,730
331197.375527,382629.980351,0,730
330925.646839,382663.557477,0,730
330959.256292,382724.662642,0,730
330877.445012,382480.226239,0,342
330911.192718,382607.648954,0,710
330911.788254,382396.049762,0,508
330927.062693,382530.001863,0,730
330872.645558,382647.822827,0,730
331080.825364,382473.648617,0,730
331064.589676,382733.231514,0,145
331084.894652,382824.134692,0,730
331136.487199,382656.795785,0,730
331036.005529,382583.365958,0,676
330870.103572,382469.227059,0,664
330953.796034,382366.707838,0,169
330954.721966,382642.42961,0,730
331021.507133,382458.183052,0,730
331182.878244,382746.326141,0,730
331076.791123,382222.55586,0,524
331056.705083,382550.863742,0,677
330951.577914,382605.300725,0,545
330924.538973,382390.169807,0,730
331028.970884,382715.28142,0,487
331226.782317,382519.003146,0,432
330867.138288,382480.522831,0,690
331021.540132,382822.015299,0,730
331178.585894,382527.774275,0,441
331160.975858,382589.240207,0,730
330708.350377,382919.009154,0,341
330960.920363,382203.820173,0,730
331200.875677,382465.793792,0,730
330994.154337,382191.004264,0,730
331174.764897,382788.880997,0,730
331177.405413,382607.671542,0,730
331084.343559,382314.233857,0,730
330805.391284,382662.775725,0,730
330995.620111,382492.971218,0,730
330953.02744,382642.361178,0,705
331083.213096,382578.876872,0,730
330973.800481,382212.367372,0,304
331140.86732,382676.406691,0,299
330774.852651,382761.501952,0,730
330920.792136,382607.521978,0,625
331044.772194,382286.475342,0,152
331056.454603,382624.800008,0,504
331063.941086,382533.296965,0,730
330952.276557,382607.342447,0,96
331201.379979,382428.593662,0,730
331065.492671,382852.677965,0,469
330936.925155,382296.65799,0,730
331145.888885,382466.84036,0,730
331033.699997,382637.590803,0,730
330982.679701,382809.244779,0,397
331126.653823,382817.351908,0,730
331129.237048,382788.54622,0,730
331201.51542,382575.270405,0,730
330924.349231,382359.193387,0,690
331002.803222,382653.093732,0,161
331021.282997,382235.79479,0,550
331274.343044,382420.66669,0,43
331061.095195,382909.74576,0,730
331124.477214,382859.006926,0,730
331083.479626,382885.157599,0,730
331049.135885,382635.363317,0,730
331033.060189,382439.052692,0,730
331061.243658,382535.159347,0,12
331049.415788,382520.654081,0,479
331014.395326,382726.899793,0,60
330976.239123,382410.398157,0,730
330945.650724,382662.611888,0,730
330771.394393,382834.784614,0,8
331181.630117,382554.031472,0,730
331082.871855,382584.202743,0,31
330853.465949,382514.068968,0,40
331085.496164,382774.283082,0,717
330730.871382,382948.923917,0,730
330959.367334,382509.898834,0,730
331175.000503,382651.766901,0,730
330914.31773,382528.656891,0,38
330963.942495,382456.732497,0,730
331218.569417,382584.244585,0,730
330935.502405,382281.490113,0,111
331119.071454,382667.546392,0,730
331041.137072,382580.108375,0,730
330897.474968,382594.963849,0,730
330912.748362,382445.358338,0,730
330900.939095,382393.641655,0,730
331093.470551,382719.003691,0,645
331072.277827,382654.671981,0,730
331063.184063,382548.027753,0,567
330909.773918,382733.354167,0,471
331038.791208,382485.045554,0,276
330805.789071,382576.739561,0,281
331130.628684,382519.673118,0,730
330838.148655,382663.193939,0,730
330958.918293,382411.33609,0,730
330887.846991,382731.631901,0,730
331111.694698,382884.71658,0,730
331075.789385,382208.771106,0,314
331159.473685,382659.072246,0,730
330869.660019,382563.072968,0,730
331007.551133,382572.536233,0,349
331016.243043,382784.935052,0,708
331004.322108,382453.061661,0,38
330977.839019,382521.745146,0,463
330973.630161,382769.22247,0,730
331199.615916,382743.653565,0,541
331134.825887,382705.682821,0,730
331005.44106,382499.808237,0,730
330738.886308,382822.953944,0,730
330697.894415,382940.258904,0,730
330872.947072,382597.018058,0,527
331047.625792,382902.829496,0,730
330766.996882,382777.202756,0,444
330954.210093,382655.036524,0,730
331134.434077,382684.589329,0,730
331217.373707,382698.434993,0,730
330718.882498,382887.742529,0,465
331033.548696,382621.377112,0,730
330765.085941,382736.945501,0,24
331139.267435,382929.378901,0,7
331029.251307,382781.958408,0,730
331155.871372,382901.509577,0,730
330839.699411,382462.594134,0,673
331082.788719,382616.447873,0,147
330864.417874,382464.180836,0,730
330867.501979,382523.657258,0,576
331169.19945,382606.708148,0,730
331145.923341,382915.227342,0,730
331054.823097,382768.548456,0,730
330954.717273,382711.357058,0,730
331013.75361,382582.417114,0,726
330995.905012,382483.149185,0,249
331061.304918,382583.724979,0,730
331044.71962,382248.817286,0,730
330866.053822,382731.255515,0,730
331032.285193,382341.873811,0,730
331147.642942,382426.329751,0,474
331013.61864,382311.799904,0,730
330831.051353,382547.774616,0,694
330902.78322,382632.754585,0,730
331215.721387,382595.567217,0,730
330929.268608,382637.417355,0,730
330886.247252,382656.618435,0,50
331090.267681,382325.530863,0,536
330929.097453,382220.36015,0,730
330931.137336,382320.677454,0,730
331015.208419,382466.837342,0,730
330865.033509,382572.141083,0,730
331129.812724,382633.72629,0,396
331027.269458,382651.740084,0,590
331124.863689,382663.313328,0,730
331080.860576,382620.518196,0,506
330989.791241,382185.392475,0,730
330958.187486,382785.985179,0,565
330875.066956,382527.755465,0,721
330938.914395,382764.533866,0,730
331006.24787,382436.034745,0,464
331183.357003,382707.542636,0,495
330937.668458,382505.057978,0,730
330830.439238,382499.208626,0,626
331036.321803,382407.567812,0,112
330889.571635,382695.722866,0,730
330927.797835,382338.321651,0,730
331016.658543,382444.145812,0,730
330824.491386,382559.05436,0,730
331154.623677,382834.91696,0,730
330843.880888,382618.670948,0,730
330957.759165,382706.355331,0,396
330957.738869,382300.229953,0,709
330821.104685,382700.193231,0,306
331056.479761,382319.365702,0,618
331177.485043,382745.319054,0,707
331210.899152,382673.210648,0,449
330873.709521,382354.409911,0,730
331188.772025,382568.581534,0,730
331119.027155,382830.543607,0,699
330877.182182,382299.030425,0,730
331217.844143,382692.306939,0,579
330989.115334,382344.182952,0,730
331052.321331,382369.946804,0,730
331048.58247,382332.679327,0,290
331033.634514,382459.952784,0,195
330955.624314,382444.538608,0,730
330783.864992,382648.884558,0,661
331266.46624,382447.190813,0,730
331009.639601,382544.266399,0,523
331145.634776,382785.044307,0,730
331043.11887,382740.543793,0,730
330845.950855,382790.174583,0,165
331152.920484,382779.324142,0,70
330968.187844,382630.496901,0,730
330884.648559,382547.929911,0,48
331143.807006,382615.914178,0,730
330882.417867,382353.259576,0,730
330889.903552,382682.623676,0,730
331069.733466,382646.966538,0,730
331066.214611,382264.542712,0,730
330744.243583,382775.629528,0,730
331054.324415,382795.025886,0,663
330922.654601,382318.186099,0,730
331045.182159,382876.655166,0,730
331088.898783,382425.191882,0,679
330967.189374,382752.20193,0,730
331155.397672,382493.249766,0,730
330899.34305,382499.750681,0,730
331106.099859,382796.031673,0,730
331021.092482,382239.097069,0,730
331069.903031,382800.520583,0,439
331083.767178,382643.476342,0,730
330935.99908,382519.077477,0,730
330999.827158,382691.346121,0,730
331133.225705,382846.196351,0,489
331070.256089,382711.084424,0,655
331185.397378,382804.208948,0,714
330953.157812,382482.818061,0,730
330959.044723,382395.191344,0,288
331132.715363,382762.273172,0,285
331168.077748,382540.399292,0,510
331040.859283,382631.475059,0,391
330760.999839,382759.324599,0,730
331031.625409,382838.629414,0,730
330954.736746,382543.07437,0,534
330793.132488,382642.929369,0,730
330754.481849,382773.792831,0,603
331069.103967,382550.672697,0,461
331073.420842,382354.245845,0,730
330903.552024,382490.473713,0,229
331215.123,382558.960828,0,730
331005.40196,382634.316049,0,730
330916.349161,382672.257195,0,730
330822.505093,382657.227481,0,404
330775.501004,382769.598208,0,730
330965.541923,382755.25389,0,424
331064.518136,382673.374016,0,730
330966.386,382789.125875,0,730
331053.387716,382760.275011,0,521
330922.846853,382280.208239,0,562
331184.718113,382569.234961,0,730
330864.389237,382731.538097,0,52
331116.323213,382823.359635,0,730
331140.861556,382812.845628,0,730
330909.273002,382505.4652,0,730
331180.774586,382561.984171,0,730
331136.333137,382807.371928,0,730
330868.548313,382344.584217,0,730
331067.641356,382858.507689,0,361
330774.85248,382669.541124,0,730
331085.237969,382431.367673,0,696
331035.989534,382766.617734,0,151
330731.782795,382834.800032,0,415
330738.069763,382843.76468,0,730
331080.687239,382326.100658,0,730
331162.34351,382743.100675,0,730
331008.750355,382652.946264,0,730
330885.997122,382397.743064,0,713
331033.909601,382507.635564,0,730
331159.062679,382549.22169,0,481
331209.545175,382576.238103,0,556
331138.039113,382480.465721,0,730
331108.464731,382549.576895,0,730
330955.535142,382555.251396,0,578
330793.157635,382637.186663,0,312
331144.025675,382332.036689,0,730
331146.440574,382684.011439,0,730
331028.60018,382221.022816,0,543
331267.506811,382508.438618,0,211
331098.437987,382662.998557,0,730
331015.321232,382596.054816,0,730
330882.322983,382609.472663,0,730
330981.925259,382365.453145,0,730
330929.872896,382442.769606,0,263
330779.246422,382669.810427,0,730
330872.005712,382385.835043,0,730
331074.662127,382214.427572,0,730
331011.558911,382851.641602,0,638
331002.072444,382327.424386,0,434
331201.599555,382762.978799,0,588
331258.934776,382407.435718,0,629
331060.856151,382704.279295,0,519
330989.469404,382646.260333,0,730
331022.169534,382893.036334,0,698
331083.978995,382333.160916,0,730
330962.748573,382296.965065,0,730
330819.575393,382718.859624,0,390
331094.892579,382791.604823,0,123
331004.015876,382336.562025,0,672
330809.832736,382772.447084,0,411
331162.460916,382511.889589,0,221
330866.340337,382746.600626,0,30
331143.120179,382814.706959,0,498
331178.734181,382415.963732,0,730
331073.207004,382218.721388,0,353
331022.573809,382512.931678,0,214
330988.588459,382652.414932,0,107
330989.748952,382507.205242,0,496
330863.080155,382337.206426,0,343
330925.900504,382453.447182,0,660
330983.991839,382811.71391,0,730
331109.662388,382564.046177,0,730
331129.255444,382421.993637,0,410
330990.980787,382243.196733,0,88
331013.499182,382452.190618,0,730
330964.450122,382419.391438,0,730
331130.148695,382660.495924,0,567
331015.827467,382672.430316,0,627
330931.129662,382549.684793,0,730
330790.101543,382636.834178,0,453
330861.601082,382616.565203,0,730
330993.490437,382392.343221,0,730
331245.124892,382484.450759,0,6
331032.495316,382258.386682,0,599
330849.466501,382661.599886,0,730
331247.266127,382414.415811,0,730
331082.479899,382714.389824,0,730
330884.423475,382707.857006,0,730
331203.119813,382577.120347,0,206
331136.837245,382785.201876,0,730
330802.940021,382638.976,0,730
330830.101581,382511.157387,0,730
331053.434702,382656.725092,0,492
331062.665922,382747.956043,0,730
331096.395772,382590.087468,0,459
330947.189814,382537.703808,0,425
331091.092924,382543.884356,0,552
331120.377958,382720.994493,0,730
331086.756331,382342.682046,0,730
331128.527472,382349.334287,0,730
330998.378401,382379.153265,0,730
331019.180391,382249.137084,0,536
331220.765497,382416.825791,0,267
330958.452762,382810.825562,0,730
331174.622497,382815.109119,0,682
330898.947675,382482.910521,0,633
331260.735698,382423.649864,0,730
331180.127726,382537.767723,0,730
330874.422481,382411.560586,0,631
331075.745409,382749.898103,0,496
331064.999309,382214.628549,0,730
330897.402419,382741.327906,0,258
330885.497287,382271.069487,0,118
331203.656579,382752.622491,0,730
331117.919587,382341.645385,0,595
330959.375384,382421.502659,0,730
330750.456967,382772.164847,0,730
330890.988425,382766.61913,0,730
331154.242716,382562.5623,0,334
330930.582196,382244.236105,0,290
331157.828699,382386.923071,0,259
331132.656242,382403.692715,0,730
331022.113631,382380.66412,0,730
330864.946448,382481.74528,0,730
330722.195411,382852.94578,0,730
330764.006935,382719.638935,0,730
331108.799929,382611.809748,0,730
331040.061288,382571.004388,0,730
331065.520733,382572.360141,0,730
331061.733177,382705.826161,0,730
330729.50386,382897.457272,0,318
330798.119203,382624.260996,0,63
330984.775738,382424.322991,0,730
330941.391968,382357.455648,0,488
330957.705094,382751.72587,0,590
330893.80474,382359.450779,0,730
330774.254347,382663.265107,0,440
330989.916782,382242.22873,0,32
331009.892001,382724.008532,0,730
331008.322832,382286.867384,0,539
330984.646671,382334.583371,0,730
330984.061474,382204.116159,0,12
330939.454482,382325.291882,0,730
331011.873645,382796.929885,0,730
330962.236777,382760.527113,0,730
330931.281536,382268.179075,0,730
331205.311906,382435.223513,0,730
331188.608913,382607.238451,0,461
331276.1924,382442.844469,0,730
331065.850795,382436.342145,0,730
330831.843387,382496.964701,0,730
331033.386447,382259.070206,0,730
330715.245381,382929.456363,0,77
331014.895682,382656.064107,0,584
330900.881001,382668.71932,0,656
331197.769933,382551.787157,0,460
330761.877961,382744.529606,0,730
330845.936338,382734.245103,0,725
330950.714278,382197.523292,0,582
330924.352556,382266.532026,0,730
331142.623863,382824.320444,0,327
330914.380678,382343.783343,0,730
331083.267626,382444.004168,0,730
331206.014892,382698.991181,0,524
331178.558818,382520.817825,0,730
330992.429691,382376.383379,0,1
330990.150404,382550.904518,0,215
330809.014221,382646.064037,0,706
331155.478925,382426.320337,0,730
330906.861292,382545.283406,0,220
331024.998197,382365.95798,0,730
330764.206553,382734.864133,0,730
331169.276998,382852.182291,0,721
330858.712047,382454.900375,0,730
331160.207675,382606.02266,0,730
331132.311644,382876.511991,0,730
331071.299529,382417.381252,0,448
330973.570584,382355.455986,0,730
330985.768077,382717.06011,0,730
330922.718383,382613.248331,0,422
330758.345662,382800.294612,0,317
331033.395956,382446.181799,0,730
331113.496793,382433.273015,0,730
330935.855051,382735.207359,0,51
330972.520641,382179.210669,0,730
330959.259294,382305.223258,0,698
330963.557016,382778.41704,0,730
330919.41561,382563.677235,0,642
330913.098389,382762.995897,0,283
331120.903676,382502.241367,0,269
330990.958906,382635.832806,0,730
331155.190735,382352.730541,0,730
331042.583361,382909.673663,0,199
331130.829483,382884.907971,0,692
330845.621979,382754.837223,0,730
330727.050681,382927.219455,0,730
331205.076796,382402.647573,0,604
331117.057359,382581.904566,0,570
331169.196608,382820.081649,0,730
331149.072729,382561.227304,0,730
330896.349274,382246.39247,0,547
330849.971043,382647.231344,0,503
331041.222189,382736.045798,0,654
330815.766747,382531.326643,0,683
331123.785345,382550.504506,0,589
331088.451759,382463.947831,0,94
330910.811883,382613.955041,0,730
331040.970089,382469.741708,0,730
330968.561584,382735.29432,0,730
330923.394423,382222.25092,0,615
331207.105197,382378.781767,0,550
331208.090024,382713.474141,0,730
330813.404085,382769.087521,0,398
331033.331206,382552.92707,0,730
331147.229912,382756.43486,0,490
331055.705646,382463.062127,0,730
331184.30208,382768.492153,0,622
330753.689748,382871.788709,0,730
330960.981084,382390.216422,0,730
331131.344184,382530.940564,0,730
330921.492751,382693.502085,0,730
330971.641921,382312.093122,0,448
330743.006417,382779.288096,0,559
330978.934131,382534.690761,0,9
330966.007777,382606.47013,0,89
330982.628101,382607.905818,0,324
330846.830444,382789.617308,0,730
330894.257833,382474.011829,0,422
330930.742869,382447.822962,0,510
331056.104299,382854.593952,0,32
331083.548596,382518.20071,0,730
331113.423514,382654.454758,0,730
330951.154959,382340.83185,0,730
331015.441047,382207.700807,0,458
331113.283949,382542.862392,0,669
330965.277746,382382.010408,0,730
331090.497372,382530.636821,0,639
330899.096903,382778.506152,0,730
331163.43668,382598.113777,0,611
330971.546725,382185.2877,0,123
330703.62991,382939.261947,0,730
330834.500795,382616.846656,0,360
331016.004431,382377.518171,0,730
331044.647674,382670.996542,0,730
330965.342045,382392.189474,0,730
331036.106786,382642.026,0,730
330939.396244,382563.901795,0,730
331205.788269,382530.093342,0,730
331006.395102,382460.456028,0,467
331101.355917,382644.907065,0,730
331157.709653,382904.448598,0,730
330956.838266,382438.067306,0,670
331022.255099,382724.767569,0,730
331092.155474,382549.043021,0,730
330821.31067,382595.974539,0,730
331050.299363,382819.101796,0,730
331043.0277,382819.819733,0,730
330993.560533,382337.250312,0,730
330895.414972,382486.258028,0,730
331026.66402,382268.790488,0,412
330919.653596,382685.650796,0,517
330873.450335,382492.695385,0,730
330933.137549,382807.217453,0,541
331147.775171,382840.857858,0,520
330940.13963,382567.568457,0,730
330770.83776,382792.017743,0,730
330990.257154,382391.893118,0,636
330856.100846,382785.516352,0,434
331013.26055,382752.996992,0,730
330984.682918,382661.232072,0,730
330963.982811,382810.191667,0,730
331138.185786,382342.477665,0,682
331114.04778,382338.352342,0,730
331147.188672,382844.598897,0,730
330867.51737,382502.873799,0,730
331182.05977,382610.807673,0,700
331119.098417,382480.095216,0,730
330903.856044,382302.067692,0,730
331056.563661,382589.757838,0,259
331171.738451,382597.193433,0,108
330960.046259,382693.983678,0,612
330947.383391,382634.139633,0,727
330976.887578,382614.357007,0,730
331119.806629,382562.338412,0,730
330987.781565,382399.709564,0,172
330894.618248,382689.539631,0,55
331070.44815,382635.557499,0,534
330936.358177,382576.572214,0,730
331243.791302,382500.645121,0,574
331026.547264,382269.717561,0,730
331191.771564,382659.140739,0,394
331144.493222,382870.979469,0,672
330935.52725,382558.024297,0,716
331139.61644,382680.450525,0,730
331134.589254,382802.155387,0,409
330869.283844,382618.5271,0,730
330949.110992,382279.697056,0,560
330988.144536,382812.354897,0,730
330819.961158,382644.359304,0,10
331260.920632,382503.671952,0,730
331010.25692,382505.469084,0,46
330891.046486,382430.609691,0,730
330797.233323,382731.630913,0,730
330745.712765,382798.736824,0,344
331136.520597,382452.41966,0,730
331012.335805,382497.173424,0,730
331235.636369,382420.786553,0,730
331086.174863,382905.249301,0,730
331016.286631,382440.683677,0,730
330786.236152,382615.539989,0,730
330981.135998,382579.573801,0,328
330908.464822,382416.411691,0,730
331007.019624,382560.66426,0,421
331040.23241,382315.642672,0,730
331150.474491,382344.506604,0,674
331120.761561,382365.927345,0,730
331218.240606,382513.118337,0,730
331057.080466,382431.79708,0,537
331151.228443,382695.658573,0,730
330854.835343,382677.110919,0,730
331153.222371,382550.179851,0,730
331112.534533,382378.58314,0,203
330970.595014,382850.039668,0,162
331194.153098,382446.295277,0,730
330960.407202,382535.126366,0,66
330868.510757,382486.885272,0,730
330864.513179,382689.680867,0,564
331054.49499,382815.479664,0,605
330977.991915,382208.835062,0,150
330905.864828,382471.010787,0,730
331008.838086,382216.222131,0,730
331007.061915,382247.764887,0,697
330941.083448,382567.003695,0,730
331028.349591,382539.52278,0,730
331102.338689,382515.926079,0,730
331166.431905,382707.428921,0,257
331243.90344,382422.165974,0,730
330943.329513,382229.109065,0,101
331081.211785,382780.383952,0,244
331006.392978,382369.000809,0,730
331156.485941,382921.196992,0,662
330869.145901,382562.428409,0,730
331189.851456,382541.197578,0,437
331028.173719,382810.12714,0,730
331130.178741,382929.612239,0,730
330857.687015,382588.509698,0,730
330965.229773,382189.714974,0,730
330906.553887,382358.178028,0,730
330764.47724,382741.929071,0,407
330938.504573,382350.573012,0,268
331185.311872,382597.145662,0,730
330702.750969,382986.401146,0,711
331068.78735,382217.591757,0,730
331098.363026,382916.483158,0,730
331004.539469,382814.843497,0,730
331174.638826,382560.436567,0,730
331066.07421,382201.422732,0,354
331107.868506,382723.490479,0,730
330975.154736,382616.298263,0,730
331088.590948,382883.422984,0,730
330839.603503,382759.732704,0,495
331006.996785,382325.305011,0,730
331029.935854,382520.227693,0,730
330769.975562,382681.828895,0,327
331004.692566,382207.01122,0,730
331088.208886,382417.40254,0,730
331094.116195,382331.687339,0,730
330980.62991,382537.106462,0,730
331054.680626,382757.696855,0,414
331150.025411,382908.047535,0,309
331058.086964,382395.177546,0,730
330842.353301,382664.484654,0,730
331119.43376,382398.46818,0,730
330814.692281,382782.255358,0,417
330908.180782,382802.306272,0,730
331140.761364,382607.512727,0,730
330834.201321,382735.325248,0,7
330833.064093,382650.460751,0,392
331131.526304,382807.728463,0,430
331109.691088,382575.833976,0,91
331047.108797,382822.86232,0,730
331141.288047,382480.576387,0,730
330824.756481,382521.916443,0,730
331193.023656,382489.439018,0,730
331185.056161,382419.154968,0,730
330832.257866,382621.331329,0,326
330963.111416,382458.484314,0,625
330824.044651,382592.069474,0,701
331059.107597,382659.929216,0,730
331125.398737,382543.05411,0,256
330984.882892,382716.253427,0,730
331222.705319,382680.842072,0,525
331131.674047,382295.495671,0,213
330846.195029,382505.094843,0,730
331174.027491,382638.071982,0,478
331105.585832,382510.514088,0,113
331076.614861,382535.149057,0,472
330976.241094,382870.732143,0,730
330882.292023,382508.952579,0,107
330808.791233,382733.262674,0,730
330984.63757,382441.747888,0,730
331212.43874,382624.218897,0,586
330898.180961,382284.729711,0,730
331184.726306,382489.089402,0,582
330956.369453,382790.855317,0,730
330902.779933,382703.789825,0,716
331203.826376,382642.988197,0,730
331097.838111,382425.813584,0,719
331032.678496,382703.821512,0,730
331078.040563,382729.604001,0,289
330889.447525,382264.403699,0,334
330866.368235,382754.802808,0,730
330863.079487,382747.427311,0,730
330985.17837,382493.41446,0,181
330854.780104,382735.585573,0,286
330761.075412,382870.341818,0,730
331285.700971,382412.218784,0,329
331150.593465,382894.249527,0,730
330970.700637,382737.098714,0,440
330756.490378,382857.397705,0,730
331056.622314,382304.543303,0,176
331035.889705,382667.241068,0,369
331156.886537,382807.383611,0,730
331203.302936,382413.108767,0,537
331109.155912,382411.117359,0,730
330884.488975,382697.199527,0,634
331116.836944,382683.571198,0,730
331049.929702,382627.323694,0,722
331109.501491,382716.543694,0,36
331174.141728,382460.646319,0,427
331105.901708,382506.67066,0,730
331031.166363,382884.215089,0,730
330948.429141,382275.004213,0,614
331035.056325,382845.650107,0,730
330911.700875,382474.531881,0,730
331073.949306,382451.804148,0,730
331099.099762,382383.54943,0,462
330909.383333,382384.042206,0,183
331048.706868,382561.347579,0,485
331043.749661,382619.051605,0,730
331020.015661,382707.350622,0,64
330964.688083,382476.851422,0,730
331254.699455,382479.972388,0,483
330980.071437,382749.417362,0,730
330713.628527,382951.028661,0,670
330859.098301,382405.617165,0,730
330915.068251,382392.590006,0,730
330910.599665,382540.318213,0,730
330957.699052,382622.535061,0,478
330825.168692,382499.025598,0,384
331049.28487,382794.557147,0,730
330998.727896,382507.432597,0,277
331005.391347,382269.723121,0,348
331039.254866,382828.25287,0,282
331094.695852,382867.650324,0,730
331018.448077,382410.108564,0,621
330990.004722,382213.468018,0,395
331230.109637,382438.140881,0,730
331148.190709,382512.567557,0,730
330760.839238,382868.892221,0,730
330940.097179,382368.838129,0,651
331066.08985,382635.409559,0,730
331080.157526,382657.257695,0,730
331054.237388,382274.021242,0,452
330823.177528,382716.872167,0,471
330971.944315,382277.443934,0,730
331079.699023,382927.310569,0,381
331187.075834,382635.777966,0,714
330904.064825,382506.872693,0,92
331193.22746,382505.260386,0,730
330894.277553,382323.057491,0,730
330932.449408,382492.675046,0,316
331054.692807,382266.826845,0,103
330712.631963,382897.617391,0,730
331170.315944,382872.377728,0,187
331011.165675,382759.594001,0,392
330909.313423,382397.319565,0,730
331138.441579,382578.206278,0,730
331088.32815,382434.758285,0,730
331170.548155,382562.60219,0,98
331105.332685,382847.564268,0,730
331042.074534,382481.448745,0,657
330975.799305,382331.864288,0,385
331086.741552,382707.270236,0,730
330721.741778,382928.177838,0,127
331222.565836,382622.473048,0,730
331170.216388,382808.587296,0,730
330982.597083,382640.631932,0,385
331079.286881,382745.976625,0,730
331101.540489,382597.166649,0,614
330996.681644,382763.224475,0,730
331217.558211,382513.158761,0,413
330706.812428,382893.952414,0,730
331183.07076,382713.098344,0,630
331073.583137,382691.481489,0,730
330933.730557,382565.860061,0,730
331184.951105,382613.027359,0,730
331043.630936,382793.063013,0,730
331015.781627,382526.931707,0,730
331076.640246,382791.710807,0,730
331056.524743,382581.069253,0,29
331157.080419,382449.591833,0,153
330847.523304,382586.7294,0,730
331011.206992,382476.192368,0,477
331018.353699,382884.484471,0,234
330842.984642,382703.130902,0,344
331258.45673,382434.112882,0,155
331192.659323,382373.064112,0,730
330976.913043,382719.948132,0,648
330873.334388,382416.62147,0,177
331170.372481,382444.12462,0,730
330745.828119,382847.169032,0,73
330913.085548,382446.806908,0,722
330974.523368,382694.344385,0,300
331025.257277,382554.32639,0,642
330768.768282,382718.758687,0,647
331190.526567,382470.312138,0,242
330853.219082,382725.484652,0,452
331111.127701,382564.880682,0,463
331117.245779,382660.004957,0,412
331030.429606,382800.549757,0,353
331043.428634,382827.241162,0,399
331076.1124,382644.860239,0,730
331108.306719,382825.072749,0,568
330987.293809,382606.131297,0,504
330901.123112,382492.064778,0,730
330999.431833,382353.154733,0,295
330969.123725,382870.648468,0,730
331002.414704,382711.441451,0,730
330822.171963,382582.177344,0,730
331067.162731,382712.240124,0,730
331218.58931,382536.704784,0,431
330834.512605,382573.354536,0,730
330990.934062,382615.108023,0,730
331083.891665,382307.935427,0,730
330932.008488,382511.262637,0,473
331205.744686,382621.056097,0,730
330941.224837,382588.561779,0,730
330897.371453,382730.775612,0,730
331082.855297,382234.028386,0,63
330930.770396,382570.437234,0,730
331018.272907,382844.018423,0,298
330872.762792,382729.028043,0,730
330857.669903,382643.749215,0,246
330854.563173,382545.88771,0,719
330751.416055,382809.534642,0,184
331201.723704,382585.107045,0,160
330879.790951,382354.377903,0,730
331264.581271,382450.451268,0,223
331141.101317,382351.558973,0,676
330741.718609,382905.205778,0,730
331034.022027,382315.631607,0,730
331146.092919,382405.877577,0,730
331137.823618,382549.165796,0,730
330863.775336,382752.392742,0,730
331234.283032,382497.162409,0,730
331077.920603,382917.54196,0,605
331127.864303,382939.742746,0,730
330827.324921,382510.788826,0,730
330939.642038,382313.47283,0,631
330900.548994,382418.221511,0,182
331037.347679,382318.486116,0,665
330970.729931,382689.622512,0,730
331063.024679,382888.055777,0,378
330719.813957,382897.638402,0,730
331103.283741,382259.527375,0,101
330850.870607,382568.739295,0,488
331139.012609,382448.676015,0,539
330923.187514,382320.301089,0,511
331013.318175,382524.44069,0,313
331012.294583,382754.865039,0,693
331171.29078,382490.441856,0,350
330986.095404,382832.844276,0,730
331049.88403,382769.04652,0,180
331102.178789,382251.061446,0,562
330903.911347,382440.841992,0,730
330892.495928,382311.416712,0,730
331128.94326,382586.342041,0,730
331144.446571,382768.557677,0,730
331126.504159,382499.163305,0,132
331131.207754,382556.81802,0,730
330843.110612,382663.307359,0,68
330985.473276,382406.019151,0,691
331111.349449,382338.549718,0,730
331019.229086,382711.643366,0,380
330873.82138,382655.501469,0,575
331174.591421,382775.421241,0,283
330840.250224,382669.504143,0,730
331043.435147,382417.770661,0,730
331017.62148,382233.329165,0,730
331103.783302,382398.350338,0,711
331078.748445,382856.622551,0,249
330983.562963,382697.56381,0,730
330916.515391,382523.99889,0,730
330950.156536,382474.682739,0,348
331065.567806,382796.11529,0,170
330955.564511,382640.402181,0,292
331142.113841,382758.531136,0,730
330964.323846,382766.533873,0,503
331165.290999,382663.423188,0,462
331170.62506,382404.357741,0,730
331155.393197,382376.220074,0,601
330842.111705,382678.770213,0,730
331135.014,382851.619198,0,602
330888.412456,382677.882567,0,730
330981.167503,382511.906069,0,730
331119.303207,382848.230398,0,189
330993.4268,382232.71431,0,730
330976.361899,382327.482621,0,513
331118.645805,382847.366069,0,730
331094.793694,382374.333278,0,443
330903.062866,382432.291652,0,506
331224.13499,382388.208483,0,231
330987.963664,382472.790702,0,365
331219.86054,382657.099841,0,566
331151.864319,382336.493439,0,175
331079.845817,382697.82554,0,553
330892.935557,382688.273057,0,521
330776.94636,382742.085867,0,612
330913.931785,382277.453264,0,723
331173.920745,382559.180551,0,229
331251.081888,382532.067263,0,658
331037.85204,382463.67377,0,433
331069.877703,382911.434384,0,730
331000.565435,382536.469221,0,307
331186.473172,382552.116837,0,730
330961.18688,382804.328836,0,400
331140.166194,382737.503059,0,454
331134.61258,382742.974904,0,730
330941.790409,382767.444945,0,80
331256.734699,382461.712584,0,108
330817.251038,382750.187593,0,730
330876.510717,382559.767809,0,730
330845.069334,382474.955281,0,730
330908.451717,382706.805025,0,730
331096.283959,382815.27383,0,538
331023.878112,382344.255558,0,730
330851.567522,382427.6557,0,139
331115.442381,382847.722045,0,617
331189.118534,382476.168039,0,730
330910.958494,382693.392972,0,24
330937.680958,382400.347643,0,431
330758.079288,382883.435559,0,457
330755.183097,382781.76955,0,509
331051.135701,382429.86966,0,730
331027.893137,382786.866284,0,514
331100.992269,382549.375929,0,233
331081.837704,382288.491799,0,455
331115.121676,382468.083768,0,27
330982.42219,382878.031451,0,351
330931.827847,382732.14529,0,730
330806.344359,382608.534788,0,518
331158.516133,382737.545439,0,730
330888.201086,382676.134212,0,479
330763.413725,382713.766774,0,394
331155.121053,382495.68209,0,730
330869.161678,382334.122171,0,684
331058.631025,382364.314829,0,730
330982.860206,382566.842836,0,730
330882.720025,382476.055217,0,730
330965.826855,382504.260902,0,730
330913.229665,382288.383241,0,730
330829.043619,382780.537081,0,649
330793.577125,382634.872504,0,725
331090.157179,382704.496827,0,299
331158.754258,382859.784277,0,588
331106.130371,382934.4966,0,730
330972.991058,382560.99157,0,730
331065.406071,382733.34549,0,730
330761.451494,382825.145279,0,197
331062.329197,382586.599556,0,730
331223.251743,382563.485678,0,230
331203.629857,382654.076556,0,61
331139.175621,382383.80714,0,730
330953.82435,382492.390911,0,730
331168.930316,382643.25222,0,298
331128.310406,382366.923475,0,730
330750.633012,382828.324602,0,131
331212.469142,382626.35376,0,730
330994.055591,382407.64969,0,730
331117.03323,382934.953854,0,59
330766.666461,382792.022759,0,684
331024.321026,382742.64542,0,730
330982.46695,382629.068364,0,643
331061.08219,382206.408215,0,730
330889.172411,382345.955641,0,730
330937.422384,382771.205824,0,306
330771.947246,382677.836,0,730
330986.118002,382199.091559,0,730
330934.345391,382288.289426,0,405
331129.259556,382921.338945,0,620
331176.093606,382605.967777,0,730
331205.973656,382487.828434,0,555
331036.382776,382620.78202,0,438
331198.217843,382428.122799,0,730
331218.07258,382420.190942,0,730
330955.941564,382815.047141,0,230
331238.452154,382623.403692,0,596
331208.887825,382565.104269,0,516
330991.426215,382791.555684,0,90
330702.532806,382902.100604,0,730
330845.903275,382549.340397,0,730
331098.155613,382365.318369,0,730
330874.938451,382785.868357,0,730
331209.793469,382602.498741,0,730
331052.091553,382649.659204,0,730
330939.218619,382813.816105,0,606
330875.860068,382426.354994,0,239
331155.27195,382458.497471,0,493
330895.304215,382261.756625,0,114
331020.541497,382558.358029,0,730
330999.139213,382466.560278,0,706
330947.928959,382806.115469,0,433
331037.922507,382286.114459,0,237
331028.752741,382650.192548,0,453
330891.880324,382459.104434,0,702
330985.039987,382576.591008,0,730
331111.69945,382851.871618,0,159
331127.736839,382757.387037,0,502
330887.049332,382695.003324,0,730
330830.449675,382683.050021,0,641
331189.023821,382621.227072,0,730
331143.603759,382569.056361,0,730
331031.53375,382358.1815,0,617
331133.583189,382508.034368,0,610
330815.227387,382600.668865,0,730
331018.438245,382371.878415,0,45
330999.050032,382367.660896,0,730
330977.550175,382365.83385,0,137
331092.168745,382927.14436,0,296
330943.481014,382411.750481,0,609
330980.162538,382841.507558,0,611
330782.147641,382717.048485,0,540
331160.09468,382894.328189,0,69
330720.504005,382972.20661,0,730
330820.92396,382785.216116,0,730
330898.612787,382481.066773,0,644
330950.111685,382210.772997,0,730
331004.041839,382805.531685,0,730
331230.904544,382581.045363,0,730
331005.660483,382889.826127,0,730
331247.938586,382435.208237,0,730
331088.810373,382752.570214,0,730
330729.284318,382859.873016,0,373
330924.297426,382202.26791,0,518
330890.63938,382417.441653,0,730
331081.634958,382279.297808,0,386
331061.583557,382672.620452,0,29
331118.48527,382711.140312,0,730
331120.964555,382827.422391,0,730
331107.995966,382716.926298,0,730
330987.35728,382430.436177,0,730
331177.970783,382480.026018,0,691
330898.290081,382312.802019,0,273
330928.612117,382339.5518,0,657
331132.901492,382429.600734,0,730
331075.069626,382355.205906,0,730
331014.455769,382283.265751,0,730
331039.511012,382583.32623,0,730
331269.89588,382491.119963,0,730
330988.421962,382877.523962,0,419
330839.859459,382721.426737,0,730
331068.186709,382626.167532,0,730
331074.517482,382795.694015,0,730
331011.704979,382294.502783,0,671
330860.360636,382526.314886,0,649
330980.473152,382735.057908,0,730
331017.393995,382218.260761,0,663
331116.368345,382288.545131,0,248
330945.952814,382329.825855,0,730
330961.185151,382614.49792,0,730
330727.53473,382860.485452,0,730
331190.473139,382532.986515,0,401
331050.824348,382603.245025,0,491
330975.279287,382674.826948,0,730
331118.166093,382557.560046,0,168
330848.287386,382422.518802,0,730
330994.273471,382220.432676,0,730
330957.135243,382851.023071,0,678
331114.263552,382910.204883,0,173
331027.614059,382354.219534,0,321
330829.62098,382760.845385,0,237
331232.472135,382453.852732,0,490
330699.151247,382958.139771,0,730
331150.172131,382662.420836,0,329
331159.792561,382738.72194,0,268
331156.624827,382578.579534,0,730
331206.414149,382496.761022,0,332
331113.668585,382542.292846,0,17
330962.578296,382535.963907,0,730
331157.306954,382501.932884,0,730
331057.657319,382550.842432,0,652
331060.894294,382538.950207,0,730
331049.544111,382460.278012,0,730
330905.593806,382631.87135,0,730
331221.36809,382389.165433,0,730
331110.251521,382448.38552,0,730
331130.911388,382405.514957,0,499
331209.473754,382655.950026,0,346
331111.494724,382467.849865,0,222
330871.455037,382771.626214,0,730
330998.596522,382433.838544,0,730
330976.879034,382484.203302,0,250
331165.859716,382810.749047,0,730
331212.026284,382610.06461,0,730
330979.482065,382229.893017,0,730
330942.863977,382607.621139,0,445
331069.950671,382630.425908,0,442
330721.131635,382892.11044,0,730
331089.788941,382677.562197,0,730
331178.194334,382376.349381,0,730
330969.795478,382255.160988,0,366
331085.918523,382749.567854,0,371
330919.220675,382307.866385,0,730
330948.106972,382553.114665,0,730
331011.735048,382590.370953,0,84
330871.996937,382436.196094,0,730
330933.86065,382320.416884,0,560
331046.160154,382650.428465,0,730
331063.134748,382687.489923,0,256
331120.010278,382487.682687,0,730
331052.3764,382535.932613,0,730
330862.844592,382700.620653,0,650
331140.993683,382602.287849,0,487
330779.219427,382751.908731,0,730
331014.69887,382513.492869,0,128
330899.365717,382443.428982,0,730
330957.363115,382723.47606,0,115
330888.446005,382460.668143,0,730
331136.286339,382740.404824,0,25
330780.428187,382770.261906,0,380
330893.135007,382442.835543,0,730
330919.16707,382283.302458,0,557
330989.981293,382795.686279,0,730
331205.48171,382376.989616,0,730
331099.887938,382790.317409,0,336
331191.506323,382596.908222,0,34
331067.322834,382589.762628,0,513
331111.515279,382280.68984,0,730
330929.141732,382439.741457,0,177
331116.299002,382500.235446,0,198
331023.78062,382783.730854,0,426
330834.827768,382545.008637,0,730
330842.655175,382591.903426,0,730
330768.648923,382726.433912,0,730
331150.921449,382418.466538,0,75
