326117.322821,377360.405696,0,730
326382.071716,377637.042713,0,730
326485.758496,377429.214921,0,730
326615.349311,377634.271991,0,730
326624.826077,377451.574913,0,730
326589.442499,375730.923162,0,730
326615.962837,377374.296709,0,730
326784.975692,377560.526565,0,730
326615.001332,375712.973056,0,730
326574.287842,377506.625526,0,730
326473.974515,377743.69889,0,730
326788.281282,376838.895964,0,730
326118.229061,377482.72299,0,730
326540.564804,377479.221046,0,730
326618.771449,376149.199182,0,730
326807.872091,377243.38837,0,730
326488.698287,377530.415378,0,730
326503.022959,377640.005306,0,730
326767.541575,377026.501792,0,730
326786.281575,377076.063751,0,730
326790.921158,377575.845332,0,730
326645.833128,376264.800803,0,730
326764.467825,377402.550545,0,730
326112.811124,377603.279114,0,730
326770.390097,376829.085386,0,730
326659.795783,376042.914501,0,730
326045.063763,377388.375791,0,730
326737.226315,377594.697703,0,730
326555.685459,377696.22772,0,730
326599.081639,375887.93487,0,730
326115.685965,377669.614544,0,730
326600.713122,375722.004922,0,730
326596.317154,375938.08762,0,730
326022.57179,377249.934915,0,730
326722.672668,376903.124954,0,730
326141.540181,377537.437255,0,730
326577.262543,375751.907485,0,730
326370.621095,377663.274579,0,730
326793.133959,377426.236484,0,730
326689.081823,376440.527899,0,730
326488.528478,377427.738913,0,730
326804.745819,377098.060827,0,730
326351.537902,377740.390962,0,730
326649.329058,377525.21044,0,730
326728.31815,376914.111598,0,730
326495.75111,377659.202131,0,730
326760.948428,376793.281269,0,730
326044.16841,377321.282693,0,730
326294.02896,377599.123131,0,730
326805.080301,377353.84262,0,730
326053.911765,377450.781023,0,730
326715.62835,376774.857469,0,730
326099.354784,377315.985935,0,730
326203.998452,377414.011047,0,730
326635.932872,377532.738697,0,730
326360.981864,377705.176708,0,730
326586.738258,375933.093072,0,730
326690.576348,376390.054031,0,730
326640.297001,375876.753696,0,730
326428.744336,377759.188943,0,730
326634.483498,376037.199815,0,730
326033.210084,377419.956598,0,730
326246.497657,377549.60866,0,730
326109.677825,377537.840379,0,730
326632.514519,376062.115033,0,730
326797.270831,376970.691074,0,730
326490.859544,377688.299446,0,730
325952.126089,377455.450331,0,730
326596.233391,377448.293002,0,730
326561.097147,375692.109157,0,730
326078.590635,377378.596874,0,730
326051.644829,377285.147963,0,730
326468.249108,377729.221396,0,730
326242.353127,377711.789061,0,730
326447.478017,377515.4006,0,730
326229.33725,377649.82728,0,730
326306.822144,377619.840329,0,730
326643.797405,375877.62402,0,730
326810.611922,377298.646251,0,730
326314.502973,377663.622977,0,730
326459.293248,377679.513018,0,730
326576.975574,375710.242624,0,730
326188.7224,377401.967198,0,730
326134.318402,377586.476877,0,730
326716.395927,376583.824029,0,730
326243.903333,377488.381086,0,730
326067.745547,377328.24873,0,730
326630.495946,375759.544065,0,730
326334.409854,377572.519375,0,730
326493.547781,377514.547119,0,730
326610.678747,376050.534613,0,730
326676.853904,377651.256694,0,730
326734.895069,377451.743138,0,730
326486.461175,377682.941701,0,730
326034.242887,377449.655551,0,730
326548.30607,377385.704799,0,730
326213.622718,377606.695335,0,730
326632.508313,377405.490529,0,730
326720.897253,377557.298207,0,730
326627.392846,377576.312418,0,730
326660.04033,376288.255487,0,730
326246.45001,377437.374057,0,730
326044.520092,377526.138379,0,730
326441.998132,377580.436933,0,730
326077.997707,377459.110908,0,730
326632.856862,375754.696604,0,730
326407.229542,377733.071947,0,730
326552.050047,377372.303774,0,730
326459.568942,377643.46204,0,730
326142.75421,377571.451808,0,730
326581.12096,375808.753138,0,730
326753.692905,377167.168802,0,730
326549.142984,377577.813191,0,730
326350.411449,377643.453573,0,730
326611.607511,377573.206961,0,730
326608.879085,377507.228269,0,730
326778.302368,377531.710046,0,730
326624.982507,376031.358556,0,730
326320.762734,377527.53924,0,730
326606.787949,377375.589826,0,730
326414.361052,377676.770666,0,730
326178.555546,377401.75082,0,730
326488.867782,377726.005388,0,730
326196.590007,377651.516988,0,730
326093.91162,377464.907405,0,730
326492.021558,377551.132444,0,730
326583.480723,377471.965356,0,730
326474.992596,377479.619508,0,730
326373.282605,377694.740143,0,730
326740.124108,377458.895812,0,730
326617.391205,375996.18673,0,730
326275.688081,377515.90007,0,730
326091.34019,377338.838006,0,730
326752.554832,377428.933074,0,730
326689.881363,376537.227808,0,730
326605.665449,375969.77106,0,730
326415.186195,377606.659724,0,730
326630.90476,376202.992783,0,730
326750.976126,377537.635489,0,730
326498.02927,377428.873524,0,730
326683.360382,376279.026,0,730
326743.131047,377126.318479,0,730
326755.196454,377073.69388,0,730
326123.929685,377667.540609,0,730
326085.72679,377466.959297,0,730
326496.405603,377702.426274,0,730
326459.202565,377612.08515,0,730
326585.371582,377562.777459,0,730
326032.019951,377483.810227,0,730
326378.326985,377629.199318,0,730
326624.07826,377420.303625,0,730
326805.785973,377471.854834,0,730
326162.663147,377542.202078,0,730
326631.699741,376220.769727,0,730
326701.25545,376586.101709,0,730
326597.89514,377604.594291,0,730
326609.13398,375809.559289,0,730
326094.018334,377265.781284,0,730
326644.375765,377351.039856,0,730
326792.069169,377453.82387,0,730
326267.693336,377597.083615,0,730
326647.164149,377602.757254,0,730
326057.64152,377304.62832,0,730
326481.745907,377669.610562,0,730
325959.117132,377469.115775,0,730
326165.752824,377473.268157,0,730
326652.640385,376037.957463,0,730
326639.657602,377357.726734,0,730
326701.382886,377434.146235,0,730
326670.96444,376560.421732,0,730
326676.129771,376118.017634,0,730
326139.433964,377465.29367,0,730
326541.121602,377647.513593,0,730
326655.784469,377354.130724,0,730
326798.488575,377514.473274,0,730
326521.773797,377697.833375,0,730
326400.059522,377600.19188,0,730
326768.695237,377121.454763,0,730
326681.866801,376568.335555,0,730
326031.561482,377429.10676,0,730
326555.246357,377560.051333,0,730
326278.392935,377639.422987,0,730
326744.686923,376966.001673,0,730
326166.547709,377354.568229,0,730
326750.495217,377461.190546,0,730
326793.270129,376845.675151,0,730
326213.260034,377539.488803,0,730
326613.796614,377663.186573,0,730
326630.430083,377667.276732,0,730
326221.473154,377591.662894,0,730
326080.101791,377370.653301,0,730
326595.080223,375984.374572,0,730
326757.742043,376781.455349,0,730
326804.627999,377437.230979,0,730
326608.813798,376086.913203,0,730
326623.848647,377641.056538,0,730
326392.44528,377576.50859,0,730
326020.468969,377470.406694,0,730
326191.724458,377506.125349,0,730
326660.249817,376138.620358,0,730
326744.966671,376866.400685,0,730
326680.099993,377478.025645,0,730
326183.09006,377594.678043,0,730
326327.20278,377582.289676,0,730
326599.178381,375699.93674,0,730
326533.580055,377520.289936,0,730
326636.789919,376227.956851,0,730
326114.351445,377279.574799,0,730
326761.416899,376913.314547,0,730
326128.654416,377481.03501,0,730
326728.664808,376958.635821,0,730
326004.509385,377395.450472,0,730
326074.322523,377245.547572,0,730
326777.893375,376967.659181,0,730
326557.959722,377545.408638,0,730
325944.483227,377474.017815,0,730
326587.645814,377531.218671,0,730
326719.71992,377425.117884,0,730
326604.609193,375930.156609,0,730
326049.690464,377461.118865,0,730
326634.810456,376300.739399,0,730
326451.266653,377762.547418,0,730
326736.816549,377352.246001,0,730
326774.814222,377432.454473,0,730
326032.866081,377315.836801,0,730
326523.511711,377433.930564,0,730
326644.809477,376382.893982,0,730
326785.006564,377008.230158,0,730
326303.691502,377552.07959,0,730
326617.53032,376069.778565,0,730
326385.967898,377739.752845,0,730
326062.050979,377545.28606,0,730
326458.522221,377740.79756,0,730
326729.12262,376922.972128,0,730
326179.326581,377678.718563,0,730
326705.628494,377538.740903,0,730
326737.39233,377405.395829,0,730
326792.813943,376851.699901,0,730
326614.176199,377682.979705,0,730
326613.837755,376098.716417,0,730
326483.679296,377761.65463,0,730
326726.190101,376919.64271,0,730
326764.549395,377353.821118,0,730
326225.855709,377663.204035,0,730
326662.826859,376288.294327,0,730
326208.930954,377703.232002,0,730
326644.695301,375871.358082,0,730
326769.323282,377559.617307,0,730
326779.339173,376961.646414,0,730
326668.146006,376281.474367,0,730
326698.159804,376718.983637,0,730
326630.171611,376239.446998,0,730
326807.357844,377454.938276,0,730
326274.922693,377488.043153,0,730
326173.826629,377571.569818,0,730
326363.676113,377669.575528,0,730
326424.69424,377612.002271,0,730
326504.852535,377624.985432,0,730
326738.643502,377400.415537,0,730
326634.71854,377632.26295,0,730
326398.529801,377577.94016,0,730
326319.63775,377573.665207,0,730
326259.462156,377690.725486,0,730
326287.162045,377496.654209,0,730
326155.676851,377640.272827,0,730
326788.177271,377365.334759,0,730
326115.593078,377449.099685,0,730
326230.563511,377618.721165,0,730
326612.853793,377565.359798,0,730
326353.424488,377523.271096,0,730
326467.623879,377493.653671,0,730
326128.442788,377541.764294,0,730
326677.803048,377451.225343,0,730
326123.221482,377497.994415,0,730
326605.666873,377395.164675,0,730
326222.672278,377565.573821,0,730
326759.435382,376844.383767,0,730
326284.142097,377537.79264,0,730
326138.652424,377421.209052,0,730
326097.656744,377306.568261,0,730
326220.542802,377640.553536,0,730
326720.95413,376737.402217,0,730
326722.015314,376769.944056,0,730
326790.944775,376993.735494,0,730
326582.121143,375689.003659,0,730
326689.323254,376355.207969,0,730
326741.402912,377365.740548,0,730
326032.361627,377497.421897,0,730
326696.787826,376548.781043,0,730
326260.172261,377485.796066,0,730
326763.053422,377342.498664,0,730
326002.370853,377409.146812,0,730
326713.395386,376793.882783,0,730
326320.425342,377707.887505,0,730
326260.048491,377741.798486,0,730
326674.767711,377591.585697,0,730
326241.413032,377638.788886,0,730
326078.46563,377461.88261,0,730
326563.559663,377362.752827,0,730
326567.405706,377369.690271,0,730
326657.15113,376158.011833,0,730
326270.260359,377705.355609,0,730
326768.622153,377600.63743,0,730
326585.980447,375791.952704,0,730
326665.86877,377557.545222,0,730
326211.800164,377377.981445,0,730
326737.621137,376781.230508,0,730
326676.422243,377366.094941,0,730
326221.689689,377539.216466,0,730
326664.084057,376063.472306,0,730
326700.034359,376672.129867,0,730
326662.023263,377412.974027,0,730
326675.947306,377503.267266,0,730
326500.968037,377607.190537,0,730
326659.544463,376275.487988,0,730
326649.86492,377447.118835,0,730
326813.057934,377477.757178,0,730
326325.875584,377755.906108,0,730
326737.651479,377378.734509,0,730
326522.325187,377596.075336,0,730
326345.59378,377664.221555,0,730
326676.363082,376339.567693,0,730
326121.145254,377447.557666,0,730
326701.178256,376512.537693,0,730
326709.608998,376863.12332,0,730
326427.459404,377586.198695,0,730
326606.235777,377413.68196,0,730
326687.654432,377514.9641,0,730
326717.498202,376813.267458,0,730
326144.593644,377389.355524,0,730
326614.460934,376054.677984,0,730
326118.800997,377439.177271,0,730
326013.427276,377208.772879,0,730
326201.681793,377454.947933,0,730
326690.650331,377451.465084,0,730
326628.305135,375709.580412,0,730
326565.534042,375786.39314,0,730
326591.140443,375906.252568,0,730
326102.530003,377446.354871,0,730
326793.336582,377237.592548,0,730
326646.360392,375861.622395,0,730
326579.329599,375709.876237,0,730
326239.946596,377557.380946,0,730
326692.853897,376126.505432,0,730
326403.891421,377743.127391,0,730
326682.236809,377642.13699,0,730
326717.25398,377573.167874,0,730
326265.013395,377493.173173,0,730
326118.513762,377698.509726,0,730
326629.186985,377651.198168,0,730
326088.861149,377429.238415,0,730
326047.04064,377356.180782,0,730
326785.552186,377512.37208,0,730
326597.887362,375679.735385,0,730
326301.674664,377501.241109,0,730
326024.7137,377494.932436,0,730
326119.055834,377682.393622,0,730
325974.719125,377486.074549,0,730
326636.194303,377634.887473,0,730
326548.51058,377696.309064,0,730
326114.938158,377468.009388,0,730
326520.327042,377698.518788,0,730
326077.920923,377578.923165,0,730
326488.929536,377748.80746,0,730
326390.855911,377606.978281,0,730
326616.730107,375842.92031,0,730
326387.767951,377581.743852,0,730
326448.755195,377695.519469,0,730
326700.292259,377433.914183,0,730
326252.871367,377647.770889,0,730
326436.29277,377575.229203,0,730
326243.303123,377532.640943,0,730
326526.526777,377437.730623,0,730
326348.969352,377569.814168,0,730
326586.216176,375716.879012,0,730
326032.218043,377440.571438,0,730
326711.467794,377356.167139,0,730
326723.36711,376623.988201,0,730
326516.657051,377443.111289,0,730
326267.611928,377652.914117,0,730
326317.329712,377695.915546,0,730
326614.334583,377451.691361,0,730
326618.06332,377585.600035,0,730
326592.036519,375737.573084,0,730
326658.381958,376319.235323,0,730
326632.010791,377531.137812,0,730
326478.621476,377733.700551,0,730
326625.044759,376178.044277,0,730
326733.397174,377572.095297,0,730
326423.357725,377675.200187,0,730
326468.785885,377527.883143,0,730
326271.091488,377605.896634,0,730
326499.241832,377402.092006,0,730
326751.678914,377169.373303,0,730
326771.435101,377203.102804,0,730
326436.478009,377732.536575,0,730
326575.969737,377658.915771,0,730
326668.158059,376243.007127,0,730
326678.733687,376270.595172,0,730
326155.717217,377484.331075,0,730
326662.826989,376399.395548,0,730
326447.267517,377751.119089,0,730
326109.148834,377515.77123,0,730
325966.193153,377435.938779,0,730
326778.378757,376807.383552,0,730
326715.228764,377374.638633,0,730
326465.3601,377537.058194,0,730
326582.711662,377617.831546,0,730
326689.715385,376143.93984,0,730
325987.659908,377497.261258,0,730
326706.679314,377562.608942,0,730
326014.003989,377381.506379,0,730
326730.423208,376725.213347,0,730
326683.504908,377374.325083,0,730
326425.330579,377744.172039,0,730
326706.451172,376633.541624,0,730
326294.985863,377645.7353,0,730
326621.235911,377521.666288,0,730
326706.546722,377522.606645,0,730
326570.296839,375683.112257,0,730
326594.160348,375818.366173,0,730
326644.490277,375885.976234,0,730
326520.6735,377633.495934,0,730
326784.561675,377435.063817,0,730
326106.222944,377342.744488,0,730
326732.90272,376908.725906,0,730
326638.951091,377362.097455,0,730
326615.40194,377459.295424,0,730
326665.235866,377660.726908,0,730
326739.404043,376931.509473,0,730
326252.256663,377626.999635,0,730
326114.364237,377404.401837,0,730
326670.270676,377547.170971,0,730
326260.183843,377579.806057,0,730
326242.674894,377544.388594,0,730
326508.717173,377579.525474,0,730
326566.81825,375727.84961,0,730
326677.049675,377516.795515,0,730
326516.27597,377575.068353,0,730
326731.281686,377009.173982,0,730
326543.081935,377579.595053,0,730
326539.460384,377652.265054,0,730
326191.124331,377569.524847,0,730
326726.937077,376625.76618,0,730
326090.962263,377582.43701,0,730
326283.688957,377476.214962,0,730
326098.817524,377418.70708,0,730
326340.273737,377694.978237,0,730
326585.679798,377580.678053,0,730
326644.031406,375992.243942,0,730
326164.360542,377581.058183,0,730
326540.550695,375667.895384,0,730
326129.665459,377329.246194,0,730
326660.527497,376230.714684,0,730
326711.899925,376620.317544,0,730
326414.135135,377583.15279,0,730
326631.05339,375822.734101,0,730
326160.236672,377428.964363,0,730
326097.028344,377548.004152,0,730
326529.052434,377557.18487,0,730
326009.118689,377409.712292,0,730
326627.711517,376054.898326,0,730
325957.434939,377420.079509,0,730
326641.599872,377600.45476,0,730
326547.67356,377426.790295,0,730
326390.714655,377558.208098,0,730
326715.449091,376560.572376,0,730
326152.536195,377514.294019,0,730
326141.664587,377395.5103,0,730
326569.237875,375711.45456,0,730
326654.895788,377506.912114,0,730
326332.889396,377579.583354,0,730
326747.868734,377470.323747,0,730
326785.283086,377459.235626,0,730
326220.234137,377603.473199,0,730
326175.361345,377382.482386,0,730
326570.651008,375676.006253,0,730
326306.327213,377713.376682,0,730
326733.576385,377571.002285,0,730
326516.151711,377666.867561,0,730
326742.225602,376903.894441,0,730
326311.342595,377618.404193,0,730
326500.03473,377434.318845,0,730
326148.763172,377704.185601,0,730
326122.607681,377444.293597,0,730
326583.258118,375811.872864,0,730
326636.867374,375842.561861,0,730
326160.664028,377543.258318,0,730
326714.807428,376841.539395,0,730
326808.039997,377359.67392,0,730
326113.3606,377324.545396,0,730
326737.377151,376967.613543,0,730
326519.364266,377509.982317,0,730
326456.844652,377751.716579,0,730
326770.830216,376907.409935,0,730
326711.901577,376775.999221,0,730
326387.438003,377589.2223,0,730
326481.225651,377601.376649,0,730
326586.158864,377592.149839,0,730
326489.372923,377603.490883,0,730
326616.005897,375744.29402,0,730
326502.770335,377490.141546,0,730
326352.240093,377705.044197,0,730
326086.838186,377353.160523,0,730
326790.348221,377284.496042,0,730
326731.283047,376708.144431,0,730
326112.647176,377691.63353,0,730
326492.104781,377744.612718,0,730
326690.374603,376421.760053,0,730
326219.428221,377552.971202,0,730
326694.207914,377346.941913,0,730
326567.89992,377497.615164,0,730
326728.667245,377590.224919,0,730
326685.779162,377520.051573,0,730
326569.55751,377686.594165,0,730
326022.425781,377217.296022,0,730
326741.235371,377571.687111,0,730
326590.53904,375778.059674,0,730
326078.14003,377515.6652,0,730
326628.270779,377470.568689,0,730
326678.522141,377411.193504,0,730
326571.029506,375768.234314,0,730
326765.495898,377165.385097,0,730
326593.046381,377577.538394,0,730
326603.115518,375816.250513,0,730
326312.657479,377550.740786,0,730
326579.689084,377543.046091,0,730
326397.34478,377755.251054,0,730
326689.194546,376567.111965,0,730
326378.347652,377671.350483,0,730
326761.928901,377461.38441,0,730
326570.850166,377633.678168,0,730
326306.867975,377582.407605,0,730
326349.888323,377668.149515,0,730
326160.270365,377418.657438,0,730
326428.2055,377725.453549,0,730
326605.915928,375795.393693,0,730
326138.003291,377354.651442,0,730
326773.027843,377062.920349,0,730
326613.585912,376026.226339,0,730
326001.664104,377407.450903,0,730
326355.462091,377626.203514,0,730
326166.119394,377580.055584,0,730
326578.924134,375701.729528,0,730
326349.866595,377553.435488,0,730
325988.905557,377418.858431,0,730
326761.569553,377202.506835,0,730
326597.223367,377704.755622,0,730
326154.155031,377564.578952,0,730
326385.546295,377660.324466,0,730
326140.268705,377394.686402,0,730
326465.801125,377542.548746,0,730
326249.908265,377501.674533,0,730
326270.605116,377666.760226,0,730
326140.076872,377528.476247,0,730
326280.448016,377492.821747,0,730
326040.623334,377229.873676,0,730
326250.392189,377520.680912,0,730
326751.381231,377109.162811,0,730
326260.576525,377616.106614,0,730
326616.621308,375704.263033,0,730
326514.054275,377643.579013,0,730
326636.42469,377387.917024,0,730
326128.038624,377423.273265,0,730
326745.513645,377041.513269,0,730
326744.636888,376945.517716,0,730
326756.159785,377362.638227,0,730
326256.248337,377542.500107,0,730
326649.842899,376267.12594,0,730
326589.102371,377623.43982,0,730
326764.538492,377000.124436,0,730
326678.825679,377448.474479,0,730
326200.200339,377416.216373,0,730
326291.45841,377518.749711,0,730
326133.984646,377526.490305,0,730
326720.188139,377539.683798,0,730
326628.870196,376196.12805,0,730
326778.153486,377171.34273,0,730
326700.229385,377453.538129,0,730
326183.739404,377577.797522,0,730
326011.189033,377420.166927,0,730
326802.50888,377380.667694,0,730
326068.653195,377551.893836,0,730
326306.658659,377597.301286,0,730
326190.440741,377581.535743,0,730
326084.917324,377279.715733,0,730
326721.500857,376907.400047,0,730
326607.935387,375866.772361,0,730
326661.336338,375697.904083,0,730
326080.72405,377383.630793,0,730
326022.947298,377433.551928,0,730
326602.502651,375977.328151,0,730
326778.485906,376825.558982,0,730
326367.846661,377597.474579,0,730
326652.814416,375928.234435,0,730
326745.860716,376910.325421,0,730
326613.65008,377500.178806,0,730
326379.252836,377638.659806,0,730
326307.208628,377560.853214,0,730
326300.542883,377665.643513,0,730
326696.691333,376511.1143,0,730
326757.208632,376971.890294,0,730
326556.345062,377510.038938,0,730
326548.283453,377645.253665,0,730
326785.209949,376928.142396,0,730
326615.910477,375748.383586,0,730
326181.442238,377655.379933,0,730
326213.524478,377644.943252,0,730
326009.673563,377237.339988,0,730
326523.79423,377394.256052,0,730
326565.766958,377569.115162,0,730
326714.924444,376829.449508,0,730
326126.254149,377548.185793,0,730
325994.57753,377199.363256,0,730
326122.32941,377546.763664,0,730
326707.919628,376734.632653,0,730
326519.874332,377503.379098,0,730
326257.106956,377729.528383,0,730
326085.096093,377434.750404,0,730
326549.045272,377548.658441,0,730
326602.993115,377575.41585,0,730
326752.156739,377179.65101,0,730
326572.930853,375715.136928,0,730
326698.644955,376429.236339,0,730
326633.249832,376076.188442,0,730
326757.311771,376905.669801,0,730
326690.293661,376361.404626,0,730
326447.327842,377783.410825,0,730
326604.749681,377610.931012,0,730
326188.529466,377436.890322,0,730
326774.495632,377363.583964,0,730
326649.469423,377623.717789,0,730
326617.987536,377655.338898,0,730
326315.193899,377752.973721,0,730
326554.734106,377554.512628,0,730
326676.193048,377396.98372,0,730
326752.134324,376827.229037,0,730
325958.118302,377438.266064,0,730
326606.898115,377419.709999,0,730
326229.535427,377603.536671,0,730
326358.763978,377600.110614,0,730
326038.002952,377427.601748,0,730
326329.295055,377567.206958,0,730
326242.188496,377657.93194,0,730
326769.325859,376971.156077,0,730
326254.366482,377664.639823,0,730
326065.828409,377264.179103,0,730
326296.068038,377756.573773,0,730
326136.904999,377448.85217,0,730
326274.978193,377574.290726,0,730
326307.763134,377566.487451,0,730
326585.646112,375698.88482,0,730
326702.42238,376803.527967,0,730
326421.701658,377744.502912,0,730
326638.911472,376251.94733,0,730
326121.77239,377658.579491,0,730
326312.890121,377641.266027,0,730
326802.017952,377189.154035,0,730
326222.268913,377441.954733,0,730
326742.488614,376842.75855,0,730
326137.35434,377623.279903,0,730
326648.865323,377479.789986,0,730
326178.347749,377463.152037,0,730
326627.144476,375988.359101,0,730
326103.410307,377426.523361,0,730
325942.062984,377492.235582,0,730
326722.157041,377578.254863,0,730
325959.799323,377457.026877,0,730
326782.857016,377024.15426,0,730
326761.18681,377591.343837,0,730
326766.598702,376979.533902,0,730
326468.681422,377462.285205,0,730
326729.327511,376748.042256,0,730
326275.513524,377544.763711,0,730
326061.223496,377461.409603,0,730
326675.383547,376615.395006,0,730
326774.021057,377446.249802,0,730
326614.405977,377622.846172,0,730
326632.805451,376289.092296,0,730
326562.81998,377516.124087,0,730
326650.383604,377413.204021,0,730
326533.863495,377567.016881,0,730
326711.997958,376491.00069,0,730
326513.285928,377684.110662,0,730
326709.77711,376532.229938,0,730
326645.765095,375857.144842,0,730
326340.843535,377634.427004,0,730
326199.103156,377537.057468,0,730
326092.85039,377384.690451,0,730
326726.277643,377349.683827,0,730
326110.0223,377413.663251,0,730
326133.676634,377347.947123,0,730
326218.939066,377610.754421,0,730
326714.299787,376546.197449,0,730
325983.470414,377480.563074,0,730
326149.198341,377572.464498,0,730
326507.156137,377603.144122,0,730
326370.107231,377640.781943,0,730
326314.930538,377605.009916,0,730
326661.330528,377525.908723,0,730
326560.179715,375676.247888,0,730
326306.619479,377608.947469,0,730
326668.916124,376105.582363,0,730
326186.310601,377483.55044,0,730
326751.727612,377153.100703,0,730
326223.297383,377528.844216,0,730
326794.283594,377006.157234,0,730
326589.278103,377426.91307,0,730
326696.035846,376753.748442,0,730
326781.751509,377424.465359,0,730
326254.492869,377435.24645,0,730
326051.0588,377541.784341,0,730
326329.165726,377711.221903,0,730
326031.517583,377385.240551,0,730
326041.531098,377522.773293,0,730
326325.113515,377715.451136,0,730
326104.260719,377375.978475,0,730
326698.060025,376639.164578,0,730
326645.141902,375741.399861,0,730
326237.542432,377433.925217,0,730
326413.30613,377767.41766,0,730
326018.944198,377458.662329,0,730
326678.423368,377554.506466,0,730
326002.685237,377460.215888,0,730
326775.514,377341.564914,0,730
326804.607349,377109.949687,0,730
326611.802815,377428.033302,0,730
326644.656029,376165.618127,0,730
326465.05098,377667.279452,0,730
326116.321031,377493.294015,0,730
326699.979814,377461.004277,0,730
326012.251238,377421.886836,0,730
326322.876291,377524.121709,0,730
326129.760694,377326.459024,0,730
326496.194669,377465.124287,0,730
326655.860302,377422.198867,0,730
326655.714007,377637.105784,0,730
326052.233399,377251.269648,0,730
326708.128088,376853.852989,0,730
326720.220495,376793.793708,0,730
326693.149393,376689.73302,0,730
326698.079444,376710.681985,0,730
326649.406349,376169.023785,0,730
326632.657356,375790.505074,0,730
326659.63085,376115.3349,0,730
326656.189182,376125.744175,0,730
326397.506823,377659.331185,0,730
326731.68339,376872.525015,0,730
326590.453805,375897.581683,0,730
326531.842081,377488.075316,0,730
326115.681156,377302.794322,0,730
326304.642225,377565.288383,0,730
325971.99545,377186.099203,0,730
326545.411416,377537.301437,0,730
326627.292193,377358.126617,0,730
326714.385723,376698.171165,0,730
326718.035122,376666.626421,0,730
326230.305899,377439.486694,0,730
326591.466595,377657.927411,0,730
326717.70326,376589.538979,0,730
325980.46856,377407.358144,0,730
326799.325683,377058.132728,0,730
326745.777867,376847.10732,0,730
326304.644236,377569.706651,0,730
326657.032064,376017.533703,0,730
326271.339481,377743.610102,0,730
326049.437719,377526.659326,0,730
326748.481874,377442.550378,0,730
326146.101918,377627.180277,0,730
326136.309428,377529.957882,0,730
326105.365872,377564.464335,0,730
326198.914356,377496.44907,0,730
326783.903983,376893.451659,0,730
326803.488656,377478.277352,0,730
326006.906068,377380.875239,0,730
326621.626014,376189.277312,0,730
326423.053827,377573.481769,0,730
326388.114642,377624.021217,0,730
326602.030204,375948.534906,0,730
326205.417198,377506.741227,0,730
326402.010273,377580.248491,0,730
326732.335046,377036.952489,0,730
326068.456165,377554.350312,0,730
326648.787598,376379.937643,0,730
326180.305034,377457.877542,0,730
326609.951681,377488.989791,0,730
326553.518388,377464.695426,0,730
326584.020835,375908.32293,0,730
326270.431236,377560.663443,0,730
326660.524263,377362.209712,0,730
326733.066251,377040.11554,0,730
326766.204394,377120.380583,0,730
326668.499552,376257.274952,0,730
326644.318558,375699.285039,0,730
326103.883426,377453.399934,0,730
326676.667182,376096.34497,0,730
326746.802028,377590.507889,0,730
326636.502277,375930.043111,0,730
326123.492354,377534.170155,0,730
326727.212623,376620.020974,0,730
326687.550019,377417.009317,0,730
326746.060741,376739.174891,0,730
326331.310724,377661.633659,0,730
326655.453584,376060.307051,0,730
326678.619918,376606.776855,0,730
326553.158936,377417.384801,0,730
326546.911495,377506.301898,0,730
326115.278212,377652.15888,0,730
326103.792051,377574.343568,0,730
326038.483583,377387.158693,0,730
326529.087681,377370.406778,0,730
326341.103671,377515.173567,0,730
326068.59356,377437.449599,0,730
326785.044184,377479.056377,0,730
326506.774782,377729.062093,0,730
326687.224594,377416.508477,0,730
326562.436575,377666.874005,0,730
325994.977062,377426.573356,0,730
326203.060453,377400.825689,0,730
326318.239615,377747.729481,0,730
326166.859599,377667.688572,0,730
326505.207108,377620.551198,0,730
326026.498547,377463.30936,0,730
326416.931779,377590.292044,0,730
326479.256574,377691.34551,0,730
326243.037115,377525.516371,0,730
326292.506319,377722.278815,0,730
326121.771386,377570.857136,0,730
325971.712755,377477.188842,0,730
326611.544004,377671.627233,0,730
326348.479209,377682.38175,0,730
326150.345412,377682.014909,0,730
326598.960595,377642.360416,0,730
326688.865402,377534.599238,0,730
326048.316556,377392.262486,0,730
326134.750817,377357.526311,0,730
326604.344296,375918.624432,0,730
326451.970346,377525.314476,0,730
325939.931584,377494.579342,0,730
326463.036592,377616.672043,0,730
326268.391109,377553.303664,0,730
326160.758683,377541.539686,0,730
326073.746115,377360.736117,0,730
326563.777982,375763.070941,0,730
326063.554264,377396.616304,0,730
326219.338389,377668.494368,0,730
326581.970442,375758.147609,0,730
326112.036225,377669.597762,0,730
326511.667194,377452.128997,0,730
326499.489826,377651.770885,0,730
326664.314777,376480.344191,0,730
326600.072742,377543.452336,0,730
326526.738999,377486.280878,0,730
326317.330543,377580.031921,0,730
326203.619401,377666.686595,0,730
326482.836698,377725.519839,0,730
326623.446985,377664.400528,0,730
326116.445573,377329.859747,0,730
325994.591559,377216.241175,0,730
326241.902061,377543.954419,0,730
326051.706614,377358.254732,0,730
326224.465152,377429.901125,0,730
326507.358666,377486.201579,0,730
326377.418478,377692.960545,0,730
326242.785176,377603.812945,0,730
326090.200737,377339.338065,0,730
326618.462059,375845.465013,0,730
326595.998763,377504.203526,0,730
326135.883683,377323.735843,0,730
326811.14768,377452.175655,0,730
326741.76497,377509.888247,0,730
326756.427422,376718.549573,0,730
326490.39925,377730.332755,0,730
325983.751989,377479.04433,0,730
326126.667448,377456.869626,0,730
326331.017314,377501.651685,0,730
326405.781738,377659.504302,0,730
326758.306243,377428.459936,0,730
326595.5796,377605.03368,0,730
326707.395318,377434.151247,0,730
325960.22893,377446.078048,0,730
326076.536047,377586.010758,0,730
326716.784629,377472.250417,0,730
326689.82054,376617.480449,0,730
326446.49617,377781.649661,0,730
326340.251919,377595.225691,0,730
326236.195704,377563.128919,0,730
326648.162758,377464.922826,0,730
326653.307429,376286.418451,0,730
326766.657892,377018.720762,0,730
326060.777482,377474.899094,0,730
326532.473208,377692.57932,0,730
326068.039793,377449.318974,0,730
326332.942465,377585.050987,0,730
326133.47324,377691.060002,0,730
326654.223322,375712.758023,0,730
326587.420247,375735.023663,0,730
326248.006902,377437.045172,0,730
326657.043664,377592.113019,0,730
326053.575474,377512.390533,0,730
326094.211723,377429.464041,0,730
326697.18786,376527.312094,0,730
326397.075503,377607.422813,0,730
326577.805322,375807.03579,0,730
326432.667078,377652.110917,0,730
326154.215447,377620.103361,0,730
326711.354777,376737.509481,0,730
326639.937946,375797.729606,0,730
326066.344844,377454.419749,0,730
326313.268275,377681.050578,0,730
326716.377482,376750.24052,0,730
326755.352639,377500.838404,0,730
326164.04439,377508.768753,0,730
326105.409282,377596.455113,0,730
326329.056936,377733.809386,0,730
326727.740817,376597.608383,0,730
326809.314363,377175.65184,0,730
326672.520976,376076.565744,0,730
326795.997461,377103.039907,0,730
326635.375451,377621.782807,0,730
326709.651459,376662.742161,0,730
326784.403348,377186.376482,0,730
326322.157839,377627.041083,0,730
326772.575393,377177.291073,0,730
326558.817929,375689.306699,0,730
326717.200905,377530.807963,0,730
326173.006925,377586.706494,0,730
326364.201203,377724.678874,0,730
326783.819138,377015.638601,0,730
326294.428621,377599.448015,0,730
326800.387718,377119.850837,0,730
326745.267826,377490.366566,0,730
325983.590153,377502.814807,0,730
326684.675176,376086.048695,0,730
326229.780522,377653.232627,0,730
326363.477382,377713.314733,0,730
326631.070032,376135.740344,0,730
326482.186524,377465.643539,0,730
326120.621489,377628.636658,0,730
326497.240832,377542.789357,0,730
326157.928556,377579.994722,0,730
326123.568784,377586.267867,0,730
326128.191823,377387.334429,0,730
326686.62799,376532.341076,0,730
326597.951856,377615.313523,0,730
326768.797615,377098.099869,0,730
326724.511909,377450.449807,0,730
326110.936486,377701.305794,0,730
326811.694294,377464.880347,0,730
326693.756345,376670.743368,0,730
326470.039184,377665.635101,0,730
326743.134595,377450.067578,0,730
326425.163719,377707.39313,0,730
326064.027619,377350.493108,0,730
326305.301762,377475.657207,0,730
326132.258118,377485.913454,0,730
326726.867381,376876.636007,0,730
326747.68071,376732.096906,0,730
326513.930647,377515.884748,0,730
326580.511524,375824.001712,0,730
326297.914084,377509.49299,0,730
326758.469753,377553.212305,0,730
326044.511556,377450.765117,0,730
326194.059843,377615.282872,0,730
326300.191884,377743.046771,0,730
326580.45844,377687.422602,0,730
326240.439335,377456.682506,0,730
326536.348386,377628.374121,0,730
326628.490592,375802.780049,0,730
326205.871281,377502.641863,0,730
326769.511021,377323.504048,0,730
326241.937024,377637.191358,0,730
326121.09551,377390.574169,0,730
326449.308364,377696.071686,0,730
326376.753437,377589.753106,0,730
326560.469823,377580.972699,0,730
326316.810294,377709.689789,0,730
326044.340191,377492.271469,0,730
326659.37741,376140.441895,0,730
326775.135497,377478.350179,0,730
326623.350893,377417.512486,0,730
325994.915292,377468.586877,0,730
326626.147037,376068.473599,0,730
326139.544263,377415.070907,0,730
326626.22317,376231.363243,0,730
326146.329074,377698.289832,0,730
326712.944663,376533.032274,0,730
326289.505801,377524.737468,0,730
326332.944745,377680.170755,0,730
326273.182137,377681.979301,0,730
325983.965748,377416.009966,0,730
326257.65392,377431.733303,0,730
326031.47462,377543.540694,0,730
326309.789488,377526.340678,0,730
326137.424501,377451.047705,0,730
326174.088826,377644.710349,0,730
326423.121105,377693.28035,0,730
326225.727813,377496.630567,0,730
326607.970398,377433.024253,0,730
326331.140719,377601.570934,0,730
326588.771572,375902.42759,0,730
326628.688815,377414.096953,0,730
326427.551811,377659.795478,0,730
326189.458337,377383.124304,0,730
326665.984363,376123.041375,0,730
326177.119238,377700.519002,0,730
326017.507775,377389.675068,0,730
326510.33706,377571.201243,0,730
326056.235174,377462.973966,0,730
326394.008051,377662.073748,0,730
326280.365494,377574.880326,0,730
326372.365504,377588.572491,0,730
326561.96823,377426.068433,0,730
326569.910325,377682.075708,0,730
326582.493746,377419.068189,0,730
326630.105647,377362.715049,0,730
326781.372316,376864.273725,0,730
326590.185414,377633.382266,0,730
326718.606542,376761.753994,0,730
326278.54736,377507.705815,0,730
326792.072177,377470.829279,0,730
326089.177753,377265.032547,0,730
326608.946944,377612.250658,0,730
326675.742923,376107.584336,0,730
326133.208627,377597.185566,0,730
326020.515401,377230.519938,0,730
326624.188121,377412.770899,0,730
326441.81939,377551.936638,0,730
326805.89853,377417.232827,0,730
326747.360952,376849.69143,0,730
326616.424544,377467.533456,0,730
326008.741897,377259.995738,0,730
326632.76647,375691.691952,0,730
326650.119281,375876.629181,0,730
326589.21581,377586.027354,0,730
326327.994196,377723.436555,0,730
326289.720819,377669.949243,0,730
326271.099269,377464.39881,0,730
326209.901427,377456.955691,0,730
326020.671169,377509.868317,0,730
326062.769586,377390.175112,0,730
325998.67304,377460.724728,0,730
326660.448535,376445.147443,0,730
326124.159856,377532.01312,0,730
326185.011529,377501.88665,0,730
326435.099596,377769.251933,0,730
326492.576236,377508.543567,0,730
326507.857869,377637.925933,0,730
326177.668582,377480.187955,0,730
326764.210963,376822.528123,0,730
326085.51482,377547.966901,0,730
326679.618081,376321.172515,0,730
326620.834908,375867.887694,0,730
326644.668329,377618.991076,0,730
326588.664133,377535.467538,0,730
326177.413071,377510.887538,0,730
326675.912602,377368.105131,0,730
326636.341875,377543.401247,0,730
326242.646576,377651.144893,0,730
326086.19992,377359.625946,0,730
326777.610072,377545.614314,0,730
326568.081411,377447.096064,0,730
326473.114953,377499.715215,0,730
326749.913374,377524.368317,0,730
325999.33399,377220.595544,0,730
326653.0638,377573.266428,0,730
326161.300144,377678.595193,0,730
326339.350395,377546.92166,0,730
326302.174246,377576.603454,0,730
326686.690791,377627.820703,0,730
326011.857186,377413.525925,0,730
326057.034087,377309.441171,0,730
326612.007554,375840.8409,0,730
326181.009129,377630.568436,0,730
326375.356589,377601.459878,0,730
326669.881668,377490.509155,0,730
326222.165086,377460.631341,0,730
326606.062843,375822.124648,0,730
326746.91721,377581.818332,0,730
326657.242767,376061.674879,0,730
326031.581298,377255.711711,0,730
326031.435199,377293.007259,0,730
326058.375925,377235.876448,0,730
326796.492069,377258.214463,0,730
326703.920457,377456.573721,0,730
326775.355314,376934.272442,0,730
326735.525927,376994.743459,0,730
326014.998752,377416.871226,0,730
326671.892308,376108.340901,0,730
326192.987047,377539.136718,0,730
326512.513304,377380.723023,0,730
326618.014654,375977.399865,0,730
326085.413165,377386.376965,0,730
326066.881553,377334.346608,0,730
326662.485349,376062.133364,0,730
326784.13328,377021.426003,0,730
326080.719984,377383.423759,0,730
326241.382151,377696.78159,0,730
326703.53159,376664.852538,0,730
326043.319916,377459.163434,0,730
326526.647523,377529.673802,0,730
326503.413264,377479.109683,0,730
326552.19171,377700.776133,0,730
326087.202613,377294.766462,0,730
326068.325184,377582.169785,0,730
326521.424031,377383.619897,0,730
326070.896424,377534.174555,0,730
326678.394536,376357.113938,0,730
326567.943531,377590.279617,0,730
326786.641688,377282.490222,0,730
326683.211793,377445.635932,0,730
326559.924723,375675.545759,0,730
326569.08617,375670.831989,0,730
326696.672943,376727.620282,0,730
326023.958255,377226.344139,0,730
326506.176348,377709.562439,0,730
326655.858092,376437.624478,0,730
326635.399089,375985.08403,0,730
326647.136164,376160.513159,0,730
326706.06328,376459.301276,0,730
326691.621965,376373.549214,0,730
326456.057505,377539.711015,0,730
326403.57249,377635.445159,0,730
326523.441883,377629.170703,0,730
326308.24821,377573.703043,0,730
326659.799043,376458.611643,0,730
326199.654777,377457.086006,0,730
326083.474515,377558.571685,0,730
326704.432302,376501.977619,0,730
326206.763443,377663.738865,0,730
326619.324736,377527.146646,0,730
326699.527408,377433.412766,0,730
326668.997605,377396.616356,0,730
326748.427199,376918.732957,0,730
326686.536835,376606.201161,0,730
326746.938025,376850.364439,0,730
326759.868404,377357.765864,0,730
326596.663117,375885.432503,0,730
326694.564459,377522.375009,0,730
326800.202898,377027.472171,0,730
326322.324798,377520.097258,0,730
326677.513617,376139.43109,0,730
326544.542868,377643.983899,0,730
326243.934835,377449.434333,0,730
326614.71133,377571.701768,0,730
326452.512186,377547.45912,0,730
326041.06279,377367.793503,0,730
326780.002852,377323.149652,0,730
326091.689669,377452.424321,0,730
326810.653474,377368.161645,0,730
326723.437985,377397.875449,0,730
326036.90314,377288.079659,0,730
326781.952726,376886.967017,0,730
326122.300485,377689.95457,0,730
326316.384054,377717.818469,0,730
326657.846327,376332.129362,0,730
326774.379273,377595.951929,0,730
326406.879423,377585.484741,0,730
326747.580295,377358.240952,0,730
326054.994986,377479.480446,0,730
326595.031223,375813.6665,0,730
326273.617002,377747.624175,0,730
326722.44925,376771.976344,0,730
326349.11967,377685.400273,0,730
326459.258288,377684.275212,0,730
326037.490795,377379.267054,0,730
325997.300878,377471.141489,0,730
326646.132701,377449.562572,0,730
326707.661092,376726.063595,0,730
326112.250192,377564.428093,0,730
326207.148681,377579.65389,0,730
326545.654159,377370.000429,0,730
326695.194196,377573.90297,0,730
326573.224499,377478.56448,0,730
326038.164068,377377.011568,0,730
326056.019708,377518.973986,0,730
326403.113143,377738.631154,0,730
326387.251048,377555.29408,0,730
326659.34559,377447.082155,0,730
326749.403494,376873.376149,0,730
326054.414961,377309.217643,0,730
326603.196607,376058.588591,0,730
326537.739889,377384.232924,0,730
326190.99707,377620.954796,0,730
326669.021257,376054.892572,0,730
326533.464914,377576.763636,0,730
326798.678345,376999.505453,0,730
326031.347239,377278.21616,0,730
326717.721376,376531.868145,0,730
326130.101987,377610.047242,0,730
326665.324185,376439.951447,0,730
326369.993886,377648.456357,0,730
326760.861375,376964.816016,0,730
325959.883443,377415.512129,0,730
326668.957727,377654.177633,0,730
326784.109801,377155.123989,0,730
326676.206249,377659.303886,0,730
326245.18984,377603.881793,0,730
326735.702281,377366.352089,0,730
326727.902304,376885.52399,0,730
326618.63976,375712.25768,0,730
326267.978394,377718.179104,0,730
326359.68094,377539.176637,0,730
326641.08906,375776.609773,0,730
326656.647066,377421.642737,0,730
326185.054442,377404.055264,0,730
326094.301807,377585.716774,0,730
326097.849004,377541.620605,0,730
326168.103398,377339.551066,0,730
326180.342082,377528.716381,0,730
326693.081525,377532.614056,0,730
326359.79243,377550.986858,0,730
326566.011456,377422.469583,0,730
326432.995754,377638.578815,0,730
325989.377998,377472.56164,0,730
326594.131657,377700.105982,0,730
326791.095045,376874.688708,0,730
326153.236126,377540.410831,0,730
326287.941494,377756.635693,0,730
326732.157105,376722.70309,0,730
326040.14108,377293.554478,0,730
326586.060652,375931.378429,0,730
326534.141408,377633.569078,0,730
326793.796641,377229.21761,0,730
326737.055251,377353.777331,0,730
326608.610066,375855.843288,0,730
326769.839248,377171.355201,0,730
326053.255161,377334.58104,0,730
326777.08278,377025.46678,0,730
326091.32237,377419.779585,0,730
326030.308657,377220.899987,0,730
326481.629055,377486.811456,0,730
326616.337294,376012.107087,0,730
326233.305901,377416.739699,0,730
326556.121608,377633.36546,0,730
326623.586449,377489.356715,0,730
326654.690019,376127.620885,0,730
326191.98016,377377.923208,0,730
326739.765914,377591.770201,0,730
326681.599604,376658.589622,0,730
325969.09597,377416.368735,0,730
326627.783456,375930.348509,0,730
326083.100939,377437.185054,0,730
326130.757789,377615.59578,0,730
326699.300919,376568.354425,0,730
326665.62153,376414.495603,0,730
326073.262607,377560.792825,0,730
326129.72622,377623.376785,0,730
326133.25593,377580.074245,0,730
326766.311285,376769.096345,0,730
326611.598127,377476.750687,0,730
326483.535993,377560.828898,0,730
326562.035913,375740.596586,0,730
326658.810851,376243.753167,0,730
326674.988126,377546.50633,0,730
326225.429375,377692.606487,0,730
326763.390352,376985.793082,0,730
326255.277145,377482.401202,0,730
326533.40448,375668.206873,0,730
326422.355965,377719.087245,0,730
326645.646947,376322.821134,0,730
326606.577526,375945.014668,0,730
325995.880844,377413.847612,0,730
326774.767681,376768.17208,0,730
325953.051585,377479.265959,0,730
326760.508741,377155.245326,0,730
326529.406757,377648.073189,0,730
326779.368431,377526.431405,0,730
326028.974657,377480.269976,0,730
326223.745102,377424.880596,0,730
326245.226916,377412.38564,0,730
326225.191842,377577.345053,0,730
326621.734031,375983.807163,0,730
326233.654429,377437.897545,0,730
326532.140058,377497.651818,0,730
326752.344654,376848.044431,0,730
326792.528434,377190.529804,0,730
326633.181862,376271.516493,0,730
326744.164174,377376.340887,0,730
326325.283118,377664.565922,0,730
326656.149531,377415.416752,0,730
326459.614574,377702.305374,0,730
326614.368799,375902.090537,0,730
326395.864416,377658.378991,0,730
326501.533974,377604.398743,0,730
326705.729297,376450.678325,0,730
326601.167158,377708.705022,0,730
326259.222609,377566.960648,0,730
326725.235589,376963.496941,0,730
326773.145625,377094.772708,0,730
326519.566075,377651.821881,0,730
326758.498864,376831.640102,0,730
326790.322126,377072.103823,0,730
326005.168335,377229.895985,0,730
326226.396578,377657.271289,0,730
326683.181896,376074.192234,0,730
326798.427989,377491.174064,0,730
326628.883936,375883.387804,0,730
326679.682945,376272.549231,0,730
326131.460502,377685.809432,0,730
326186.506048,377536.437917,0,730
326080.891633,377530.498909,0,730
326740.486032,376795.28017,0,730
326714.883533,376910.162365,0,730
326624.334689,377569.664727,0,730
326598.579463,375844.228993,0,730
326600.1028,377565.300707,0,730
326712.847386,376551.343542,0,730
326234.462274,377466.046979,0,730
326282.336506,377735.211355,0,730
326515.268925,377488.181892,0,730
326457.615555,377539.783873,0,730
326583.269663,377673.120476,0,730
326778.525007,376775.700189,0,730
326586.291982,375830.468881,0,730
326674.951331,376070.821183,0,730
326733.143275,377529.341295,0,730
326280.261464,377727.525222,0,730
326656.400342,377450.058802,0,730
326215.84389,377630.736824,0,730
326600.312547,377509.537943,0,730
326728.287394,376820.189331,0,730
326775.70991,377123.053906,0,730
326511.116335,377391.090358,0,730
326111.647505,377375.234873,0,730
326796.843569,377221.350313,0,730
326761.875951,377228.78276,0,730
326547.851474,377659.842714,0,730
326712.269838,377452.017328,0,730
326700.775742,376490.112892,0,730
325953.09971,377468.841765,0,730
326634.154933,376115.246748,0,730
326662.996264,377362.103202,0,730
326625.97029,377477.766005,0,730
326229.239521,377544.028352,0,730
326280.513821,377581.08586,0,730
326788.374145,377441.225601,0,730
326673.743222,376290.741218,0,730
326731.758442,376875.915695,0,730
326480.064267,377632.043185,0,730
326766.550292,377063.124146,0,730
326683.979454,376569.910442,0,730
326473.410219,377733.207026,0,730
326705.981908,376459.095567,0,730
326388.535035,377736.403546,0,730
326778.397792,376927.051027,0,730
326779.975296,376858.71425,0,730
326614.790535,375704.444734,0,730
326695.784427,377437.953797,0,730
326271.537789,377512.98896,0,730
326551.549163,377545.330834,0,730
326569.246095,375744.210185,0,730
326753.470756,376965.629542,0,730
326301.676272,377666.669884,0,730
326561.094369,377629.648558,0,730
326464.017837,377727.91397,0,730
326076.088868,377579.989644,0,730
326583.879576,375748.697193,0,730
326632.742785,375814.828946,0,730
326631.917937,377382.717542,0,730
326115.973593,377647.564072,0,730
326163.378083,377419.928594,0,730
326691.846083,376567.501319,0,730
326398.16692,377576.08197,0,730
326787.895362,377150.699045,0,730
326663.140263,376097.774635,0,730
326728.849717,376824.120163,0,730
326033.894465,377427.589924,0,730
326702.123496,376477.697897,0,730
326286.127356,377642.469573,0,730
326109.003677,377338.751711,0,730
326645.203302,376191.300457,0,730
326133.397936,377694.707337,0,730
326068.76848,377407.022847,0,730
326792.450568,377311.875266,0,730
326684.037094,377397.894949,0,730
326664.802846,377499.6238,0,730
326119.748736,377317.467203,0,730
326602.26209,377578.115393,0,730
326489.247721,377467.017146,0,730
326488.739505,377749.749922,0,730
326006.320047,377432.03059,0,730
326773.90672,377522.076802,0,730
326742.764865,377053.586449,0,730
326361.019895,377649.0535,0,730
326473.466928,377530.110534,0,730
326751.673689,376965.446314,0,730
326615.343445,377464.136707,0,730
326585.764113,375686.829545,0,730
326213.239081,377528.027097,0,730
326554.616227,377395.794942,0,730
326391.432787,377563.350853,0,730
326075.216982,377364.126738,0,730
326518.777665,377505.34242,0,730
326720.927401,377420.531473,0,730
326677.95188,376187.691491,0,730
325991.267176,377221.034811,0,730
326797.709051,376948.0931,0,730
325989.848781,377399.610341,0,730
326716.668145,377538.004174,0,730
326456.591267,377708.335494,0,730
326562.873437,377603.757723,0,730
326272.199279,377437.169806,0,730
326774.521974,377257.29074,0,730
326192.030316,377482.221557,0,730
326117.813652,377560.525683,0,730
326570.118273,377666.778571,0,730
326776.862399,377375.671007,0,730
326202.403651,377702.249809,0,730
326631.61021,376180.994404,0,730
326437.10913,377734.195953,0,730
326585.238124,375702.220671,0,730
326678.565763,376324.711327,0,730
326460.280386,377613.074166,0,730
326265.028155,377745.841098,0,730
326721.15823,376949.263388,0,730
326706.092947,376543.376892,0,730
326616.097519,377532.172848,0,730
326286.674736,377563.237731,0,730
326396.610324,377716.309109,0,730
326626.078837,375695.303808,0,730
326054.661566,377561.006866,0,730
326152.446851,377391.373572,0,730
326256.508703,377434.51639,0,730
326794.688285,377542.299312,0,730
326469.043709,377675.63807,0,730
326244.253559,377479.26867,0,730
326304.920172,377498.437185,0,730
326222.964651,377485.443786,0,730
326747.914487,376881.652081,0,730
326641.129453,377416.790186,0,730
326459.173646,377538.700785,0,730
326017.347371,377410.393414,0,730
326787.899685,377477.034632,0,730
326109.914101,377367.349825,0,730
326149.21415,377370.329592,0,730
326701.167271,376762.85815,0,730
326358.0283,377725.426399,0,730
326062.36399,377249.728874,0,730
326417.090793,377585.110337,0,730
326522.868414,377672.700974,0,730
326595.032995,377537.735483,0,730
326213.559056,377458.310919,0,730
326620.763462,377550.417068,0,730
326296.302905,377750.182663,0,730
326778.051874,377100.875539,0,730
326379.980597,377558.832838,0,730
326571.710059,375694.793708,0,730
326108.277823,377451.970983,0,730
326549.634229,377574.855372,0,730
326305.823296,377700.57757,0,730
326258.198114,377534.895314,0,730
326610.865097,377598.103549,0,730
326134.944123,377521.46231,0,730
326024.233752,377276.674082,0,730
326730.752306,377516.157338,0,730
326199.926121,377526.542284,0,730
326656.510329,377548.608831,0,730
326740.060686,376856.810065,0,730
326658.361737,376096.234959,0,730
326726.566389,377580.077148,0,730
326149.742456,377708.609758,0,730
326103.266575,377284.562851,0,730
326638.984374,376117.736794,0,730
326004.944789,377205.505848,0,730
326788.176454,377102.578865,0,730
326755.418372,376987.23342,0,730
326794.269545,377054.509837,0,730
326678.872685,376610.084264,0,730
326330.030952,377638.424613,0,730
326155.746474,377331.9856,0,730
326007.551944,377489.952676,0,730
326577.454684,377560.848633,0,730
326631.229383,375743.799051,0,730
326649.878371,375940.743981,0,730
326420.552953,377703.326649,0,730
326676.847073,376290.942739,0,730
326611.736925,375977.866583,0,730
326643.010211,376110.302715,0,730
326604.281762,376053.609637,0,730
326620.104401,375905.269063,0,730
326456.542719,377602.848939,0,730
326795.124131,376937.976721,0,730
326662.007543,377492.831649,0,730
326266.919821,377439.553345,0,730
326654.300322,377657.445354,0,730
326748.21345,376741.499196,0,730
326630.497124,376174.928385,0,730
326411.277271,377631.191605,0,730
326005.049045,377441.408727,0,730
326599.611627,377377.16292,0,730
326345.439825,377654.051266,0,730
326619.660616,376187.577934,0,730
326594.998865,377457.315592,0,730
326771.273253,377432.092545,0,730
326717.203726,377563.945686,0,730
326671.243881,377652.691251,0,730
326790.62444,376998.960763,0,730
326177.501961,377422.037414,0,730
326036.820242,377354.641195,0,730
326237.598373,377445.282413,0,730
326029.197246,377482.795134,0,730
326665.616978,377570.550564,0,730
326517.445136,377639.05903,0,730
326619.359808,375700.706077,0,730
326444.717849,377595.944092,0,730
326664.527021,376532.398237,0,730
326502.34813,377656.999856,0,730
326406.110989,377669.958263,0,730
326728.197324,376822.577372,0,730
326730.517369,377455.574039,0,730
326203.094344,377385.31885,0,730
326168.522523,377489.889141,0,730
326640.470687,376029.368074,0,730
326660.500468,377392.326222,0,730
326009.603348,377487.580253,0,730
326589.286955,375789.342468,0,730
326636.016994,375769.442494,0,730
326477.585595,377621.38648,0,730
326122.028237,377334.758429,0,730
326196.499688,377530.872342,0,730
326692.468399,376727.660628,0,730
326704.475744,376591.866694,0,730
326673.747273,377442.691833,0,730
326594.314725,377654.373292,0,730
326671.933016,377445.066929,0,730
326752.097421,377040.431629,0,730
326543.508063,377548.925292,0,730
326663.503896,376415.556831,0,730
326671.974761,376357.084134,0,730
326569.421061,377427.301705,0,730
326558.260968,377694.232165,0,730
326637.979731,376309.191684,0,730
326790.582258,376849.164768,0,730
326547.58983,377513.789011,0,730
326642.229758,377518.92536,0,730
326012.943255,377493.288437,0,730
326694.333468,376525.216412,0,730
326620.583224,377665.675932,0,730
326639.338432,375904.139572,0,730
325984.494082,377447.924875,0,730
326716.613905,376786.384675,0,730
326688.221954,377482.511067,0,730
326643.379052,376190.867912,0,730
326014.803856,377269.347516,0,730
326402.463647,377609.136681,0,730
326483.385493,377658.936387,0,730
326247.679223,377539.867108,0,730
326278.629491,377615.16734,0,730
326618.419804,375728.273486,0,730
326628.938806,376190.581412,0,730
326312.700897,377622.337294,0,730
326741.103577,376704.996737,0,730
326814.312437,377291.392661,0,730
326058.313327,377382.758484,0,730
326281.98054,377473.816874,0,730
326304.780318,377601.988761,0,730
326131.689409,377664.770418,0,730
326012.049895,377258.749616,0,730
326122.730332,377562.973839,0,730
326626.679118,375801.11218,0,730
326625.618425,377635.649852,0,730
326800.63749,377342.944604,0,730
326332.825171,377684.306032,0,730
326781.453696,377526.291526,0,730
326784.456239,376795.773466,0,730
326682.035848,376261.658763,0,730
326448.647138,377659.035264,0,730
326364.424759,377682.296067,0,730
326666.019175,376218.886128,0,730
326603.403491,375973.803144,0,730
326641.82886,375984.247014,0,730
326238.09223,377441.853078,0,730
326222.047254,377531.504895,0,730
326160.501485,377494.502272,0,730
326539.302886,377370.421783,0,730
326039.849533,377311.125836,0,730
326365.470254,377626.683885,0,730
326662.545552,376013.774175,0,730
326341.406772,377607.711796,0,730
326775.698394,377204.371119,0,730
326713.118153,376678.602058,0,730
326599.537461,375730.357578,0,730
326773.90869,377082.083027,0,730
326765.921738,377148.59165,0,730
326618.394538,375857.93658,0,730
326610.611147,375993.50087,0,730
326783.620372,376987.360454,0,730
326624.0,375689.3764,0,730
326792.11852,377455.327852,0,730
326761.134469,377443.912709,0,730
326760.335278,377541.028284,0,730
326756.490801,376730.81224,0,730
326601.549743,377539.483906,0,730
326468.060238,377555.667371,0,730
326406.560671,377678.835179,0,730
326064.363815,377536.646961,0,730
326084.400241,377428.78976,0,730
326279.832103,377705.842898,0,730
326758.701181,377573.990036,0,730
326715.411822,376788.968581,0,730
326440.319632,377764.760255,0,730
326799.593749,377300.826735,0,730
326477.224517,377489.778606,0,730
326248.430731,377581.075002,0,730
326781.737818,377244.009395,0,730
326769.117778,377163.215927,0,730
326045.792788,377401.077432,0,730
325965.251094,377432.054827,0,730
326336.66247,377529.564674,0,730
326671.371329,377574.471093,0,730
326762.526266,377402.203844,0,730
326603.276544,376043.808002,0,730
326008.430424,377449.429348,0,730
326078.63768,377491.376649,0,730
326658.800052,375982.086771,0,730
326296.138614,377510.261313,0,730
326579.362286,377659.940258,0,730
326713.635944,376700.119138,0,730
326099.277361,377501.246024,0,730
326529.935595,377531.092532,0,730
326269.962927,377537.445877,0,730
326127.1438,377666.645639,0,730
326778.444382,377187.002938,0,730
326800.277576,376988.365563,0,730
326628.398033,377520.107721,0,730
326327.9318,377663.598126,0,730
326689.299806,376140.172252,0,730
326659.572334,377538.282579,0,730
326681.088409,376387.972206,0,730
326491.395359,377634.182709,0,730
326624.769141,377629.733089,0,730
326584.183817,377554.035509,0,730
326596.426765,375965.917755,0,730
326743.649629,376999.238169,0,730
326261.859473,377598.615842,0,730
326414.394819,377681.376946,0,730
326681.30857,377638.270593,0,730
326655.157077,376140.920122,0,730
326588.750459,377613.50826,0,730
326481.380569,377600.228455,0,730
326729.771235,376789.551632,0,730
326563.201475,377683.99992,0,730
326751.534747,377383.96107,0,730
326236.129504,377414.944155,0,730
326569.903518,377623.738949,0,730
326573.696753,377675.812,0,730
326734.306583,377450.434964,0,730
326487.361972,377525.750109,0,730
326115.730962,377546.617866,0,730
326497.797853,377524.797851,0,730
326245.823874,377610.819428,0,730
326496.368068,377705.456589,0,730
326805.705428,377477.552094,0,730
325973.878283,377462.61208,0,730
326046.097495,377385.850162,0,730
326636.265048,375900.296553,0,730
326805.594474,377262.219148,0,730
326647.617622,377411.792807,0,730
326758.365261,377240.185818,0,730
326626.42525,376144.24657,0,730
325983.980648,377392.938244,0,730
326671.90754,376250.137065,0,730
326678.164203,377508.448035,0,730
326107.742504,377568.77822,0,730
326515.453303,377485.05449,0,730
326629.305888,377404.153969,0,730
326367.807867,377718.437481,0,730
326754.619996,377093.61651,0,730
326778.376311,377140.859078,0,730
326464.996673,377737.525926,0,730
326597.173743,375881.111136,0,730
326033.148897,377461.496667,0,730
326259.77578,377710.122493,0,730
326374.287514,377702.729502,0,730
326658.182173,376363.114086,0,730
326184.724471,377490.915025,0,730
326691.540173,376531.000882,0,730
326612.586649,376088.917874,0,730
326015.205213,377275.732555,0,730
326404.49031,377605.430761,0,730
326629.071782,377585.933056,0,730
326518.402357,377730.421827,0,730
326641.808318,376344.969875,0,730
326445.841585,377622.445409,0,730
326666.563336,377490.334908,0,730
326785.896527,377518.657405,0,730
326657.366548,376371.027279,0,730
326022.0132,377519.398917,0,730
326750.509321,377529.42682,0,730
325999.645844,377388.599832,0,730
326641.769602,375842.477617,0,730
326469.843634,377689.328918,0,730
326744.849172,377368.156782,0,730
326497.383248,377448.512566,0,730
326354.656773,377592.881355,0,730
326274.682449,377700.503165,0,730
326279.374695,377603.209929,0,730
326740.723105,377486.930932,0,730
326589.999243,375944.389944,0,730
326571.11958,377490.956183,0,730
326035.665158,377237.355239,0,730
326763.47109,376897.149611,0,730
326395.579723,377671.774926,0,730
326345.273496,377612.954998,0,730
326555.082145,377611.652759,0,730
326713.257344,376762.802158,0,730
326174.735175,377432.686496,0,730
326662.845619,376481.536854,0,730
326539.889775,377557.083851,0,730
326126.348622,377476.843535,0,730
326152.030279,377589.241967,0,730
326652.578829,376148.962272,0,730
326649.544835,376195.89109,0,730
326704.801251,377359.498139,0,730
326796.338226,377541.890691,0,730
326722.979382,377403.842648,0,730
326596.143569,376003.051992,0,730
326756.416058,377137.441604,0,730
326087.259151,377350.977103,0,730
326793.567862,377103.719831,0,730
326481.462752,377494.216689,0,730
326026.198505,377357.903937,0,730
326784.225778,376874.894082,0,730
326360.209304,377626.608923,0,730
326647.464554,376400.995283,0,730
326374.876205,377637.160126,0,730
326653.871611,377379.025114,0,730
326315.512013,377519.120103,0,730
326356.281313,377579.587299,0,730
326116.661819,377403.953167,0,730
326248.478899,377629.39573,0,730
326132.779636,377705.213445,0,730
326475.585157,377579.29061,0,730
326013.780819,377418.7839,0,730
326700.609696,376649.417372,0,730
326062.983975,377358.842603,0,730
326799.360273,377372.392424,0,730
326686.768959,377487.840929,0,730
325958.857076,377416.944095,0,730
326749.430653,377570.108228,0,730
326512.713727,377678.60395,0,730
326702.280898,376666.888173,0,730
326635.195828,375753.161992,0,730
326793.399083,377029.991815,0,730
326551.638456,377459.342137,0,730
326590.556923,377506.461294,0,730
326063.628625,377463.67555,0,730
326324.071043,377641.42185,0,730
326661.187807,376199.779049,0,730
326756.398365,377372.309101,0,730
326202.645081,377609.542752,0,730
326411.669557,377758.806173,0,730
326199.697363,377644.902612,0,730
326419.42223,377612.301746,0,730
326612.358578,377570.739127,0,730
326646.856355,375720.124918,0,730
326810.274259,377238.336241,0,730
326010.635389,377442.257003,0,730
326492.805658,377428.422249,0,730
326481.53214,377488.114852,0,730
326697.81609,376513.554058,0,730
326073.739798,377505.453151,0,730
326739.954362,376935.375999,0,730
326551.468608,377495.35343,0,730
326685.642304,376567.905664,0,730
326727.535628,377482.794371,0,730
326680.138471,376072.279424,0,730
326645.271708,377655.649941,0,730
326640.067089,377433.91865,0,730
326082.891814,377378.604709,0,730
326674.593247,377559.428649,0,730
326608.252381,375905.937543,0,730
326289.251368,377593.850182,0,730
326277.711816,377734.605012,0,730
326701.804966,376679.51482,0,730
326623.608111,377549.020901,0,730
326743.183896,377012.663121,0,730
326258.104201,377434.551453,0,730
326638.258974,377438.051592,0,730
326606.757667,377602.068155,0,730
326718.328871,377541.697685,0,730
326692.772155,377499.274835,0,730
326622.91634,375787.619109,0,730
326649.954955,376386.309818,0,730
326595.358632,377569.83578,0,730
325999.223268,377477.152735,0,730
326367.033105,377716.315884,0,730
326635.184965,377384.069067,0,730
326392.494066,377674.152584,0,730
325948.939592,377472.108718,0,730
326483.435594,377681.171057,0,730
326087.877334,377529.159805,0,730
326723.613366,376615.470518,0,730
326283.210509,377677.63708,0,730
326163.485186,377588.265382,0,730
326758.306037,377067.273693,0,730
326247.666247,377600.395731,0,730
326114.560544,377516.383327,0,730
326200.149728,377690.193017,0,730
326216.579526,377546.81559,0,730
326697.931908,376665.113736,0,730
326132.14559,377671.339572,0,730
326664.151404,376154.279272,0,730
326592.162973,375921.274624,0,730
326803.214272,377217.622579,0,730
326654.725738,375954.569465,0,730
326796.829204,377287.003769,0,730
326195.287559,377408.653828,0,730
326444.248291,377606.558451,0,730
326254.720357,377445.96534,0,730
326441.517147,377574.92208,0,730
326746.336445,376896.722681,0,730
326489.406517,377423.05209,0,730
326155.536285,377405.438474,0,730
326281.58631,377684.142584,0,730
326767.126881,377030.165787,0,730
326785.068015,377045.972558,0,730
326793.376619,377010.814778,0,730
326567.051253,377494.683284,0,730
326668.490786,376113.658278,0,730
326017.957686,377418.788319,0,730
326232.405726,377407.245045,0,730
326127.409681,377683.990282,0,730
326798.513978,377259.366904,0,730
326422.793859,377624.506825,0,730
326771.557776,377216.101391,0,730
326693.769645,377372.122887,0,730
326618.026075,377372.954222,0,730
326609.668437,375923.179157,0,730
326655.078395,375995.508546,0,730
326002.018907,377443.120619,0,730
326634.587689,377403.416183,0,730
326117.221661,377450.6201,0,730
326161.124448,377400.19563,0,730
326678.948254,377441.318846,0,730
326787.021113,377348.118426,0,730
326790.058928,376992.123735,0,730
326200.512448,377474.278374,0,730
326331.093981,377652.971438,0,730
326535.887681,377705.297517,0,730
326696.025718,377448.75166,0,730
326557.83308,377605.927313,0,730
326165.741385,377667.525101,0,730
326501.14674,377577.440985,0,730
326794.86192,376988.189759,0,730
326676.810751,377365.341666,0,730
326496.271121,377541.620023,0,730
326678.785833,376056.987348,0,730
326135.142744,377469.594786,0,730
326199.87454,377597.067627,0,730
326111.799286,377566.378737,0,730
326234.067872,377401.198901,0,730
326373.364028,377698.959949,0,730
326759.660373,377381.405466,0,730
326428.583292,377718.231336,0,730
326677.957567,377566.074695,0,730
326020.12173,377520.119571,0,730
326460.938792,377670.748281,0,730
326278.876253,377502.837371,0,730
326064.231697,377310.019402,0,730
326591.290476,377612.654631,0,730
326700.176619,377471.802343,0,730
326668.447517,376520.967494,0,730
326732.005751,376899.193641,0,730
326029.463537,377420.103769,0,730
326738.018425,376656.718264,0,730
326069.760259,377546.435427,0,730
326535.316135,377402.086441,0,730
326121.392309,377696.499883,0,730
326764.219598,377404.521137,0,730
326009.423819,377405.031326,0,730
326766.250843,377570.754166,0,730
326686.973963,377373.17928,0,730
326580.002001,377529.302043,0,730
326667.229733,376079.151969,0,730
325960.019216,377486.675824,0,730
326088.888197,377567.791263,0,730
326247.006944,377529.810748,0,730
326398.191219,377657.404583,0,730
326773.081745,376914.849358,0,730
326736.057163,376699.664075,0,730
326553.830339,377470.902112,0,730
326560.640981,377591.838729,0,730
326465.67743,377683.581067,0,730
326189.861194,377684.81344,0,730
326681.654062,376379.861297,0,730
326692.331873,377473.543059,0,730
326741.59067,377507.670217,0,730
326714.027153,377503.201098,0,730
326579.230183,377650.544025,0,730
326118.716759,377521.528627,0,730
325990.75522,377240.366441,0,730
326684.569355,376341.871557,0,730
326757.016759,377122.474747,0,730
326167.158506,377387.208306,0,730
326258.386614,377572.520137,0,730
326590.590598,377665.079404,0,730
326750.687039,377086.583568,0,730
326325.747616,377537.723023,0,730
326646.980691,377369.696478,0,730
326736.478156,377346.46719,0,730
326062.809657,377359.738959,0,730
326501.826216,377631.02047,0,730
326087.428368,377531.787392,0,730
326741.639841,376990.232764,0,730
326100.942773,377382.256451,0,730
326795.01407,377565.912702,0,730
326483.459367,377563.730387,0,730
326209.915828,377550.053428,0,730
326211.999516,377476.317617,0,730
326629.050199,376018.917711,0,730
326646.21885,376308.743572,0,730
325952.752217,377463.515404,0,730
326639.667374,375857.978943,0,730
326702.203903,377416.359951,0,730
326209.602697,377537.076096,0,730
326130.645281,377660.483052,0,730
326186.579583,377394.129728,0,730
326163.089853,377678.17745,0,730
326708.553822,376783.486611,0,730
326315.842608,377767.664928,0,730
326741.566804,377378.034122,0,730
326733.35093,377509.580969,0,730
326526.22853,377716.149763,0,730
326050.784027,377406.207287,0,730
326729.048691,377464.040902,0,730
326766.702664,376986.769076,0,730
326193.256152,377589.592108,0,730
326671.081679,376270.765276,0,730
326729.367509,376832.579873,0,730
326774.698844,377559.264715,0,730
326623.973662,375963.621797,0,730
326705.200478,376747.557876,0,730
326708.477354,376822.703527,0,730
326309.875257,377539.025398,0,730
326639.570847,377601.853217,0,730
326760.279749,377250.077969,0,730
326640.994302,375740.852521,0,730
326406.753238,377640.740243,0,730
326714.826386,377388.369168,0,730
325958.628455,377488.090012,0,730
326155.51897,377672.678797,0,730
325971.001251,377441.808773,0,730
326767.788291,377364.274209,0,730
326667.721594,377651.249476,0,730
326626.955372,375799.323279,0,730
326622.681773,375916.210076,0,730
326495.581475,377558.465192,0,730
326094.02562,377332.407512,0,730
326385.796244,377757.818462,0,730
326230.22915,377461.917055,0,730
326577.867057,375686.68913,0,730
326272.426628,377570.795471,0,730
326610.671755,375795.926179,0,730
326578.246166,377565.797011,0,730
326598.4706,375921.59887,0,730
326327.594716,377614.783232,0,730
326658.514613,377540.120215,0,730
326602.094227,375907.104622,0,730
326605.17035,376074.92528,0,730
326675.429407,376605.391323,0,730
326292.316905,377738.120692,0,730
326164.099299,377369.368832,0,730
326659.985593,377622.795298,0,730
326424.726999,377744.832399,0,730
326253.753783,377657.165713,0,730
326569.77238,377681.723709,0,730
326761.09704,377570.895872,0,730
326030.635827,377447.887111,0,730
326711.735929,376692.594358,0,730
326640.218449,375700.308689,0,730
326208.848776,377429.41909,0,730
326659.069202,375980.646224,0,730
326223.007261,377497.233304,0,730
326716.249976,376654.778461,0,730
326711.12235,376687.343908,0,730
326664.509381,376358.883146,0,730
326640.829621,377513.577465,0,730
326543.386632,377654.532858,0,730
326660.356093,376257.584532,0,730
326130.052202,377549.986118,0,730
326650.586092,377356.997914,0,730
326691.78644,376388.623387,0,730
326076.919922,377541.261677,0,730
326747.921871,376762.164638,0,730
326485.108587,377462.792152,0,730
326031.396106,377372.905345,0,730
326604.309953,377369.937734,0,730
326789.027003,377351.354656,0,730
326704.910533,376550.1686,0,730
326658.454107,376215.115513,0,730
326635.418481,376061.222236,0,730
326586.456499,375737.261796,0,730
326662.394243,377588.230682,0,730
326180.821141,377703.418182,0,730
326494.181806,377502.335656,0,730
326600.979418,377395.583531,0,730
326620.924162,376089.932291,0,730
326155.477043,377571.456959,0,730
326220.274625,377709.333025,0,730
326400.971776,377648.209879,0,730
326779.114844,376997.794496,0,730
326183.024662,377458.874936,0,730
326683.907827,376342.111212,0,730
326640.246757,376029.444424,0,730
326216.061785,377537.556907,0,730
326468.970681,377521.346772,0,730
326129.248657,377420.00006,0,730
326398.672654,377687.439225,0,730
326603.986475,375863.532262,0,730
326259.703549,377503.532373,0,730
326772.67772,377563.841372,0,730
326406.728527,377627.64669,0,730
326402.973512,377715.300665,0,730
326182.522106,377427.443604,0,730
326253.540938,377421.829121,0,730
326675.479619,376088.930086,0,730
326812.026496,377473.485792,0,730
326272.931523,377501.53382,0,730
326107.895955,377390.249754,0,730
326616.611198,377688.379728,0,730
326635.180007,375990.891155,0,730
326581.8896,375740.483209,0,730
326753.045555,376886.487752,0,730
326203.252059,377583.444817,0,730
326681.944442,376580.323775,0,730
326638.585411,376028.846275,0,730
326509.876045,377545.821444,0,730
326333.274449,377580.346702,0,730
326115.661376,377508.454972,0,730
326684.790276,377598.028403,0,730
326535.548726,375672.360363,0,730
326641.531097,375685.785839,0,730
326676.881053,377401.715366,0,730
326806.556825,377191.114264,0,730
326288.982135,377615.738984,0,730
326722.867608,376551.244211,0,730
326017.26208,377403.056082,0,730
326214.087334,377443.685912,0,730
326653.303356,375965.02109,0,730
326508.096627,377393.254392,0,730
326629.553738,377404.698587,0,730
326215.752368,377629.344089,0,730
326061.630645,377246.365822,0,730
326621.075717,376022.316759,0,730
326473.607987,377564.751745,0,730
326733.913658,376776.752861,0,730
326279.214193,377697.258765,0,730
326740.474246,377412.858271,0,730
326789.726455,377469.348203,0,730
326545.088084,377532.26306,0,730
326675.14121,376121.993227,0,730
326073.806268,377304.357318,0,730
326672.977033,377464.290295,0,730
326631.965045,377694.147416,0,730
326608.526579,376088.147392,0,730
326394.100837,377761.310497,0,730
326776.283914,377305.2692,0,730
326123.799423,377356.291394,0,730
326024.613884,377298.642852,0,730
326775.504878,377212.668652,0,730
326582.420015,377477.688286,0,730
326429.689721,377571.211883,0,730
326045.259318,377279.30632,0,730
326672.129437,376193.479584,0,730
326759.036288,376941.446499,0,730
326774.446306,377446.430542,0,730
326674.859436,377439.595326,0,730
326325.533163,377761.873208,0,730
326177.093533,377430.986132,0,730
326077.536303,377409.148629,0,730
326194.044374,377684.48525,0,730
326122.347939,377589.614525,0,730
326462.610522,377616.756666,0,730
326747.585207,377116.667388,0,730
326510.972002,377399.106834,0,730
326239.716128,377515.134906,0,730
326378.594411,377755.073918,0,730
326037.954021,377413.893942,0,730
326710.227751,377396.496235,0,730
326135.52213,377325.020156,0,730
326805.209663,377382.874693,0,730
326679.373455,377569.271638,0,730
326160.81694,377360.809875,0,730
326697.582773,376593.935898,0,730
326638.586617,376269.062318,0,730
326681.391604,376485.972215,0,730
326595.104651,375949.024181,0,730
326242.069519,377517.600667,0,730
326690.176433,377538.144228,0,730
326799.159859,377362.390136,0,730
326132.960988,377675.406134,0,730
326771.735329,377406.282284,0,730
326019.05306,377505.205331,0,730
326292.597637,377502.44959,0,730
326168.903252,377458.728102,0,730
326313.215134,377608.315594,0,730
326602.735728,377521.142421,0,730
326657.628681,376106.365657,0,730
326146.764977,377531.010263,0,730
326176.242771,377507.2283,0,730
326660.223653,377404.439702,0,730
326780.355634,377329.639957,0,730
326011.13392,377482.280578,0,730
326455.438921,377555.098257,0,730
326671.855348,376579.011401,0,730
326555.702524,377588.563619,0,730
326018.951276,377216.861908,0,730
326730.108465,376802.434593,0,730
326105.510263,377341.195454,0,730
326714.535637,376732.540917,0,730
326268.626969,377610.749115,0,730
325989.833207,377486.4991,0,730
326497.134637,377624.150028,0,730
326468.657464,377674.996528,0,730
326424.998337,377607.387464,0,730
326762.184032,377481.999633,0,730
326536.236406,377683.335702,0,730
326157.693782,377501.676474,0,730
326187.829858,377691.520615,0,730
326770.903399,377398.871921,0,730
326669.985069,377620.800155,0,730
326786.947167,377440.492061,8,730
326188.510518,377632.082156,9,730
326714.202823,377453.040627,10,730
326324.275287,377704.15606,13,730
326808.969426,377310.558516,15,730
326739.49327,377567.515293,16,730
326743.179323,376781.761432,19,730
326402.25063,377634.804529,25,730
326681.323445,376580.841202,38,730
326106.966401,377477.384549,39,730
326106.966401,377477.384549,58,730
326629.752356,376207.51045,59,730
325940.52137,377468.930323,63,730
326108.257428,377514.565427,65,730
326561.652946,375690.812179,70,730
326179.431922,377621.38846,74,730
326144.196368,377307.714983,76,730
326648.78302,375871.560939,81,730
326606.650992,375762.056275,82,730
326012.616993,377513.762808,89,730
326593.113716,375680.974209,90,730
326597.716475,377508.729281,96,730
326162.59335,377625.78887,97,730
326446.075173,377613.747843,98,730
326656.043448,377559.942041,104,730
326680.301828,376563.80672,106,730
326127.511729,377469.340543,110,730
326009.921954,377454.963751,115,730
326650.63171,375690.469128,116,730
326577.731765,375775.137463,118,730
326761.172236,377169.814259,121,730
326303.292974,377766.46108,140,730
326707.378341,376711.2169,142,730
326273.08386,377526.524377,147,730
326126.678437,377322.143818,151,730
326024.807422,377502.513187,155,730
326665.56208,377485.218901,160,730
326092.709598,377259.307196,165,730
326370.103722,377669.213694,167,730
326370.103722,377669.213694,168,730
326136.967396,377487.901859,169,730
326087.487338,377483.345447,187,730
326447.746972,377687.246911,190,730
326700.826247,376705.318443,206,730
326175.84973,377633.706079,213,730
326597.078397,375961.623636,214,730
326732.426555,376684.605417,219,730
326691.343417,376426.866593,220,730
326285.111064,377476.235305,223,730
326009.921954,377454.963751,224,730
326629.189307,377669.112008,225,730
326482.997547,377557.462591,226,730
326333.353815,377629.979916,228,730
326584.587965,375825.461103,229,730
326719.939396,376642.277829,238,730
326603.670287,377366.818124,243,730
326428.564198,377737.430229,244,730
326491.25583,377625.921008,247,730
326760.536981,376765.169788,254,730
326732.426555,376684.605417,256,730
326455.633329,377702.912717,269,730
326623.565194,376178.599165,270,730
326074.174485,377300.372145,277,730
326716.023849,376786.99891,278,730
326022.962678,377361.408167,280,730
326333.353815,377629.979916,285,730
326697.223133,376686.317932,287,730
326119.077455,377526.850912,295,730
326679.903929,377625.490766,297,730
326577.731765,375775.137463,300,730
326244.233713,377550.906902,302,730
325965.156386,377431.163924,303,730
326560.161759,377385.004052,305,730
326734.570165,376641.433906,310,730
326053.101624,377280.976887,311,730
326690.374458,377521.179148,313,730
326544.724154,377386.258033,324,730
326332.93529,377559.386528,326,730
326675.283551,377560.463128,349,730
326048.817691,377269.2799,352,730
326138.614615,377428.184932,354,730
326138.618487,377299.919721,362,730
326455.633329,377702.912717,372,730
326012.616993,377513.762808,373,730
325979.67146,377449.699692,380,730
326528.385541,377449.867783,384,730
326179.431922,377621.38846,388,730
326312.295945,377690.623374,399,730
326204.547324,377429.987938,400,730
326462.13532,377641.137255,402,730
326656.18735,377363.822851,403,730
326537.951911,377485.038449,408,730
326671.559707,377367.593433,413,730
326598.428906,377648.204974,417,730
326086.793255,377445.934387,418,730
326009.921954,377454.963751,423,730
326663.726593,376156.795965,425,730
326196.175481,377409.673177,430,730
326588.565493,377501.933739,433,730
326136.967396,377487.901859,435,730
326423.946526,377575.893389,445,730
326221.34894,377464.572818,450,730
326663.726593,376156.795965,453,730
325965.156386,377431.163924,456,730
326504.694413,377644.879916,457,730
326641.386276,375800.456784,465,730
326540.098587,377467.490756,469,730
326751.388142,377462.058251,483,730
326752.576779,377009.429994,485,730
326786.256094,377344.628531,488,730
326732.426555,376684.605417,489,730
326098.927713,377312.309991,508,730
326719.939396,376642.277829,509,730
326765.687755,377188.091002,510,730
326331.844286,377518.073807,517,730
326290.256947,377612.362389,519,730
326685.514272,376405.766953,528,730
326754.367307,377066.481242,529,730
326313.208789,377688.593429,532,730
326504.694413,377644.879916,541,730
326479.206395,377588.263197,543,730
326455.633329,377702.912717,544,730
326684.263429,377448.837479,546,730
326518.496728,377729.818618,550,730
326518.496728,377729.818618,554,730
326394.985193,377737.637286,556,730
326561.652946,375690.812179,558,730
326433.279608,377615.972326,564,730
326637.345648,376104.544867,565,730
326668.717756,377617.200557,566,730
326686.914343,377655.569924,569,730
325954.133605,377421.808731,571,730
326700.933051,376600.976154,573,730
326603.670287,377366.818124,585,730
326787.870405,377388.034215,588,730
326606.692408,375759.645267,601,730
326424.055189,377643.75211,604,730
326649.68479,376252.262047,610,730
326537.951911,377485.038449,611,730
326591.750575,375796.793678,615,730
326712.170311,376741.831744,616,730
325988.981288,377392.10951,621,730
326272.128777,377559.421701,623,730
326016.008473,377239.386064,627,730
326111.775837,377424.376689,631,730
326804.059437,377223.027618,632,730
326402.25063,377634.804529,636,730
326579.48444,377503.660826,637,730
326738.552333,376737.572623,641,730
326760.765576,377448.814743,642,730
326648.78302,375871.560939,646,730
326756.941875,377425.354644,649,730
326061.984752,377424.518584,651,730
326761.062969,377361.669103,672,730
326474.520295,377584.975994,676,730
326462.13532,377641.137255,677,730
326686.888656,376155.376512,681,730
326402.25063,377634.804529,682,730
326453.965226,377541.052582,689,730
325971.337721,377489.886436,693,730
326656.632941,377389.559988,697,730
326739.49327,377567.515293,704,730
326285.111064,377476.235305,705,730
326802.018123,377269.601576,715,730
326016.937971,377485.121872,717,730
326679.903929,377625.490766,722,730
