328146.806064,381803.160026,0,238
328739.193083,381762.385991,0,730
328438.704723,381816.996406,0,730
328287.627407,381731.100711,0,84
328329.53166,381785.369296,0,331
328457.034617,381668.657418,0,730
328113.364718,381714.692102,0,730
328664.684773,381710.34357,0,445
328380.16441,381765.434517,0,730
328105.979939,381735.906621,0,730
328676.814785,381818.348769,0,530
328356.932738,381867.352522,0,730
328418.563058,381856.277768,0,730
328282.321542,381890.359583,0,730
328608.802228,381773.59637,0,730
328116.628828,381865.886744,0,730
328744.85992,381763.682803,0,730
328671.051513,381709.572716,0,373
328072.413707,381802.464663,0,240
328465.781152,381856.767142,0,730
328657.382167,381717.263597,0,490
328096.555593,381834.553887,0,730
328448.89638,381894.826422,0,730
328691.860143,381692.482042,0,730
328544.275419,381696.851658,0,304
328323.34951,381867.498245,0,730
328636.84335,381794.986298,0,337
328273.272335,381802.922295,0,620
328445.362938,381898.278702,0,730
328654.274251,381695.21226,0,730
328699.317625,381796.776626,0,203
328381.802763,381916.228117,0,349
328176.073265,381800.678078,0,679
328303.486785,381894.495221,0,730
328217.265567,381702.977358,0,730
328341.156458,381882.242052,0,532
328069.750307,381811.963003,0,498
328670.378273,381731.960874,0,730
328431.973744,381695.536219,0,282
328753.173836,381772.263496,0,730
328242.541261,381692.927186,0,52
328131.838087,381735.050729,0,719
328210.784208,381675.81904,0,212
328199.048277,381738.448945,0,140
328644.512508,381722.977202,0,451
328645.135107,381810.313057,0,730
328185.883467,381850.949496,0,730
328783.241901,381850.624871,0,39
328591.313201,381807.57693,0,730
328189.222546,381783.019022,0,486
328077.146899,381793.899311,0,525
328183.572404,381694.939481,0,513
328500.487983,381667.694195,0,730
328625.915001,381852.433992,0,730
328619.057321,381788.550214,0,506
328198.987213,381707.489421,0,730
328063.094807,381751.943006,0,730
328781.741655,381816.887505,0,638
328759.845727,381874.80554,0,671
328622.679193,381807.349585,0,371
328438.443006,381815.762019,0,448
328567.174649,381793.811327,0,730
328207.042599,381697.321168,0,730
328186.881521,381836.377766,0,465
328759.812904,381857.029119,0,220
328766.892286,381749.241261,0,656
328409.043889,381853.010757,0,730
328567.935216,381737.619968,0,730
328564.93593,381708.335494,0,730
328539.257334,381807.592081,0,190
328417.037678,381874.70642,0,730
328314.108675,381891.238441,0,730
328407.644986,381845.946409,0,730
328438.910506,381881.835385,0,667
328515.177163,381753.008708,0,417
328144.995187,381708.562033,0,550
328785.120605,381763.364963,0,730
328493.390757,381785.459745,0,98
328444.979727,381905.183683,0,707
328666.84065,381851.591472,0,730
328687.207639,381757.059037,0,730
328424.128798,381919.184535,0,445
328198.241174,381858.464606,0,697
328732.216662,381723.421573,0,730
328226.140347,381760.4678,0,649
328624.074246,381724.628168,0,730
328569.495114,381844.772368,0,403
328376.472272,381834.248623,0,400
328155.256893,381858.071991,0,730
328774.684811,381742.551996,0,156
328187.14481,381654.962055,0,688
328758.539179,381748.817528,0,651
328556.808892,381770.66796,0,730
328666.152198,381688.891838,0,225
328058.174248,381743.278402,0,730
328673.914204,381715.382695,0,730
328807.022536,381768.730627,0,730
328688.405798,381798.237845,0,40
328120.419597,381805.488047,0,237
328665.982597,381693.551495,0,730
328479.554443,381761.361037,0,122
328248.403384,381761.777657,0,670
328550.311646,381729.25749,0,427
328681.625501,381800.945691,0,730
328415.356483,381886.692423,0,325
328644.684028,381791.588976,0,97
328517.178422,381708.771822,0,73
328273.639716,381881.907916,0,730
328153.943479,381764.612976,0,730
328449.787642,381767.685496,0,730
328166.796968,381864.256518,0,160
328721.87487,381734.000892,0,110
328301.232301,381685.058137,0,640
328622.323315,381793.804281,0,411
328679.573098,381789.514308,0,402
328687.615584,381689.302701,0,730
328610.102545,381796.221098,0,180
328421.369866,381757.367168,0,450
328114.761724,381720.834816,0,730
328175.011056,381811.74532,0,433
328267.533203,381835.408111,0,730
328617.845889,381723.348696,0,218
328523.742143,381675.827646,0,730
328378.121842,381853.193635,0,369
328499.386039,381841.551223,0,730
328327.054301,381827.298681,0,532
328290.428845,381691.033612,0,361
328648.07166,381851.991417,0,730
328369.947371,381878.84916,0,730
328367.724844,381690.094252,0,730
328569.028588,381742.871793,0,548
328110.311807,381880.85621,0,346
328280.589889,381785.56589,0,380
328479.263164,381680.054171,0,730
328478.773547,381702.839055,0,730
328125.548309,381847.233811,0,259
328419.249249,381932.193378,0,103
328380.196949,381939.553761,0,730
328141.948918,381726.963005,0,730
328398.412661,381835.942691,0,568
328317.982982,381772.09146,0,730
328746.806899,381813.531974,0,558
328167.960633,381868.86747,0,730
328722.005489,381853.439987,0,730
328466.536138,381791.254005,0,730
328381.212083,381769.054294,0,730
328455.243006,381867.59005,0,472
328210.32747,381831.232312,0,730
328153.760893,381889.488606,0,730
328467.583645,381744.577733,0,189
328691.805725,381836.122112,0,320
328770.317291,381797.098705,0,122
328530.936412,381829.931601,0,730
328224.199771,381775.286347,0,166
328456.980514,381823.706278,0,730
328705.541641,381717.774352,0,730
328452.649089,381907.977618,0,730
328066.450919,381786.295613,0,730
328563.375993,381799.675534,0,730
328184.02523,381678.509367,0,730
328371.994961,381767.573893,0,605
328507.334127,381742.351353,0,6
328689.917366,381849.454446,0,730
328224.422036,381855.474418,0,585
328535.88912,381690.388838,0,730
328550.354817,381705.157241,0,64
328132.947141,381844.10012,0,730
328310.207214,381832.150616,0,730
328394.347096,381789.45452,0,730
328477.977852,381863.493799,0,517
328217.730196,381841.950263,0,730
328121.449229,381669.492335,0,338
328361.570204,381807.522499,0,730
328161.882764,381697.899478,0,730
328335.722132,381689.898594,0,730
328486.765884,381723.624099,0,730
328722.121462,381700.015518,0,730
328344.997062,381750.062145,0,730
328542.738702,381738.637292,0,730
328255.051059,381703.53508,0,447
328478.114643,381787.928772,0,473
328490.652163,381776.690026,0,409
328507.745679,381845.511894,0,528
328057.288785,381731.893594,0,526
328091.313576,381686.944716,0,730
328170.545341,381728.546077,0,645
328694.418921,381719.457592,0,707
328119.177841,381687.439439,0,298
328285.717801,381906.611784,0,233
328185.424866,381853.064005,0,479
328532.876284,381724.092659,0,730
328385.564731,381851.461859,0,594
328575.084993,381748.679727,0,162
328148.078467,381755.851,0,730
328794.096817,381784.284282,0,730
328063.761652,381831.809906,0,730
328178.649175,381766.382042,0,30
328700.416012,381690.673356,0,630
328333.747481,381895.861267,0,730
328242.999122,381910.242416,0,730
328465.809095,381753.528235,0,718
328463.229291,381765.254852,0,646
328666.434625,381788.881234,0,730
328597.389391,381741.476808,0,635
328377.746221,381760.133587,0,704
328363.070698,381934.542605,0,730
328376.929622,381688.97338,0,583
328309.300773,381786.954244,0,730
328680.046779,381718.662623,0,730
328248.105597,381854.252016,0,107
328761.945771,381759.030758,0,160
328224.628921,381785.009362,0,730
328546.223184,381732.61849,0,730
328138.66797,381732.549475,0,504
328607.382995,381744.270878,0,60
328469.826365,381671.006418,0,512
328110.992641,381742.389661,0,579
328357.861043,381724.842615,0,45
328666.924267,381737.7587,0,185
328665.930215,381699.01387,0,730
328779.32324,381814.872682,0,730
328658.850266,381853.513145,0,730
328364.948923,381847.204945,0,730
328141.76554,381693.232261,0,296
328762.071054,381846.994501,0,730
328340.144989,381701.330292,0,730
328636.321457,381806.308681,0,570
328237.517828,381831.983115,0,730
328369.706802,381899.816476,0,730
328657.688573,381822.308584,0,730
328536.70239,381716.54411,0,630
328310.769333,381749.569859,0,730
328490.052874,381861.202219,0,543
328492.657323,381878.024419,0,730
328499.796443,381701.587686,0,38
328649.644265,381848.139015,0,730
328116.348084,381785.726039,0,611
328072.234929,381722.152371,0,730
328492.856114,381726.535536,0,730
328489.13408,381676.60208,0,730
328690.870794,381695.053549,0,599
328193.741818,381824.035752,0,490
328544.83941,381856.536858,0,640
328399.211517,381894.284261,0,730
328753.726016,381750.471646,0,720
328791.001228,381760.395964,0,730
328229.061359,381751.429357,0,730
328495.718735,381664.501196,0,730
328514.644833,381664.948363,0,414
328391.768137,381718.331593,0,730
328213.359141,381835.527683,0,730
328357.945441,381907.377649,0,730
328327.078694,381780.582061,0,399
328316.923879,381678.741803,0,620
328581.050777,381676.205281,0,730
328561.546353,381725.082813,0,730
328485.827255,381692.644209,0,135
328328.965123,381768.936389,0,730
328473.008367,381751.108294,0,567
328325.07122,381793.629238,0,730
328680.094459,381844.000263,0,401
328671.921722,381714.073169,0,258
328145.988283,381678.602896,0,321
328348.576624,381898.284735,0,369
328508.919241,381836.473646,0,667
328567.732683,381840.965181,0,137
328734.023861,381716.668573,0,387
328286.56919,381748.231138,0,730
328133.205301,381632.567754,0,730
328213.982322,381752.082125,0,452
328250.840273,381761.032515,0,730
328512.63345,381807.374869,0,730
328171.13983,381747.240583,0,366
328335.98092,381847.681569,0,595
328091.494934,381792.84302,0,306
328712.042714,381758.525105,0,725
328088.418954,381787.516156,0,730
328058.390082,381839.567977,0,149
328399.080613,381868.527152,0,529
328283.43655,381793.396481,0,171
328202.260932,381832.368575,0,730
328402.041296,381838.501592,0,730
328165.250533,381821.249921,0,730
328505.813805,381848.691182,0,542
328286.96404,381700.544552,0,730
328329.884723,381937.448399,0,151
328383.795693,381748.9286,0,366
328383.431364,381787.497057,0,299
328723.828068,381739.73679,0,730
328114.59682,381809.58144,0,730
328101.679326,381680.400325,0,593
328351.398756,381892.825365,0,211
328652.679471,381835.139888,0,730
328386.512786,381678.494687,0,553
328608.123476,381764.122105,0,386
328511.228023,381737.970425,0,402
328151.713932,381723.217102,0,730
328427.153867,381669.70422,0,309
328419.434655,381894.963764,0,730
328241.561503,381766.243241,0,688
328646.641244,381737.027759,0,677
328440.082897,381837.118288,0,730
328592.317933,381696.57338,0,360
328129.500009,381685.94677,0,295
328242.763378,381796.590761,0,730
328613.383851,381716.285199,0,715
328174.437879,381877.3173,0,121
328697.968955,381779.103537,0,692
328318.866925,381935.595013,0,501
328338.582948,381699.62621,0,730
328560.940028,381781.294508,0,730
328435.451689,381728.193804,0,730
328590.532226,381705.001054,0,730
328426.436412,381835.425682,0,268
328245.941065,381840.654155,0,730
328116.973151,381825.145936,0,482
328771.522941,381831.261892,0,730
328342.636974,381749.638662,0,730
328554.869229,381727.058194,0,730
328661.317538,381702.322084,0,730
328351.345132,381886.504515,0,730
328274.647378,381923.03086,0,383
328697.431225,381783.896541,0,112
328359.947212,381926.924805,0,730
328475.874762,381881.062323,0,730
328288.761144,381759.89344,0,429
328759.136252,381845.314337,0,730
328174.781832,381844.365003,0,607
328681.042657,381723.435118,0,116
328427.582555,381833.582964,0,192
328701.601559,381844.830269,0,730
328276.237484,381715.357591,0,730
328219.475825,381826.51886,0,730
328363.204388,381924.42966,0,730
328575.829207,381814.31736,0,730
328429.982998,381897.171071,0,730
328552.168219,381686.165862,0,689
328226.8822,381701.579391,0,180
328124.603686,381681.276149,0,225
328207.942267,381802.956355,0,274
328130.812965,381830.544944,0,730
328272.370028,381803.908259,0,730
328206.318414,381793.670558,0,730
328547.315658,381760.863999,0,730
328479.550348,381803.467953,0,206
328328.854637,381783.26836,0,540
328062.438687,381715.523934,0,414
328064.241412,381867.92205,0,31
328423.555138,381705.421558,0,730
328647.449451,381744.536982,0,387
328336.046944,381805.610116,0,730
328725.499174,381813.687178,0,131
328097.970784,381804.390565,0,730
328404.252042,381692.380297,0,151
328764.099611,381796.24371,0,555
328431.066421,381895.900186,0,730
328667.787739,381769.625537,0,730
328652.461273,381743.817837,0,464
328588.031773,381807.477121,0,42
328315.67638,381800.212141,0,730
328360.878112,381735.14721,0,384
328700.278967,381730.70949,0,523
328648.775305,381809.416406,0,556
328634.744342,381788.470863,0,730
328412.290759,381675.974841,0,569
328464.567591,381749.630712,0,730
328597.416523,381760.118885,0,14
328205.966177,381765.936205,0,29
328325.243071,381811.945679,0,730
328122.792731,381716.660355,0,499
328541.027917,381775.857583,0,730
328467.97615,381861.59267,0,730
328371.153069,381834.71138,0,730
328408.062924,381770.860138,0,398
328168.038165,381751.100953,0,381
328301.093326,381811.450904,0,730
328426.338017,381718.433674,0,483
328740.169005,381773.109089,0,264
328463.387215,381745.910719,0,730
328746.160177,381774.312129,0,655
328216.171495,381796.630746,0,319
328062.0637,381723.270573,0,730
328643.392822,381792.92837,0,730
328084.614726,381705.857627,0,570
328362.657331,381736.8391,0,652
328715.895618,381706.23134,0,309
328553.386018,381702.986813,0,730
328627.636182,381679.706228,0,600
328290.95377,381719.655514,0,730
328334.998058,381779.106679,0,730
328717.273165,381766.810595,0,698
328718.79236,381850.567931,0,730
328101.868266,381792.995176,0,730
328557.5492,381672.269056,0,448
328054.483778,381889.263174,0,730
328146.147587,381629.446471,0,728
328714.485551,381711.24231,0,704
328097.551531,381800.313528,0,730
328355.361695,381926.159339,0,543
328104.200131,381689.666455,0,730
328424.547653,381668.69451,0,313
328795.21883,381783.792023,0,495
328281.938507,381855.277688,0,730
328116.267305,381670.71344,0,730
328243.080459,381771.873022,0,730
328434.09066,381670.910518,0,478
328281.641519,381822.504983,0,513
328317.525562,381797.801305,0,730
328220.427964,381889.242403,0,590
328581.805572,381846.112118,0,198
328158.299251,381844.732771,0,700
328669.867555,381808.491988,0,623
328255.67783,381850.123766,0,730
328428.260388,381727.614604,0,730
328422.260484,381792.526965,0,730
328415.133802,381921.385137,0,730
328672.62292,381788.563848,0,687
328494.709598,381738.282754,0,730
328472.988203,381879.160043,0,730
328764.452432,381755.882645,0,730
328529.750607,381727.864291,0,129
328158.507754,381695.738566,0,296
328123.597582,381723.935351,0,564
328128.743513,381682.99928,0,217
328054.104107,381756.929377,0,440
328538.221769,381745.937931,0,696
328410.068167,381709.877062,0,302
328590.59182,381755.014176,0,730
328401.570271,381916.762007,0,306
328458.18726,381738.607738,0,730
328707.498592,381823.767195,0,730
328692.899867,381783.523702,0,339
328218.973557,381810.760075,0,145
328459.099621,381736.387786,0,420
328413.358691,381774.70365,0,660
328688.768679,381839.46261,0,413
328297.29991,381692.070673,0,730
328234.238447,381803.689947,0,730
328461.744348,381849.384055,0,730
328302.219859,381839.686558,0,730
328180.857819,381815.466716,0,702
328293.051328,381842.322859,0,730
328453.488236,381747.629338,0,730
328275.064277,381727.088185,0,730
328288.766804,381871.707447,0,730
328716.246029,381784.774953,0,371
328148.66998,381889.123625,0,124
328656.470827,381783.938724,0,85
328223.566097,381731.814189,0,24
328373.224254,381894.423254,0,539
328208.030621,381864.671899,0,256
328651.039312,381724.1967,0,613
328613.274459,381800.028496,0,730
328210.504333,381861.400341,0,730
328276.408405,381865.703647,0,730
328193.225439,381871.997342,0,730
328466.51491,381874.420108,0,104
328320.596123,381775.869508,0,485
328232.009681,381708.335674,0,126
328216.167647,381864.883388,0,730
328685.230954,381708.731437,0,338
328396.567134,381855.703662,0,529
328237.757082,381677.784644,0,730
328314.307072,381924.955998,0,730
328378.900763,381924.310071,0,730
328573.021491,381802.202563,0,730
328138.532468,381629.902405,0,730
328495.01649,381761.859833,0,556
328131.766527,381871.784461,0,497
328317.692589,381788.352788,0,663
328658.656059,381700.400536,0,730
328569.448783,381689.582091,0,730
328693.127828,381818.184845,0,730
328281.512462,381780.279538,0,730
328100.401141,381767.251936,0,730
328693.762245,381820.938129,0,508
328713.553842,381802.372778,0,612
328155.11895,381670.468044,0,625
328780.613118,381765.642188,0,302
328201.678625,381767.491424,0,730
328352.150379,381922.870196,0,730
328561.8432,381698.852521,0,730
328706.575279,381815.119547,0,730
328135.493374,381774.399213,0,283
328291.967582,381772.50554,0,730
328530.890788,381840.995163,0,312
328347.455166,381927.732582,0,455
328078.395682,381771.21349,0,478
328558.823655,381734.285702,0,482
328462.11788,381898.469093,0,730
328194.249807,381767.738651,0,730
328303.077028,381698.139556,0,730
328262.96803,381898.877828,0,730
328238.713955,381876.637904,0,468
328776.516438,381755.413552,0,730
328587.672052,381711.086414,0,351
328581.275749,381737.168377,0,41
328235.053192,381753.425864,0,552
328242.593361,381746.797159,0,449
328662.147335,381773.348613,0,63
328637.343643,381771.272034,0,443
328497.343273,381764.686096,0,222
328364.834683,381856.586849,0,730
328245.989139,381806.987288,0,730
328565.334214,381674.783773,0,347
328516.928295,381677.474296,0,673
328434.769714,381730.1067,0,653
328407.166481,381832.675484,0,730
328306.695756,381794.218151,0,221
328127.069283,381802.422363,0,730
328693.706692,381845.247532,0,436
328175.615098,381678.883623,0,730
328724.47796,381794.464003,0,685
328316.872108,381755.104904,0,730
328195.932161,381861.138512,0,730
328363.337973,381694.101179,0,672
328181.727039,381690.700155,0,730
328155.883035,381668.263626,0,730
328407.957749,381882.033588,0,730
328592.821396,381729.632789,0,730
328098.808316,381698.290728,0,730
328701.436757,381829.959483,0,541
328136.860063,381864.631698,0,730
328313.985134,381781.566513,0,730
328411.697983,381740.823365,0,722
328418.215388,381821.305532,0,730
328171.637585,381720.462084,0,730
328748.553514,381764.761405,0,434
328709.720648,381808.819634,0,730
328517.936529,381773.511272,0,730
328526.666671,381700.675126,0,245
328418.352872,381683.232414,0,252
328257.454894,381857.458755,0,209
328628.767369,381849.166851,0,730
328581.558862,381832.537793,0,26
328429.916396,381699.8626,0,378
328689.610333,381719.018914,0,470
328443.651425,381843.250893,0,326
328340.520197,381785.290028,0,162
328057.680518,381746.888776,0,730
328434.572859,381683.887703,0,409
328727.469871,381857.204248,0,613
328391.041674,381729.219719,0,131
328285.765969,381876.775568,0,714
328508.611334,381677.013986,0,730
328413.813688,381736.529994,0,434
328424.571528,381819.806397,0,730
328604.898664,381824.228077,0,515
328643.147137,381733.189457,0,675
328115.996388,381697.602152,0,730
328068.047889,381841.738432,0,730
328418.608445,381699.983235,0,79
328243.289591,381834.244012,0,444
328057.093638,381777.638359,0,730
328458.677893,381806.560906,0,571
328300.455306,381693.025094,0,730
328141.097408,381680.499585,0,119
328322.278595,381816.813719,0,730
328753.720863,381808.847123,0,730
328480.799719,381804.355606,0,730
328140.453767,381749.355584,0,730
328411.713509,381681.993174,0,730
328298.507234,381799.066364,0,730
328254.411833,381670.03271,0,730
328499.78045,381770.486729,0,182
328531.344474,381729.046441,0,730
328450.927946,381703.704279,0,730
328440.989908,381779.168943,0,730
328058.37424,381879.053218,0,730
328703.056364,381688.059629,0,730
328386.990771,381735.811293,0,5
328409.821033,381817.182171,0,314
328214.681869,381741.634273,0,280
328247.984463,381705.092031,0,730
328109.190174,381714.706061,0,195
328575.665627,381850.073289,0,730
328234.536312,381801.310769,0,730
328126.580111,381658.281732,0,657
328352.909581,381926.87826,0,730
328713.821859,381830.767823,0,428
328180.309026,381870.900325,0,383
328094.950845,381835.807889,0,730
328323.310576,381925.123269,0,580
328251.653413,381832.476512,0,140
328270.476704,381907.241537,0,287
328131.518688,381834.098332,0,649
328626.893587,381751.890078,0,559
328088.292946,381852.743219,0,730
328281.457305,381822.218808,0,730
328356.985387,381853.095562,0,730
328329.737763,381723.534983,0,730
328159.425017,381653.093221,0,494
328571.275689,381745.82364,0,672
328437.24788,381722.940098,0,730
328363.167713,381747.664547,0,730
328256.71811,381847.776737,0,730
328102.994015,381700.186892,0,377
328353.832697,381843.522455,0,730
328368.91413,381717.368541,0,167
328142.618392,381870.672745,0,46
328508.581983,381822.267352,0,730
328684.734489,381683.616688,0,487
328611.450034,381832.661475,0,730
328325.957073,381835.193501,0,172
328325.39577,381909.73236,0,442
328541.796262,381720.812684,0,87
328239.116046,381739.112577,0,730
328412.122713,381907.312549,0,33
328503.847726,381735.415703,0,730
328227.086743,381895.283449,0,109
328476.909701,381739.208614,0,730
328618.941674,381839.669859,0,18
328686.527619,381739.892431,0,675
328631.573205,381794.784886,0,706
328576.161258,381798.78494,0,730
328344.457182,381857.297283,0,195
328672.86049,381850.960285,0,730
328474.296749,381739.860686,0,730
328296.718239,381674.215911,0,730
328082.32564,381903.544185,0,466
328362.639146,381896.649311,0,730
328433.796059,381884.352054,0,249
328070.610433,381902.849554,0,693
328643.224192,381775.714084,0,730
328610.425211,381847.499068,0,730
328414.281202,381810.542964,0,730
328132.435106,381803.450458,0,310
328570.188415,381778.339831,0,644
328093.941855,381725.711709,0,76
328394.071325,381886.461929,0,730
328585.37007,381786.762292,0,659
328776.344922,381833.19196,0,730
328308.636506,381774.130578,0,466
328660.435636,381764.283284,0,619
328080.300379,381882.799999,0,730
328153.377623,381706.50757,0,730
328368.979634,381801.946221,0,730
328261.870741,381793.272133,0,163
328330.921489,381747.903489,0,730
328356.793746,381719.705288,0,730
328054.433409,381808.017574,0,525
328169.043863,381723.182409,0,730
328222.020279,381685.226408,0,730
328767.617146,381841.873608,0,730
328418.262784,381869.820823,0,730
328723.313343,381759.132358,0,676
328711.924919,381845.046128,0,392
328263.243992,381896.869282,0,730
328287.02849,381702.852254,0,610
328637.511822,381760.177051,0,730
328183.469592,381689.471551,0,730
328712.669261,381783.261775,0,432
328075.538178,381775.547544,0,730
328295.045219,381776.666596,0,730
328458.939985,381759.302974,0,509
328556.08052,381853.070468,0,730
328134.763457,381818.62294,0,475
328397.917932,381815.309592,0,730
328600.668353,381811.173816,0,56
328143.606649,381687.246903,0,730
328609.327916,381722.067906,0,730
328752.497431,381828.164975,0,730
328185.380545,381757.14116,0,730
328434.664274,381740.819757,0,3
328313.289987,381922.364252,0,588
328467.962862,381831.269937,0,70
328773.523151,381839.937536,0,730
328291.655662,381749.885765,0,730
328787.660934,381806.231492,0,200
328676.992923,381709.349865,0,730
328394.258519,381933.801122,0,730
328233.114122,381800.336937,0,730
328604.430741,381749.040909,0,730
328547.808819,381687.759003,0,599
328515.868915,381849.157039,0,303
328714.649616,381760.513264,0,730
328143.257924,381792.537395,0,319
328690.452435,381802.948904,0,550
328575.531803,381777.98987,0,591
328283.496418,381781.051274,0,730
328420.475764,381922.939701,0,730
328738.173206,381839.493278,0,23
328659.961036,381761.562111,0,594
328300.548732,381888.803445,0,730
328336.666146,381911.872516,0,680
328477.600483,381666.358225,0,565
328412.745737,381769.884657,0,730
328607.714721,381805.249084,0,93
328188.64237,381824.251325,0,437
328412.076632,381900.040422,0,332
328599.379295,381805.4338,0,730
328123.583547,381690.746344,0,407
328369.476149,381708.363089,0,730
328152.061646,381832.093889,0,730
328108.028665,381727.725526,0,730
328268.759995,381821.856517,0,730
328489.439393,381797.541951,0,730
328327.415455,381850.86594,0,730
328552.469732,381688.042219,0,444
328118.294976,381696.698161,0,730
328104.064062,381765.791601,0,481
328247.059228,381887.098518,0,730
328395.594449,381928.304678,0,544
328275.695979,381685.521111,0,177
328678.491402,381719.034218,0,730
328341.493914,381799.924199,0,730
328689.705656,381766.902929,0,730
328477.62946,381795.886693,0,547
328405.239407,381721.264056,0,730
328660.406516,381822.252413,0,194
328280.286645,381687.655359,0,112
328652.980231,381692.638178,0,730
328455.58947,381865.361864,0,730
328472.937771,381814.279402,0,730
328353.638684,381770.218002,0,730
328337.823832,381929.662575,0,307
328723.491688,381767.477812,0,730
328759.904232,381865.345461,0,730
328134.393828,381655.348248,0,415
328152.578364,381693.628163,0,730
328257.34236,381797.595328,0,663
328788.868327,381773.867947,0,730
328389.641626,381812.004844,0,8
328119.795735,381885.114909,0,616
328300.567844,381714.567122,0,194
328429.791074,381784.790318,0,730
328322.359461,381807.71257,0,396
328610.677116,381733.140435,0,730
328593.225834,381796.188679,0,538
328445.10625,381822.7734,0,391
328305.680971,381708.249802,0,730
328536.48727,381666.984063,0,382
328255.413502,381860.587281,0,730
328689.458436,381852.95393,0,395
328365.690137,381727.31275,0,730
328644.330387,381746.19163,0,730
328340.131002,381793.425536,0,730
328441.516632,381711.266653,0,730
328714.125767,381807.257067,0,697
328718.40174,381821.78962,0,412
328524.037941,381764.180537,0,148
328159.866941,381700.383751,0,476
328469.281524,381769.737702,0,9
328182.433152,381653.515632,0,730
328286.707097,381824.354437,0,730
328456.59484,381692.431925,0,531
328755.868407,381839.146718,0,535
328624.495285,381728.391513,0,680
328490.601177,381817.593341,0,730
328080.74158,381903.968995,0,457
328380.198249,381871.021923,0,730
328798.577468,381806.105935,0,730
328750.386183,381735.743392,0,730
328693.675643,381753.591202,0,730
328716.081974,381754.249836,0,596
328464.017641,381872.611446,0,730
328375.739717,381830.072624,0,730
328139.405518,381887.551256,0,678
328280.208127,381802.814826,0,730
328441.28958,381905.87566,0,730
328510.443378,381838.73286,0,730
328058.665267,381810.275682,0,21
328628.132184,381803.793456,0,247
328564.156768,381784.118561,0,75
328342.673015,381852.522255,0,681
328384.370713,381846.483327,0,730
328769.827952,381825.672662,0,730
328435.887965,381673.761791,0,730
328775.310917,381788.860468,0,730
328434.409513,381675.959702,0,425
328340.881274,381750.601394,0,730
328316.230327,381677.74804,0,730
328246.686469,381737.994671,0,730
328725.009225,381789.08444,0,730
328425.299221,381692.676715,0,730
328428.909249,381803.76142,0,730
328220.643819,381806.945255,0,198
328579.339137,381819.227452,0,730
328406.637829,381745.794738,0,580
328714.241391,381827.001382,0,348
328718.849561,381815.915873,0,216
328148.00846,381750.615098,0,730
328273.315917,381869.624323,0,1
328251.122509,381709.335867,0,730
328299.491691,381889.787486,0,540
328577.889534,381810.29162,0,730
328411.488446,381770.795929,0,730
328264.956927,381869.777314,0,730
328697.958984,381723.868205,0,86
328735.182949,381713.976043,0,560
328356.265045,381720.47057,0,730
328580.139418,381820.653885,0,730
328331.88105,381704.321686,0,584
328620.134495,381806.093425,0,552
328695.319591,381830.410267,0,628
328303.995715,381812.356316,0,730
328755.815998,381825.121421,0,730
328440.937853,381816.700586,0,730
328342.090779,381921.420368,0,725
328652.373451,381832.346291,0,730
328635.447357,381823.246171,0,119
328432.03123,381914.4206,0,730
328138.598988,381800.700184,0,730
328306.138207,381683.931983,0,730
328612.635182,381773.995514,0,730
328297.456428,381879.606509,0,730
328115.33117,381865.482493,0,730
328234.430493,381695.412466,0,718
328087.422943,381792.493957,0,730
328759.131825,381839.341488,0,143
328271.50555,381898.393266,0,266
328062.897111,381793.341192,0,730
328158.299105,381681.059291,0,730
328307.913709,381802.7805,0,441
328413.088334,381820.779776,0,253
328429.872765,381777.256512,0,730
328569.071819,381839.669126,0,691
328489.76682,381667.971552,0,332
328456.950686,381849.750931,0,130
328595.804156,381837.183309,0,730
328250.37585,381692.76323,0,730
328159.288303,381857.432133,0,648
328367.412867,381711.382616,0,730
328263.187185,381858.182752,0,730
328393.488673,381772.793921,0,730
328337.518461,381768.964181,0,730
328182.331333,381680.044297,0,730
328134.036391,381857.315322,0,730
328303.241081,381722.834309,0,152
328615.385506,381845.711911,0,730
328263.688785,381804.17786,0,730
328267.674658,381749.365685,0,163
328403.944295,381904.84621,0,730
328232.997709,381817.036813,0,719
328415.20005,381745.788586,0,559
328448.876039,381910.999016,0,730
328101.09189,381841.37659,0,730
328426.407545,381926.597394,0,639
328524.145357,381714.862422,0,323
328061.343925,381786.135108,0,376
328277.639926,381851.231749,0,730
328060.029365,381757.825689,0,235
328155.641541,381698.9593,0,730
328540.341494,381680.920175,0,568
328511.476279,381839.499034,0,730
328627.563064,381822.035373,0,609
328403.27679,381921.539843,0,370
328687.91761,381807.064843,0,730
328536.745077,381684.549192,0,69
328118.182767,381646.758729,0,730
328717.159912,381817.232707,0,730
328434.83497,381890.195691,0,493
328605.537946,381786.259426,0,730
328124.001399,381682.959313,0,343
328439.160703,381766.598686,0,730
328370.606618,381759.822121,0,574
328176.320014,381842.325179,0,730
328127.43918,381630.989391,0,587
328375.436494,381767.121285,0,730
328074.36334,381726.718199,0,488
328758.619681,381751.067575,0,730
328179.475963,381684.120349,0,233
328291.153037,381703.655514,0,730
328334.391316,381852.428271,0,141
328169.248482,381845.826437,0,557
328764.21998,381801.297754,0,730
328266.092701,381910.794002,0,730
328110.678107,381831.024307,0,354
328113.191932,381645.937343,0,730
328726.84678,381748.113398,0,730
328436.205306,381711.76879,0,722
328069.838322,381786.544273,0,730
328268.763892,381796.894533,0,730
328348.780602,381790.447516,0,730
328473.286846,381721.364108,0,730
328698.781328,381685.418035,0,730
328521.772567,381810.69704,0,518
328392.755479,381836.285248,0,258
328405.111369,381887.724279,0,657
328340.887337,381812.248368,0,730
328395.844855,381734.222472,0,283
328223.647017,381801.34721,0,659
328120.540099,381670.114649,0,99
328419.184413,381809.759508,0,27
328243.017849,381877.199376,0,624
328191.914189,381687.765372,0,730
328358.854793,381806.350219,0,730
328137.737482,381710.47977,0,730
328470.178017,381754.113478,0,625
328173.70688,381862.124999,0,341
328137.94803,381680.448607,0,193
328750.394576,381785.611346,0,526
328538.631428,381780.504321,0,636
328718.426167,381859.512968,0,730
328139.136528,381711.17221,0,730
328263.822889,381853.81386,0,730
328793.795078,381746.157005,0,730
328055.369078,381747.175709,0,730
328328.49317,381850.248315,0,197
328795.263857,381801.988603,0,669
328304.679756,381909.891137,0,730
328489.469145,381859.714573,0,730
328073.109071,381853.725476,0,453
328188.147677,381708.606878,0,665
328086.340301,381752.517091,0,730
328246.996817,381810.033736,0,730
328087.900219,381794.618976,0,730
328708.693568,381775.867012,0,522
328114.760299,381638.560822,0,186
328754.532792,381753.084535,0,730
328808.294046,381769.189348,0,457
328552.051192,381820.674848,0,257
328218.94602,381842.540158,0,730
328580.852077,381766.832021,0,730
328151.467708,381635.958873,0,114
328396.131029,381767.342043,0,315
328299.217582,381778.734172,0,730
328781.315279,381812.581683,0,730
328413.519544,381834.386493,0,642
328527.846549,381856.315353,0,730
328256.067639,381830.474847,0,263
328176.848956,381824.585159,0,566
328408.15425,381796.407763,0,394
328335.080045,381790.128823,0,730
328432.400647,381789.615022,0,562
328617.017163,381830.451097,0,730
328650.208479,381729.744057,0,730
328103.003755,381691.069406,0,730
328288.151131,381847.934902,0,547
328342.627467,381874.981929,0,193
328319.233607,381876.365568,0,730
328452.560738,381758.719392,0,705
328125.40323,381831.696559,0,590
328434.581006,381841.079056,0,730
328428.955728,381703.95808,0,730
328428.913421,381769.840535,0,730
328216.94125,381856.702194,0,730
328134.933229,381711.800833,0,142
328244.553812,381765.864254,0,710
328519.105014,381688.119615,0,158
328279.264502,381751.580363,0,176
328074.957478,381876.52306,0,130
328763.419866,381841.980157,0,68
328652.465812,381724.127412,0,351
328122.472322,381873.445014,0,730
328589.016386,381806.251992,0,730
328520.293079,381704.9138,0,364
328560.570322,381755.05942,0,142
328379.154236,381866.379674,0,164
328633.186151,381685.70423,0,1
328507.200673,381757.830727,0,730
328263.908329,381810.98814,0,243
328470.985385,381668.439102,0,730
328624.90158,381832.309087,0,730
328555.173047,381785.195385,0,577
328506.424216,381672.642122,0,730
328256.789104,381720.564101,0,438
328322.334875,381842.552946,0,585
328386.347661,381931.093336,0,730
328663.864031,381843.171001,0,708
328714.810254,381783.197965,0,703
328617.576054,381803.003882,0,451
328624.747878,381727.043515,0,730
328395.708934,381842.427343,0,670
328775.532948,381858.448234,0,730
328366.110496,381725.306684,0,169
328395.162868,381882.864258,0,730
328317.885155,381927.583918,0,730
328255.403681,381820.914735,0,221
328340.501494,381768.782524,0,730
328212.133912,381752.270144,0,730
328513.392421,381738.358816,0,730
328350.853611,381688.200045,0,502
328296.405536,381832.206737,0,551
328653.343998,381849.085571,0,730
328503.602825,381791.906048,0,730
328376.159968,381686.025839,0,199
328348.272113,381893.777194,0,310
328524.666311,381841.56803,0,228
328664.701768,381842.526755,0,730
328393.888096,381749.263773,0,730
328582.933955,381809.569073,0,730
328151.022982,381834.543386,0,125
328480.201199,381668.079421,0,730
328398.533694,381922.644569,0,713
328255.91143,381849.358992,0,88
328123.06909,381638.089134,0,155
328367.400917,381884.32735,0,730
328150.888034,381669.583822,0,730
328660.59199,381706.998421,0,134
328078.863918,381843.447436,0,730
328357.5644,381694.806929,0,80
328440.009753,381888.650193,0,276
328468.398897,381762.744572,0,730
328412.012122,381706.006417,0,730
328476.585699,381691.279645,0,485
328636.468864,381836.852493,0,103
328103.187127,381820.803387,0,95
328786.631321,381814.561317,0,215
328281.433832,381747.843771,0,730
328493.280572,381795.671219,0,289
328720.654541,381744.516716,0,641
328480.396181,381688.873146,0,629
328449.120587,381664.878555,0,293
328139.385817,381748.207168,0,730
328202.474059,381814.580906,0,730
328149.694473,381632.378847,0,730
328608.383642,381748.351138,0,601
328537.739863,381835.79511,0,104
328381.352039,381872.958385,0,424
328677.527719,381742.127982,0,324
328238.715371,381757.558744,0,728
328615.67228,381828.085504,0,730
328300.439955,381707.622275,0,2
328722.337408,381830.493645,0,730
328287.595352,381876.582395,0,278
328157.625405,381640.692175,0,681
328177.51898,381874.866666,0,730
328343.313963,381796.038263,0,730
328430.157659,381716.546505,0,24
328252.165237,381836.83841,0,730
328114.733236,381872.336755,0,381
328218.716064,381863.724393,0,686
328087.866895,381837.562289,0,431
328220.771703,381851.93856,0,730
328203.684024,381683.192953,0,730
328296.883723,381705.988219,0,76
328564.418308,381713.828261,0,730
328216.314763,381667.293107,0,730
328316.431351,381855.920714,0,469
328323.530318,381836.906158,0,377
328418.327388,381702.235714,0,401
328258.464341,381686.842203,0,730
328810.636286,381778.035372,0,132
328154.249906,381757.155211,0,469
328393.302533,381823.049204,0,730
328190.414197,381684.79143,0,730
328543.212623,381725.85917,0,730
328129.5671,381801.883925,0,730
328530.595792,381785.775711,0,572
328478.85573,381775.611258,0,730
328739.678667,381728.947516,0,503
328765.853684,381824.576381,0,574
328646.60523,381732.032417,0,480
328457.602625,381847.62939,0,726
328264.819194,381814.885102,0,730
328285.22664,381815.903409,0,467
328698.796233,381749.934198,0,730
328369.29282,381784.214011,0,730
328438.640152,381679.500405,0,591
328475.43009,381852.427522,0,730
328405.702665,381857.238263,0,730
328639.992867,381686.412001,0,77
328499.086693,381790.002386,0,730
328323.510594,381905.224718,0,632
328388.516768,381807.105689,0,300
328424.06733,381908.417051,0,730
328564.448088,381750.613177,0,178
328387.909474,381697.878,0,730
328214.78003,381664.555199,0,730
328239.969716,381662.157502,0,335
328101.623902,381735.013664,0,589
328102.491863,381715.808098,0,379
328512.460021,381661.653514,0,730
328545.1574,381853.366137,0,730
328608.244374,381808.935886,0,372
328474.173432,381831.476278,0,730
328401.761423,381907.156933,0,546
328324.650902,381753.082631,0,333
328434.446352,381671.978787,0,662
328448.873688,381892.259401,0,269
328533.75628,381673.402593,0,730
328552.098664,381846.840814,0,701
328492.727978,381683.551266,0,730
328605.166224,381834.480779,0,403
328600.494498,381767.013299,0,730
328467.296146,381747.872417,0,539
328438.796096,381731.677699,0,730
328583.454376,381822.726347,0,730
328121.511237,381876.108529,0,144
328216.992026,381751.499516,0,730
328614.051969,381714.334532,0,730
328582.657332,381791.638976,0,355
328301.328607,381715.861768,0,730
328403.049269,381828.798788,0,730
328259.571355,381710.452889,0,423
328392.841567,381852.327289,0,730
328668.58071,381761.076434,0,730
328345.364882,381934.791115,0,242
328483.23323,381663.151558,0,226
328349.397875,381931.899657,0,730
328770.63408,381854.491707,0,146
328636.357048,381726.13022,0,357
328223.825963,381841.599978,0,335
328378.629585,381873.666393,0,274
328669.819189,381696.268783,0,730
328390.841168,381753.202739,0,323
328717.047439,381811.188167,0,398
328166.14998,381682.210054,0,730
328240.087278,381849.792562,0,654
328445.1104,381903.260774,0,422
328204.667225,381876.971021,0,730
328425.63277,381680.828413,0,405
328767.541503,381745.982645,0,730
328399.412206,381890.949455,0,100
328207.273664,381677.361368,0,605
328214.816489,381798.305258,0,730
328536.043322,381713.725386,0,730
328437.473174,381784.275881,0,730
328265.987497,381708.993349,0,558
328064.755441,381782.772162,0,460
328119.121538,381667.615227,0,730
328333.053349,381824.89663,0,54
328163.22184,381885.189333,0,360
328665.249668,381790.227834,0,456
328346.107727,381864.528134,0,689
328180.35138,381653.215081,0,730
328749.660341,381745.015376,0,481
328469.791092,381746.138856,0,135
328134.50362,381782.233597,0,730
328164.924308,381814.619273,0,141
328077.782756,381752.961614,0,730
328647.979623,381819.965602,0,730
328129.429544,381850.497001,0,730
328620.858094,381806.440534,0,730
328647.228087,381746.041514,0,730
328653.106696,381776.311796,0,730
328566.806205,381737.666607,0,730
328074.74429,381856.936433,0,576
328642.482372,381689.435625,0,655
328588.666835,381780.078993,0,730
328369.45728,381782.850914,0,730
328747.601777,381793.381575,0,567
328261.096748,381895.553529,0,340
328318.761065,381752.806562,0,288
328287.434227,381851.932137,0,730
328487.337596,381869.246422,0,730
328623.550496,381739.541613,0,334
328413.121237,381901.555447,0,730
328294.313143,381696.323904,0,730
328235.327366,381771.824642,0,730
328171.233548,381665.584039,0,730
328334.967713,381828.021308,0,730
328249.51472,381872.260558,0,730
328552.921879,381844.99938,0,244
328163.133999,381647.068132,0,730
328710.515017,381701.074329,0,633
328522.526803,381847.644675,0,730
328198.798527,381817.191609,0,352
328412.761966,381873.193364,0,730
328496.581504,381870.997891,0,730
328464.9465,381810.194984,0,83
328220.050613,381730.736588,0,25
328734.990976,381861.201313,0,730
328662.047028,381705.679,0,716
328242.732436,381678.994769,0,730
328394.817328,381781.061629,0,408
328213.803097,381685.013444,0,389
328246.784831,381876.297215,0,730
328397.451035,381682.928777,0,730
328364.60151,381911.849404,0,730
328088.820983,381698.926452,0,229
328696.199517,381733.905927,0,730
328685.280766,381766.721618,0,730
328461.183101,381794.42076,0,730
328632.373513,381798.542347,0,730
328126.157552,381708.334748,0,647
328089.757024,381887.751902,0,730
328504.913973,381796.032768,0,301
328512.997493,381803.013305,0,446
328259.971776,381856.488538,0,730
328303.906633,381782.835277,0,730
328197.015598,381755.911502,0,730
328372.896709,381800.746046,0,19
328349.515485,381855.059938,0,730
328480.749453,381683.337162,0,545
328221.198938,381886.773396,0,350
328235.469245,381666.181549,0,79
328175.913649,381651.270679,0,137
328770.218419,381745.530703,0,730
328147.928623,381658.689518,0,166
328154.155833,381739.087958,0,730
328718.544202,381764.440053,0,730
328281.109238,381777.714682,0,527
328131.297224,381690.984062,0,622
328086.694978,381820.341218,0,365
328402.972716,381936.717919,0,730
328459.787957,381833.376859,0,705
328737.358238,381831.093301,0,322
328730.997752,381843.93055,0,234
328317.930302,381906.610615,0,730
328305.697543,381796.680374,0,730
328632.388533,381751.033993,0,212
328181.300682,381645.551587,0,730
328609.924157,381808.889624,0,551
328534.109401,381768.840591,0,730
328060.937975,381907.740929,0,488
328270.85988,381688.913961,0,519
328429.219626,381924.111754,0,730
328307.297091,381896.036053,0,730
328415.231512,381773.012635,0,330
328726.230242,381846.754464,0,375
328109.429509,381903.077067,0,730
328573.012634,381816.114354,0,68
328683.731996,381768.064235,0,730
328279.958721,381744.990805,0,730
328188.666105,381817.877646,0,730
328142.901225,381676.10771,0,307
328414.223172,381840.773022,0,730
328462.596421,381825.919719,0,472
328132.505994,381815.085605,0,730
328053.65221,381763.806813,0,363
328806.02801,381751.935412,0,248
328302.325534,381859.56732,0,505
328208.036829,381801.928528,0,730
328302.295687,381736.860265,0,730
328401.172159,381837.839588,0,730
328414.589082,381788.207538,0,417
328342.983354,381923.366448,0,730
328311.961641,381823.266482,0,730
328180.46544,381737.535203,0,118
328629.190674,381700.434343,0,730
328549.745798,381726.165023,0,730
328392.787245,381782.082572,0,656
328330.767745,381913.906641,0,730
328181.050524,381699.543593,0,709
328370.140923,381834.262042,0,549
328176.031957,381756.731407,0,730
328539.657702,381774.037425,0,303
328425.622401,381911.991522,0,730
328674.842534,381789.529942,0,730
328711.608278,381792.141481,0,25
328724.368013,381824.102629,0,404
328783.21264,381820.457018,0,730
328570.072335,381792.981079,0,709
328410.88044,381896.598536,0,344
328653.19489,381846.58664,0,316
328128.291893,381854.773217,0,644
328749.872102,381788.197195,0,168
328466.754319,381743.122629,0,280
328358.685508,381890.016179,0,406
328492.213114,381778.055125,0,730
328727.904121,381860.493824,0,730
328206.624728,381653.686094,0,730
328576.164014,381806.870322,0,730
328485.418493,381720.814446,0,500
328080.348175,381727.801194,0,47
328270.63791,381709.019422,0,418
328380.545677,381858.473601,0,730
328247.51611,381872.47671,0,730
328318.339845,381832.078728,0,127
328519.063819,381677.803716,0,730
328289.893808,381713.629243,0,730
328087.834307,381703.980794,0,617
328798.103329,381748.692464,0,730
328347.420933,381703.431469,0,431
328284.182216,381753.499161,0,554
328334.112792,381820.479639,0,171
328343.718326,381731.983164,0,730
328242.441864,381827.40567,0,730
328366.963922,381926.496932,0,730
328324.161863,381870.151897,0,355
328267.488384,381807.290641,0,514
328733.085031,381788.8495,0,661
328538.040062,381726.267572,0,460
328384.998354,381877.665786,0,563
328161.316085,381647.17983,0,650
328166.825097,381655.741001,0,685
328445.224328,381809.294692,0,730
328684.377038,381809.388456,0,730
328262.585602,381782.029604,0,730
328559.17426,381724.708896,0,615
328725.374974,381740.808,0,730
328514.240211,381729.855077,0,596
328394.895619,381786.390683,0,211
328426.415224,381672.140526,0,168
328145.079142,381695.283792,0,730
328384.203852,381747.953334,0,678
328269.473665,381813.960944,0,604
328565.180968,381808.307404,0,710
328089.137256,381793.526568,0,593
328615.874721,381750.249962,0,730
328401.592086,381766.7184,0,196
328099.360546,381903.839396,0,46
328553.495534,381759.669686,0,730
328128.800757,381655.063679,0,301
328634.805884,381851.742832,0,37
328106.207808,381749.544893,0,581
328763.829728,381824.980801,0,421
328381.073877,381850.185762,0,324
328080.140325,381828.706757,0,59
328423.364619,381810.753731,0,650
328729.875138,381737.177015,0,159
328463.252883,381867.114095,0,279
328197.241248,381738.243974,0,730
328314.336648,381814.892355,0,508
328125.237026,381806.291484,0,270
328688.125769,381800.728147,0,730
328283.406908,381767.691768,0,449
328589.210361,381716.990666,0,327
328307.803336,381768.835291,0,730
328317.424355,381837.002374,0,491
328646.068027,381788.821746,0,730
328292.692473,381810.395084,0,730
328632.469933,381773.875895,0,730
328632.740679,381741.982704,0,730
328350.953845,381884.965646,0,507
328586.581044,381764.172003,0,483
328336.011599,381737.536825,0,730
328716.323224,381851.596294,0,428
328520.025281,381821.985655,0,730
328757.841923,381739.852513,0,730
328306.694844,381852.331922,0,56
328215.92499,381851.390164,0,694
328188.465946,381782.822164,0,60
328707.511185,381792.688058,0,664
328244.805357,381693.750991,0,730
328643.005403,381687.458686,0,730
328416.487061,381933.924667,0,492
328496.680231,381681.785012,0,730
328716.971161,381703.390301,0,730
328206.836254,381859.358117,0,2
328069.300598,381710.53036,0,415
328448.956711,381661.726519,0,730
328364.304346,381926.655909,0,730
328512.47529,381856.078604,0,109
328179.626495,381640.418242,0,329
328641.132602,381802.742172,0,730
328475.446774,381792.711611,0,658
328744.53722,381734.630535,0,730
328721.646816,381746.607057,0,575
328707.550423,381723.462935,0,265
328261.049318,381828.54776,0,730
328301.772494,381730.076849,0,730
328492.68251,381659.114201,0,730
328532.431818,381749.295095,0,730
328633.063311,381718.113688,0,362
328182.01122,381843.595838,0,730
328738.994528,381788.968783,0,578
328487.573848,381757.720399,0,730
328172.561326,381647.303919,0,279
328416.623516,381905.890669,0,205
328058.392935,381808.819326,0,730
328566.475879,381793.047354,0,730
328694.41364,381725.625612,0,30
328079.630946,381726.624004,0,275
328160.631168,381890.14959,0,706
328421.399143,381770.524765,0,730
328440.00948,381888.748444,0,730
328090.5109,381788.042305,0,411
328721.501217,381702.556057,0,730
328463.010001,381801.375095,0,277
328460.74767,381856.41376,0,730
328281.052522,381801.246453,0,730
328390.951609,381858.303811,0,191
328162.593959,381776.129509,0,730
328616.187075,381775.819605,0,730
328585.931998,381832.542564,0,57
328683.424962,381746.818311,0,730
328400.108739,381921.977495,0,246
328210.031849,381830.895756,0,277
328341.136968,381886.620274,0,730
328293.452674,381885.654659,0,94
328776.877452,381873.151949,0,730
328194.241925,381743.411134,0,730
328461.761604,381719.925748,0,730
328257.994355,381905.489974,0,730
328324.290277,381823.186511,0,715
328266.039228,381869.093271,0,636
328097.315358,381877.829408,0,730
328143.462414,381716.114937,0,730
328405.925546,381734.612825,0,260
328522.170318,381842.169397,0,730
328570.804548,381822.197835,0,730
328239.579241,381673.485768,0,730
328325.841179,381912.172516,0,634
328403.790977,381803.45876,0,22
328430.422104,381824.511313,0,400
328511.568425,381863.889978,0,730
328239.547261,381878.924699,0,496
328330.2302,381937.35876,0,730
328646.910845,381687.387158,0,380
328265.083214,381762.918016,0,730
328587.578095,381697.431898,0,626
328173.548032,381877.62914,0,583
328396.09399,381725.039368,0,101
328373.348424,381883.814261,0,730
328702.102519,381847.946343,0,36
328493.237033,381852.973499,0,254
328556.808704,381758.117224,0,271
328329.873256,381852.521967,0,390
328493.362472,381748.273516,0,629
328312.783598,381762.828181,0,730
328103.897479,381850.583043,0,730
328166.893289,381650.900541,0,575
328165.762455,381785.415979,0,730
328719.065364,381777.668804,0,159
328316.955293,381915.764143,0,209
328760.771397,381783.097965,0,730
328237.882829,381897.567747,0,394
328263.060398,381886.808808,0,730
328163.778634,381660.916911,0,730
328277.186041,381736.882782,0,730
328703.261833,381695.37071,0,108
328211.762075,381705.39993,0,730
328357.46349,381916.16369,0,730
328584.910552,381835.317881,0,730
328148.194708,381651.858723,0,730
328639.760509,381763.057031,0,150
328078.86538,381755.42708,0,577
328266.458125,381736.293603,0,730
328369.154174,381870.204695,0,730
328361.400882,381948.386616,0,695
328764.885929,381865.315315,0,528
328713.403217,381798.937462,0,682
328184.253546,381650.836774,0,730
328177.774442,381876.071582,0,648
328440.271678,381671.077614,0,554
328440.392154,381906.959252,0,730
328793.675056,381768.452121,0,427
328779.656971,381804.597482,0,730
328076.02945,381833.827558,0,730
328712.11306,381732.549128,0,730
328143.213596,381645.241239,0,730
328409.245361,381861.846197,0,336
328765.863429,381837.778256,0,724
328309.492205,381714.351243,0,270
328150.976286,381827.319461,0,557
328215.94486,381759.04919,0,730
328359.094884,381892.272001,0,727
328340.808781,381761.036965,0,249
328507.648931,381688.862945,0,730
328088.859476,381888.854223,0,334
328375.917305,381861.402901,0,730
328120.54095,381779.101884,0,336
328251.893229,381796.709243,0,730
328360.680334,381783.324917,0,686
328524.982024,381699.391114,0,730
328441.034026,381907.616237,0,730
328382.540465,381744.663675,0,589
328173.071157,381836.613465,0,291
328400.487507,381830.404286,0,730
328486.099915,381692.413416,0,730
328555.019846,381730.038599,0,730
328200.532684,381671.296653,0,27
328132.18977,381773.690916,0,730
328314.499025,381837.434544,0,679
328086.386233,381710.49645,0,730
328063.427075,381799.439967,0,155
328652.257717,381710.760257,0,272
328697.8149,381741.954662,0,730
328680.447416,381794.060492,0,730
328294.14147,381681.860865,0,730
328127.501791,381897.160364,0,730
328394.716874,381881.460061,0,730
328469.114841,381759.567296,0,632
328804.520648,381795.346307,0,542
328177.801686,381669.000349,0,614
328121.064432,381672.818702,0,101
328198.21244,381800.604535,0,730
328123.455921,381675.978716,0,651
328072.081399,381770.017257,0,730
328299.516022,381786.013964,0,356
328429.220295,381826.548373,0,730
328279.660484,381858.600615,0,730
328638.172932,381834.465345,0,297
328569.629458,381734.154959,0,730
328571.595661,381794.29252,0,730
328538.904512,381840.598831,0,730
328751.734762,381854.880336,0,730
328235.329333,381684.771696,0,220
328480.430531,381718.565557,0,730
328764.276023,381762.047549,0,262
328680.891432,381838.694398,0,608
328391.080398,381846.35875,0,408
328123.179705,381825.79293,0,730
328356.217627,381786.766373,0,561
328642.623774,381708.418786,0,730
328070.394459,381702.480817,0,730
328213.687782,381827.612872,0,582
328359.554585,381939.190778,0,491
328185.051926,381827.101068,0,459
328507.320094,381687.67621,0,730
328530.646023,381818.988921,0,55
328562.313866,381743.920065,0,730
328214.239599,381813.706718,0,90
328219.885538,381697.245502,0,165
328159.72019,381750.249982,0,623
328581.894786,381799.342215,0,700
328569.334866,381800.375707,0,643
328453.462324,381671.721391,0,730
328212.393555,381806.419836,0,730
328253.055597,381856.72428,0,518
328272.061414,381670.696799,0,730
328180.913535,381643.260686,0,720
328176.138254,381709.569506,0,353
328550.814758,381789.528211,0,730
328478.676311,381801.920323,0,664
328517.489883,381782.692897,0,730
328653.999423,381783.930405,0,36
328707.761245,381832.319163,0,730
328283.542719,381666.815035,0,730
328064.132102,381821.517477,0,730
328122.482226,381722.897939,0,614
328436.676756,381770.833369,0,500
328234.89452,381727.425476,0,299
328189.847641,381646.567087,0,44
328144.320746,381873.348598,0,730
328150.979073,381734.971927,0,730
328468.440417,381796.473139,0,730
328650.767307,381794.422655,0,730
328381.482072,381909.696695,0,730
328694.575072,381785.877876,0,348
328196.435282,381738.487648,0,730
328230.671336,381826.192528,0,721
328429.35386,381797.6704,0,730
328463.314031,381775.630608,0,730
328405.475958,381808.974995,0,730
328495.218185,381854.703217,0,257
328208.869932,381889.088483,0,730
328284.284529,381811.802098,0,242
328751.747445,381741.583319,0,730
328495.971193,381669.228679,0,730
328264.650587,381818.894884,0,339
328198.471069,381889.226853,0,15
328297.602331,381762.764855,0,117
328264.032014,381724.329207,0,730
328752.680363,381769.538885,0,730
328354.201013,381776.003473,0,730
328392.747623,381815.159208,0,58
328088.462511,381798.735112,0,730
328648.939067,381776.979015,0,730
328450.082457,381895.691549,0,684
328162.509544,381795.032224,0,730
328328.891523,381816.27805,0,534
328597.568473,381811.249049,0,602
328416.147711,381743.276651,0,603
328063.561441,381873.680476,0,501
328118.778775,381813.618005,0,536
328339.382476,381754.944137,0,456
328158.030538,381801.681125,0,730
328147.596913,381710.325946,0,730
328268.076327,381806.027324,0,730
328204.246168,381882.975974,0,730
328647.663183,381694.591337,0,639
328523.849077,381792.505529,0,730
328777.092084,381883.61286,0,730
328401.56839,381703.710814,0,42
328730.213797,381733.020922,0,250
328313.746672,381920.659173,0,730
328171.848116,381742.504786,0,352
328494.17331,381682.984158,0,304
328312.307078,381860.992147,0,730
328807.295805,381788.141803,0,723
328559.835104,381714.577436,0,730
328454.498067,381772.12817,0,730
328380.323476,381924.752691,0,730
328264.365238,381679.557229,0,53
328382.113727,381830.830503,0,730
328082.23344,381900.820513,0,730
328161.140488,381776.179963,0,730
328660.220124,381724.5984,0,730
328151.991354,381847.131935,0,730
328131.445497,381875.501015,0,617
328185.452175,381740.089116,0,730
328405.075156,381771.984608,0,600
328361.26208,381761.49236,0,665
328138.710149,381797.077462,0,214
328220.181416,381720.816609,0,660
328205.033354,381854.637631,0,730
328496.196607,381708.678626,0,579
328188.56238,381659.513708,0,604
328654.275675,381777.804571,0,608
328127.988395,381626.984044,0,730
328328.145028,381745.084486,0,730
328735.950073,381728.478645,0,730
328532.574959,381778.478153,0,684
328226.712066,381661.790467,0,730
328232.417719,381673.44418,0,571
328157.14079,381632.529505,0,730
328481.173634,381866.519229,0,396
328788.298328,381838.745003,0,730
328417.509578,381719.135337,0,730
328439.822697,381716.811432,0,730
328739.741089,381790.77168,0,581
328545.00714,381670.789945,0,730
328176.476877,381852.525306,0,314
328100.294585,381746.124128,0,730
328593.401929,381776.02429,0,250
328477.353852,381813.446584,0,72
328536.562297,381696.570778,0,730
328365.389942,381863.073858,0,730
328390.751166,381860.660007,0,606
328463.466332,381785.803081,0,537
328105.802777,381876.736893,0,730
328361.812602,381866.278207,0,730
328702.032959,381836.385354,0,512
328407.22431,381703.620701,0,730
328537.212291,381776.651405,0,730
328110.634236,381677.016937,0,730
328464.104346,381706.601833,0,10
328419.045023,381869.562005,0,730
328635.964388,381815.227945,0,462
328655.810285,381690.497117,0,730
328717.855852,381860.248077,0,730
328095.778755,381744.246081,0,690
328408.208238,381712.875066,0,471
328461.11436,381843.151247,0,498
328086.942968,381785.854402,0,730
328524.292253,381666.062828,0,730
328228.651246,381703.747793,0,666
328690.157267,381774.544797,0,730
328576.641276,381844.150599,0,668
328125.35574,381853.367791,0,730
328097.667376,381712.895638,0,730
328485.729448,381867.361151,0,698
328589.528402,381686.930948,0,730
328117.927586,381654.786897,0,682
328708.814014,381794.677233,0,522
328294.035979,381901.665973,0,730
328303.453759,381824.849655,0,730
328517.480881,381709.069842,0,34
328241.676129,381846.606151,0,730
328124.581615,381834.648782,0,654
328494.337015,381782.44724,0,219
328248.208499,381812.224194,0,730
328218.315455,381769.581864,0,730
328569.587235,381674.523429,0,246
328182.195148,381776.95942,0,727
328277.429746,381762.402799,0,666
328305.407285,381766.765447,0,730
328057.914471,381833.774229,0,295
328431.371772,381850.546698,0,730
328673.454253,381853.429928,0,450
328335.591906,381880.0883,0,730
328315.776289,381873.791326,0,730
328145.068396,381867.43851,0,138
328246.309745,381889.490749,0,730
328125.053485,381712.213532,0,730
328255.191251,381907.14099,0,730
328615.308501,381710.64117,0,615
328556.025488,381695.401937,0,730
328346.054166,381700.64653,0,730
328337.63931,381869.105408,0,730
328557.151135,381831.591308,0,505
328646.957953,381701.333008,0,153
328313.880039,381776.599266,0,730
328265.88018,381739.989521,0,480
328413.581408,381694.219705,0,635
328299.671613,381894.143633,0,210
328354.071306,381874.235377,0,516
328179.039081,381814.230837,0,85
328680.260561,381813.716898,0,730
328364.751956,381714.041415,0,533
328307.409129,381803.590521,0,454
328476.004434,381750.042645,0,454
328075.66047,381824.925839,0,730
328412.951806,381682.052044,0,730
328255.794609,381723.678519,0,730
328494.893857,381757.865286,0,436
328722.610583,381833.368723,0,132
328248.291527,381787.219462,0,730
328769.754458,381801.919299,0,730
328393.944423,381764.783999,0,730
328344.777074,381839.439169,0,730
328356.923814,381693.254164,0,730
328293.991029,381873.432284,0,730
328370.913338,381781.03956,0,730
328286.364496,381892.240566,0,730
328762.466324,381810.891705,0,673
328203.763943,381715.319699,0,730
328667.905429,381836.892525,0,730
328400.281879,381830.258829,0,713
328400.57769,381924.240221,0,690
328172.27482,381843.180865,0,730
328126.635014,381663.634548,0,730
328132.90537,381752.545032,0,730
328167.043751,381892.625923,0,730
328460.983753,381681.257812,0,730
328731.502987,381834.906233,0,69
328544.429965,381704.640347,0,124
328400.432235,381725.014936,0,285
328525.579411,381784.492623,0,376
328457.040773,381708.423164,0,530
328335.243906,381933.973567,0,430
328481.290218,381856.682723,0,271
328213.966814,381667.948286,0,730
328684.616853,381825.35489,0,726
328211.644671,381836.528166,0,730
328534.191682,381733.041664,0,677
328259.409603,381760.520478,0,730
328187.217016,381755.211864,0,536
328451.315585,381831.632448,0,730
328446.556024,381829.31575,0,730
328356.816823,381735.906701,0,730
328684.767517,381814.542458,0,730
328428.988299,381853.200894,0,730
328809.74799,381775.371868,0,32
328129.959373,381653.954956,0,730
328085.297805,381863.059699,0,730
328284.120138,381745.916923,0,618
328662.190697,381844.10984,0,724
328669.008959,381694.213012,0,730
328339.253386,381927.531601,0,471
328147.860026,381792.483003,0,730
328171.233272,381721.263323,0,717
328143.908524,381851.889397,0,693
328304.689903,381709.691179,0,358
328514.595218,381770.598476,0,326
328661.008312,381807.81068,0,626
328129.979668,381793.371292,0,730
328787.17458,381828.744432,0,730
328426.335578,381787.639013,0,730
328790.760201,381764.949792,0,729
328157.056112,381693.136472,0,102
328732.434008,381809.430592,0,154
328488.172629,381844.28253,0,730
328778.883767,381780.05849,0,598
328649.961024,381825.756498,0,730
328100.801132,381711.119549,0,730
328167.059418,381785.484454,0,730
328681.393635,381834.333788,0,442
328265.41795,381749.87029,0,696
328171.448281,381797.016956,0,695
328179.006687,381673.785804,0,730
328249.400245,381747.404389,0,730
328200.181803,381656.705238,0,265
328341.202157,381734.567433,0,730
328374.444428,381685.562242,0,730
328204.529463,381783.24322,0,200
328665.072222,381708.426213,0,730
328450.669479,381673.048819,0,502
328298.56168,381773.257576,0,730
328154.795822,381707.724194,0,730
328776.712904,381827.113966,0,730
328320.37257,381939.8457,0,524
328106.824804,381713.579445,0,730
328181.493019,381741.924776,0,653
328517.862287,381747.018473,0,730
328262.717806,381898.244937,0,52
328144.408217,381785.928347,0,289
328287.159239,381675.427767,0,730
328676.139006,381727.330433,0,102
328263.523867,381750.817627,0,730
328383.979553,381909.605037,0,730
328445.774361,381689.482506,0,20
328591.034067,381839.970126,0,597
328275.018152,381675.424996,0,730
328332.44758,381900.961058,0,730
328228.656208,381672.925741,0,730
328372.156748,381730.038238,0,730
328087.056861,381864.178701,0,730
328449.285162,381872.508076,0,730
328459.830637,381768.640526,0,730
328545.449754,381848.965199,0,385
328476.116964,381739.392936,0,730
328629.792673,381704.498009,0,616
328259.000868,381897.633596,0,730
328278.922717,381706.915615,0,730
328504.790333,381827.052358,0,730
328212.743787,381844.633018,0,161
328181.341461,381742.554232,0,637
328416.987287,381913.442495,0,509
328188.86953,381721.704039,0,730
328619.268981,381788.528001,0,106
328170.564671,381823.194093,0,521
328725.584762,381814.838063,0,269
328078.438397,381850.550025,0,263
328309.878827,381829.441879,0,647
328532.071668,381859.459876,0,260
328203.983217,381776.353517,0,730
328217.004753,381863.842665,0,730
328761.103846,381866.920549,0,643
328384.837836,381908.278447,0,730
328725.55737,381746.384448,0,730
328610.046102,381744.480728,0,477
328743.522298,381845.013839,0,717
328415.76284,381756.598417,0,730
328116.23722,381722.814087,0,218
328664.400301,381795.348393,0,475
328560.100395,381850.842225,0,631
328163.449761,381835.119624,0,423
328291.902195,381803.636073,0,290
328241.270613,381890.937874,0,730
328137.776965,381713.171022,0,730
328091.730735,381740.214737,0,378
328216.96496,381776.674072,0,170
328728.957159,381783.816558,0,730
328332.675768,381827.281365,0,238
328141.675892,381661.769388,0,730
328079.47112,381698.275042,0,176
328547.322779,381779.310523,0,730
328080.705966,381792.42881,0,519
328358.328351,381905.290921,0,730
328112.104823,381643.383373,0,631
328255.223364,381737.063929,0,730
328740.457509,381772.992086,0,645
328327.809201,381752.381038,0,51
328696.50199,381740.634626,0,730
328698.793551,381710.02017,0,730
328686.557847,381713.648762,0,730
328323.318434,381789.155926,0,730
328535.001325,381766.045978,0,730
328530.323947,381812.827609,0,730
328663.625498,381786.822403,0,161
328695.916195,381711.671473,0,730
328114.481465,381848.845042,0,730
328335.217384,381848.121881,0,730
328392.996041,381771.076867,0,267
328444.716644,381662.546564,0,621
328354.498192,381865.539442,0,708
328322.650704,381760.459733,0,354
328103.587468,381812.223575,0,41
328539.615191,381726.933725,0,730
328498.479045,381772.035743,0,730
328456.805395,381846.5386,0,514
328710.493687,381858.456354,0,425
328399.221746,381871.216371,0,255
328108.126407,381747.08585,0,730
328160.58705,381782.475464,0,730
328594.594017,381801.245865,0,440
328226.372032,381804.020555,0,730
328420.452505,381817.671688,0,511
328078.536667,381850.144422,0,477
328535.160635,381838.764536,0,511
328488.344999,381702.798401,0,461
328147.143111,381828.780403,0,569
328607.380298,381833.3912,0,390
328084.495469,381738.03175,0,272
328372.278243,381823.11784,0,419
328699.864163,381716.451963,0,729
328584.387312,381723.567953,0,192
328341.904177,381765.121824,0,730
328360.15927,381788.897334,0,730
328402.57782,381756.429773,0,730
328069.083698,381860.51328,0,573
328495.828806,381851.979645,0,683
328269.855907,381920.518532,0,268
328218.210192,381760.590813,0,730
328555.429069,381748.089319,0,573
328192.645727,381713.120166,0,439
328342.563341,381930.488624,0,82
328287.987003,381816.994943,0,730
328374.971467,381728.360595,0,730
328700.874323,381784.663839,0,730
328582.954124,381750.094916,0,331
328474.304212,381747.358398,0,730
328181.343191,381761.232788,0,576
328754.900719,381866.211881,0,676
328230.637163,381719.101011,0,621
328169.195002,381681.472159,0,730
328491.871382,381859.559469,0,91
328227.17025,381757.687314,0,730
328302.263849,381700.398031,0,730
328584.967298,381726.15275,0,730
328328.656322,381893.543408,0,730
328190.701856,381658.05541,0,730
328246.553142,381748.330515,0,627
328684.991102,381854.903634,0,374
328668.76664,381727.420744,0,58
328613.855854,381808.895207,0,328
328247.178191,381804.497974,0,365
328433.638717,381766.916683,0,683
328106.778863,381727.448926,0,222
328710.856579,381702.861888,0,730
328703.798406,381837.622327,0,607
328394.273284,381828.932192,0,83
328164.492729,381817.537178,0,286
328796.137058,381803.433736,0,510
328417.600898,381719.092903,0,730
328115.774889,381865.772766,0,399
328330.282422,381758.77274,0,699
328732.418678,381785.138245,0,730
328271.557286,381682.454751,0,191
328118.489375,381820.181686,0,730
328354.531195,381777.978003,0,619
328332.454238,381902.243868,0,712
328465.537496,381798.740973,0,343
328087.148773,381733.30362,0,603
328241.733033,381779.101581,0,730
328199.728145,381650.567254,0,674
328240.279781,381822.936014,0,62
328687.638287,381790.628656,0,74
328164.109476,381701.8293,0,730
328489.359499,381728.735327,0,730
328508.384196,381709.548855,0,546
328188.271587,381687.707335,0,438
328649.411311,381802.70522,0,494
328374.507045,381695.301962,0,520
328350.260173,381770.43668,0,730
328122.121521,381833.404236,0,730
328516.147292,381708.9215,0,730
328134.522872,381827.54336,0,230
328690.415961,381796.894756,0,178
328368.109867,381919.022451,0,730
328098.207275,381720.103922,0,55
328287.974468,381799.214386,0,510
328218.983598,381841.618064,0,730
328740.942981,381743.703916,0,730
328684.175421,381794.691241,0,730
328648.397242,381739.2134,0,730
328792.023467,381793.449089,0,730
328680.026387,381681.949212,0,730
328262.024921,381747.606816,0,730
328257.477176,381826.177585,0,730
328694.935883,381764.967719,0,468
328790.350338,381817.505717,0,730
328619.722378,381840.591319,0,711
328331.806815,381838.544253,0,661
328124.773568,381686.848893,0,730
328206.284179,381810.934201,0,609
328519.529218,381765.113935,0,586
328233.684511,381854.622561,0,463
328460.369279,381902.678347,0,730
328483.634237,381787.969956,0,730
328591.282615,381819.473365,0,584
328074.412673,381890.976619,0,361
328269.168147,381705.238872,0,447
328128.981852,381802.0736,0,730
328456.463798,381835.988786,0,730
328658.527857,381771.028079,0,285
328309.73877,381913.64239,0,92
328790.870368,381779.269127,0,730
328111.24996,381806.430436,0,730
328152.263385,381843.064572,0,730
328153.384152,381806.706042,0,641
328321.791873,381920.720041,0,618
328747.803503,381836.438638,0,452
328344.217086,381921.405488,0,139
328534.41364,381721.37632,0,201
328700.28004,381834.564503,0,114
328633.709311,381803.137909,0,730
328281.128456,381851.031147,0,716
328541.101308,381799.501252,0,405
328303.432032,381761.647202,0,487
328737.554146,381815.858192,0,691
328697.521865,381688.792482,0,662
328406.979545,381684.580466,0,14
328487.60485,381783.821593,0,730
328369.600112,381698.171995,0,50
328122.02694,381713.669695,0,730
328681.248465,381751.397847,0,674
328652.399631,381776.697549,0,730
328690.058052,381788.041415,0,730
328163.655669,381662.566925,0,730
328761.205049,381813.946685,0,305
328124.113284,381752.633025,0,395
328518.748434,381829.993039,0,730
328337.069628,381845.511399,0,730
328315.062128,381927.469176,0,35
328280.157809,381774.814981,0,562
328229.835703,381868.041426,0,730
328570.653672,381745.58585,0,305
328254.223787,381862.747226,0,147
328614.113803,381827.337458,0,259
328151.951027,381803.21281,0,598
328646.623856,381709.646207,0,66
328121.418014,381717.859585,0,410
328467.151883,381816.637558,0,730
328745.059732,381762.236789,0,730
328366.851687,381842.646097,0,730
328185.913223,381749.612016,0,410
328648.483118,381741.143113,0,730
328664.2487,381712.739797,0,179
328136.905182,381856.607759,0,730
328770.252823,381872.145966,0,730
328147.384583,381727.989044,0,730
328241.323204,381879.063786,0,730
328128.526647,381736.709134,0,595
328228.453113,381895.61415,0,420
328294.425097,381886.338069,0,730
328246.00108,381730.690167,0,183
328390.55206,381839.825912,0,730
328109.217574,381663.677342,0,730
328384.577576,381824.677779,0,340
328342.391618,381912.870505,0,730
328301.591776,381717.203282,0,730
328420.885671,381828.351046,0,204
328427.31373,381826.104947,0,730
328485.338268,381841.13214,0,535
328753.597184,381730.651509,0,588
328100.04058,381882.628319,0,723
328151.998815,381818.983141,0,154
328271.147683,381855.507563,0,730
328573.826171,381848.898431,0,730
328486.468037,381718.316682,0,493
328257.064724,381821.072072,0,730
328369.200743,381783.748463,0,730
328565.455934,381752.556761,0,484
328252.099274,381852.967642,0,730
328167.943963,381862.443993,0,730
328064.400108,381841.184507,0,730
328389.469449,381877.907138,0,597
328692.537265,381800.602997,0,164
328090.386364,381849.267631,0,730
328352.034369,381692.281983,0,287
328408.558532,381892.702646,0,144
328216.997266,381686.319736,0,730
328600.924844,381841.618727,0,730
328204.097212,381862.09245,0,184
328431.411321,381904.821306,0,730
328243.542204,381747.729965,0,730
328313.23227,381794.92009,0,730
328306.920552,381838.992216,0,533
328548.714284,381677.389793,0,730
328211.382471,381757.935613,0,730
328369.166666,381946.167578,0,98
328649.627328,381733.650759,0,668
328224.472863,381712.059904,0,545
328319.990247,381860.61156,0,721
328343.553299,381698.128972,0,730
328191.101217,381656.701812,0,730
328569.157454,381719.640746,0,646
328532.053,381787.042297,0,730
328107.371954,381656.402023,0,294
328553.63258,381768.019911,0,730
328513.689055,381707.624823,0,628
328211.628928,381679.410999,0,730
328587.057776,381786.651006,0,379
328539.465112,381716.86542,0,730
328482.793281,381785.250494,0,730
328383.625339,381721.429476,0,671
328099.713899,381835.504167,0,730
328206.766273,381658.006175,0,730
328378.010545,381805.66074,0,638
328238.57223,381843.930766,0,479
328554.247561,381683.013035,0,515
328730.028195,381862.730327,0,730
328224.705845,381731.134174,0,712
328265.762526,381821.833983,0,730
328436.56202,381715.712057,0,730
328078.698019,381908.590386,0,730
328201.816384,381665.487958,0,730
328481.115234,381738.953115,0,367
328551.966834,381816.130504,0,730
328390.198774,381888.651823,0,499
328754.751252,381786.689326,0,730
328240.744083,381735.205624,0,687
328391.362618,381763.20492,0,463
328599.749967,381842.805952,0,730
328317.720108,381731.524069,0,555
328281.79344,381749.533842,0,486
328386.133477,381730.866189,0,730
328183.63988,381698.714747,0,730
328355.958104,381941.202688,0,426
328489.280637,381663.77056,0,730
328434.069845,381721.054204,0,703
328237.697747,381793.53313,0,327
328209.20911,381728.792662,0,292
328484.0685,381852.299597,0,730
328127.215832,381673.174338,0,241
328593.473601,381687.934628,0,730
328270.801456,381793.83888,0,730
328400.771419,381929.34101,0,357
328503.669553,381806.190307,0,317
328231.358727,381678.7433,0,730
328307.349552,381847.537098,0,692
328566.44528,381710.352177,0,412
328555.899363,381831.035456,0,730
