330891.659309,378762.632649,0,92
330741.993708,378591.852893,0,646
330890.455026,378764.626332,0,730
330885.660422,378933.112355,0,730
330910.210871,379043.7647,0,253
330805.555082,378981.895518,0,140
330730.068397,378802.636846,0,21
330745.124038,378821.839325,0,730
330910.925827,379040.988547,0,730
330892.670056,378896.074293,0,312
330724.452783,378633.243804,0,79
330854.071621,378654.680002,0,474
330766.813405,378666.489399,0,730
330762.610581,378583.379252,0,319
330689.69121,378598.764124,0,730
330790.823683,378599.507017,0,730
330843.182432,378937.02526,0,91
330679.047087,378676.476782,0,730
330889.45449,378832.759036,0,730
330909.147992,378925.070378,0,280
330776.92583,378955.428117,0,248
330804.557197,378729.076073,0,730
330757.769149,378967.596485,0,17
330766.328454,378671.961002,0,370
330796.202634,378748.341885,0,730
330784.24013,378777.819207,0,310
330721.901527,378956.187553,0,730
330722.631929,378978.393218,0,268
330875.347654,378754.480319,0,730
330726.154365,378814.663118,0,130
330750.201272,379025.250519,0,730
330897.260461,378896.567317,0,540
330738.762101,379006.092873,0,730
330889.729394,378957.976554,0,730
330802.1005,378841.954642,0,730
330709.923129,378942.177709,0,559
330736.318498,378849.745413,0,730
330741.262375,378577.594698,0,730
330829.959588,378909.813854,0,730
330753.566226,379021.281254,0,730
330818.496031,378618.733611,0,198
330878.579504,378634.34759,0,689
330899.492829,378928.378845,0,675
330745.171545,378580.399522,0,730
330828.316869,378916.461561,0,730
330794.513745,378709.389617,0,725
330879.4122,378980.988487,0,730
330713.302854,378970.698235,0,730
330888.767712,378988.214837,0,730
330901.041208,378973.077887,0,586
330716.03727,378609.53134,0,730
330755.038062,378734.85933,0,730
330773.890498,378582.45957,0,666
330691.450171,378732.287523,0,206
330779.874069,378889.095761,0,730
330820.358762,378607.764501,0,730
330816.946338,378938.888456,0,730
330802.317464,378921.911599,0,730
330818.757746,378712.486577,0,730
330745.012821,379046.232095,0,270
330850.146177,378633.146576,0,730
330902.287874,379043.608066,0,730
330787.049792,378944.036371,0,730
330791.465773,378658.961624,0,730
330674.205452,378692.938913,0,443
330725.768567,379052.951121,0,730
330822.474136,378825.562543,0,730
330705.200208,378623.683309,0,730
330864.334599,378618.338848,0,394
330867.049403,378835.272236,0,730
330830.799208,378767.711144,0,730
330879.690949,378669.410964,0,730
330898.401388,378897.532891,0,730
330781.135364,378711.10936,0,730
330828.590312,378817.724194,0,587
330856.755109,378639.045083,0,633
330756.229893,378588.537751,0,730
330698.714758,378954.001534,0,730
330725.743659,378683.906997,0,730
330734.013847,379050.416567,0,730
330707.940869,378987.145265,0,63
330759.180514,378998.461812,0,105
330701.415088,378852.734406,0,730
330846.031057,378977.452631,0,730
330912.773954,378983.872276,0,730
330782.397152,378651.133585,0,726
330842.581108,378679.045914,0,89
330771.662756,378904.867924,0,347
330917.792371,379009.02477,0,730
330709.89068,378626.815566,0,730
330894.688585,379017.73372,0,557
330888.26698,378982.313152,0,730
330708.091267,378987.021115,0,730
330703.630983,378866.840891,0,191
330726.309456,378587.112339,0,488
330824.070708,378862.8888,0,730
330710.544448,378895.697737,0,579
330847.019865,378573.174966,0,605
330764.348411,378594.586356,0,730
330705.535538,378915.876366,0,146
330802.510521,378997.515783,0,241
330715.006928,378679.150573,0,711
330843.691825,378989.556924,0,730
330713.555827,378658.497827,0,730
330811.115003,378954.129538,0,730
330744.123507,378619.847475,0,532
330841.295954,378893.351331,0,181
330680.620659,378753.42439,0,730
330864.442724,378951.947365,0,12
330862.447049,378778.050034,0,730
330888.372987,378703.340108,0,560
330863.278166,378982.535982,0,730
330785.1995,378869.552378,0,730
330775.507367,378705.374758,0,730
330703.823282,378709.94174,0,730
330739.554385,378648.754607,0,730
330783.313121,379005.153148,0,440
330805.35422,378765.575004,0,625
330735.480481,378868.335719,0,730
330793.360599,378812.788774,0,281
330687.159686,378607.66464,0,730
330790.191572,378830.083797,0,318
330784.502735,378898.995684,0,318
330862.179015,378930.457618,0,730
330825.945522,378798.170138,0,187
330691.513552,378616.871718,0,730
330773.600697,378882.313053,0,291
330709.516629,378988.069982,0,679
330801.519618,378640.449204,0,730
330767.777745,379057.040627,0,602
330848.794564,378824.2729,0,730
330736.032159,378751.613046,0,338
330862.596212,378934.07876,0,534
330729.143848,378820.624724,0,730
330680.277325,378585.641965,0,730
330729.625411,378869.680923,0,730
330750.253977,378766.900461,0,730
330709.890426,378890.737652,0,730
330815.250011,378776.913142,0,329
330729.78146,379023.036094,0,580
330797.471395,378745.39443,0,730
330722.206144,378880.506868,0,637
330791.993666,378717.160794,0,694
330900.277357,378932.083332,0,730
330886.238949,378673.334821,0,730
330780.672591,378654.609618,0,730
330794.850902,378876.072908,0,273
330746.277011,378692.069482,0,259
330868.108958,378568.01437,0,337
330700.210687,378789.637774,0,382
330728.455482,378938.724282,0,222
330685.756221,378695.051972,0,485
330717.183042,378631.018277,0,730
330724.248017,378865.125114,0,730
330880.912634,378859.380068,0,730
330741.09353,378646.070294,0,730
330797.996749,378884.718774,0,708
330838.432685,378799.203962,0,532
330850.419799,378902.312713,0,730
330748.031284,378760.732345,0,730
330720.696935,379036.223459,0,730
330796.776925,379008.230804,0,730
330692.110078,378604.608589,0,730
330711.177634,378635.501548,0,730
330742.445188,378954.189685,0,156
330728.557171,378603.492116,0,174
330769.299994,378683.919927,0,115
330864.718227,378830.161142,0,35
330803.384951,378897.555657,0,704
330695.115221,378684.683402,0,571
330840.806606,378668.984519,0,730
330827.282628,378858.197886,0,730
330884.725996,378893.909719,0,730
330772.46256,378640.004915,0,120
330854.069444,378856.648352,0,730
330806.218084,378802.157009,0,730
330703.173226,378760.338033,0,730
330744.387804,379058.707034,0,730
330692.882253,378681.516476,0,210
330766.410305,378927.400206,0,730
330704.487461,378863.988344,0,730
330665.401305,378658.484268,0,361
330746.102152,378903.294602,0,689
330853.522579,378924.280024,0,730
330812.728254,378587.836674,0,367
330884.385599,378949.182871,0,730
330726.624382,379020.873208,0,169
330853.50585,378776.694245,0,379
330860.521254,378790.794237,0,730
330726.217405,378876.257943,0,549
330830.663188,378988.034943,0,97
330743.712677,378958.817007,0,730
330827.350092,378860.028594,0,730
330697.048084,378738.261081,0,730
330706.492777,378855.646148,0,730
330756.881434,378643.38178,0,730
330885.377805,378769.728688,0,131
330739.616348,378595.615527,0,496
330905.026457,378922.782864,0,730
330745.842272,379003.195341,0,706
330797.975691,378671.964547,0,730
330758.335632,378816.191599,0,730
330850.328931,378594.147271,0,730
330875.432575,378864.159807,0,416
330762.687044,379005.9849,0,730
330759.991516,378632.828832,0,427
330772.054227,379004.25381,0,361
330754.023633,378991.771473,0,730
330847.271276,379048.414586,0,730
330772.998754,378583.687316,0,730
330845.935644,378911.884129,0,730
330862.142821,378852.982739,0,275
330694.048065,378734.809208,0,730
330791.713537,378981.3921,0,667
330717.723278,378929.68783,0,730
330879.961311,378914.217489,0,730
330866.173254,378836.798131,0,730
330801.08378,379047.570378,0,730
330895.957333,378838.531339,0,730
330870.665633,379037.009121,0,730
330747.467774,378625.888238,0,730
330803.994805,378939.525976,0,730
330785.342605,378768.798236,0,446
330694.92486,378632.759808,0,548
330878.385247,378592.191541,0,730
330755.232347,378826.536958,0,730
330683.405394,378801.501531,0,730
330877.944602,378598.216712,0,730
330772.48084,378596.736768,0,619
330766.384758,378668.789971,0,697
330873.232545,378780.761444,0,401
330909.793876,378948.1402,0,730
330715.330227,378809.529827,0,730
330690.359434,378812.837794,0,730
330831.801657,378989.305583,0,555
330827.240684,378901.376853,0,730
330853.434509,378751.517663,0,262
330820.417975,378882.338465,0,335
330750.344181,378707.546529,0,521
330827.781506,378637.831038,0,730
330717.871653,378929.678448,0,730
330796.008556,378778.884992,0,730
330845.575166,378640.591357,0,640
330695.51401,378919.042118,0,730
330815.890148,378823.013388,0,730
330809.602524,378710.237204,0,730
330764.101371,378964.029904,0,224
330728.20505,378856.243209,0,636
330798.530509,378669.997857,0,121
330869.335592,378805.842006,0,316
330845.510538,378983.575761,0,730
330744.119257,378579.09166,0,35
330772.458176,378587.11298,0,730
330676.538761,378716.502931,0,730
330712.299361,378663.424699,0,730
330690.94254,378742.976812,0,373
330844.719902,378744.554417,0,112
330687.222599,378858.944558,0,452
330739.104854,378648.854452,0,720
330745.470603,378787.123591,0,76
330864.561612,378569.286469,0,730
330894.770771,378880.158749,0,730
330894.781772,378787.514325,0,551
330700.895488,378907.363141,0,730
330794.067626,378931.836306,0,628
330774.965858,378694.234549,0,205
330813.447772,378670.085771,0,171
330673.791966,378641.876477,0,123
330668.701295,378655.893132,0,730
330819.21804,378736.904911,0,413
330861.811788,378885.211575,0,457
330798.817274,379018.957996,0,730
330733.714213,378985.383128,0,436
330728.320088,379055.333534,0,730
330858.809846,378723.353947,0,425
330885.2398,378807.552951,0,730
330757.078781,378935.07186,0,412
330835.189154,379035.06288,0,730
330845.890122,378662.952014,0,730
330738.661954,378979.029321,0,730
330703.168073,378633.614718,0,730
330831.368769,379028.478621,0,681
330780.290142,378602.497609,0,93
330713.349846,378768.242632,0,730
330658.407863,378605.303566,0,730
330882.018163,378990.485583,0,730
330791.003042,378912.032966,0,730
330834.227067,378577.294691,0,730
330729.389649,378777.64088,0,687
330766.603378,378945.621867,0,730
330757.152069,378692.514346,0,730
330734.257228,378580.843603,0,730
330750.363292,378861.471595,0,399
330870.593323,378601.647142,0,730
330853.935755,378671.380982,0,730
330720.276074,378770.242802,0,730
330816.298098,378910.398541,0,730
330666.377285,378644.586018,0,730
330740.358374,378865.614318,0,730
330870.667466,378882.41066,0,730
330778.536068,379002.619045,0,190
330701.839262,378854.921984,0,395
330819.850273,378683.469011,0,693
330689.211822,378880.973573,0,323
330728.361544,379020.798154,0,188
330703.515635,378642.689029,0,730
330779.707464,378864.832826,0,730
330712.857419,379037.040813,0,730
330836.756811,378910.937271,0,426
330715.749504,378601.289467,0,730
330708.792147,378903.83316,0,730
330794.64186,378818.946523,0,627
330812.511264,378798.750476,0,730
330753.677539,378885.364286,0,730
330738.800774,378774.39975,0,730
330898.106789,378992.420663,0,730
330897.956573,378886.951834,0,699
330870.081948,378783.248199,0,375
330879.449081,378619.762809,0,429
330817.851277,378575.460587,0,437
330703.138636,378741.484968,0,730
330853.356954,378586.671321,0,730
330876.463464,378940.398004,0,730
330888.884636,378813.61423,0,102
330744.340168,378954.658608,0,447
330747.215494,378632.574705,0,12
330817.863874,379041.346918,0,39
330823.936265,378949.532691,0,730
330783.301226,378609.211322,0,638
330686.173616,378648.855072,0,730
330876.192718,378998.390776,0,730
330788.800567,378935.311937,0,730
330791.280148,378658.459655,0,730
330676.063979,378609.658211,0,423
330714.552247,378639.580765,0,730
330737.476733,378948.170447,0,730
330699.750979,378750.934334,0,730
330733.504378,378849.875889,0,170
330679.689519,378734.643664,0,730
330793.708499,378724.225002,0,730
330867.900583,378857.016314,0,730
330703.955754,378919.973247,0,328
330877.021132,378681.649378,0,324
330692.463776,378676.135006,0,730
330766.832004,378883.395536,0,194
330694.056497,378900.894088,0,730
330692.969333,378689.033553,0,195
330839.801868,379050.682971,0,490
330691.166228,378675.494881,0,730
330850.614106,378577.429856,0,374
330901.017486,378858.681013,0,730
330738.651078,378927.242562,0,730
330827.132391,378746.366705,0,329
330899.645608,378879.693629,0,102
330727.636143,378782.960375,0,730
330834.183089,378587.391556,0,568
330693.155255,378726.325476,0,98
330861.157789,378923.938435,0,730
330887.535502,378745.605885,0,730
330795.61269,378917.404313,0,730
330711.846379,378806.726689,0,730
330763.377807,378739.038514,0,129
330876.526063,378895.975279,0,730
330714.633148,378916.00928,0,730
330909.952526,378929.612596,0,724
330814.872452,378808.838119,0,514
330867.280634,378926.118983,0,730
330894.095952,378767.192635,0,730
330826.462488,378869.590803,0,730
330830.376449,378610.325749,0,730
330753.499715,378888.341531,0,729
330735.976121,378857.012239,0,589
330889.710779,378962.732806,0,730
330752.381666,379000.968277,0,160
330722.62763,378739.816284,0,451
330730.078282,378642.763282,0,730
330750.413071,378836.117811,0,584
330814.859036,378971.509688,0,722
330791.775855,378624.250875,0,506
330839.88679,378660.862606,0,196
330890.824475,378927.438472,0,730
330710.046711,378636.357091,0,730
330851.678486,378936.351941,0,730
330872.682908,378588.458287,0,722
330766.994067,378877.475371,0,730
330764.946115,378851.227572,0,464
330776.644812,378735.595037,0,730
330861.631328,379033.802791,0,440
330726.409332,379013.395139,0,233
330865.565628,378899.444515,0,730
330769.647452,378995.25175,0,151
330769.181157,378876.980094,0,730
330827.36379,378687.507417,0,230
330838.284036,378907.399727,0,730
330687.582551,378641.589568,0,730
330896.682022,379020.026778,0,730
330776.003488,378779.752505,0,229
330750.460356,378723.219591,0,730
330744.738446,378645.049065,0,381
330728.235672,378919.391884,0,730
330710.394973,378616.226702,0,730
330864.193271,378934.310286,0,730
330824.563425,378663.905102,0,187
330838.001818,378743.909904,0,730
330701.652444,378703.098371,0,730
330797.641985,378827.575692,0,452
330753.651682,378684.552712,0,363
330726.455783,379017.526669,0,730
330819.143416,378896.86812,0,730
330733.736196,378690.062364,0,703
330850.802051,378680.361634,0,730
330794.395524,378717.801408,0,730
330879.784796,378954.551741,0,394
330882.761754,378690.326587,0,730
330887.599185,378791.010307,0,730
330865.171581,378591.508063,0,112
330691.741099,378599.716198,0,730
330880.269407,378883.965006,0,730
330833.163724,379028.841986,0,523
330796.877181,378731.796787,0,286
330800.852441,379012.71056,0,730
330877.185641,378729.808952,0,730
330720.003736,378609.245259,0,273
330893.78673,378954.309177,0,357
330818.656788,379038.752993,0,730
330872.29453,378676.408463,0,501
330895.535219,378978.867698,0,5
330742.685998,378888.561208,0,306
330805.79507,378878.107777,0,589
330769.549997,378612.292416,0,730
330680.239467,378616.374597,0,393
330792.039456,378658.360866,0,652
330767.064644,378700.654333,0,730
330881.793714,378727.699158,0,730
330878.45118,378961.680197,0,504
330882.39067,378811.747743,0,730
330818.068025,378761.500477,0,730
330858.353465,378835.46791,0,730
330762.298346,378805.38089,0,730
330881.64352,378839.476783,0,5
330741.001553,379031.523422,0,730
330747.568407,378771.175338,0,730
330797.025144,378995.710767,0,414
330740.224954,378811.100432,0,730
330780.579236,378853.660269,0,730
330869.239142,378923.562622,0,153
330872.354177,378604.902523,0,57
330904.518763,379037.739686,0,730
330787.882646,378648.274534,0,642
330731.099781,378626.949393,0,389
330903.19353,379006.415532,0,730
330686.365832,378798.977922,0,730
330758.795649,378838.354373,0,10
330704.216286,378619.294147,0,730
330747.11157,378968.990959,0,730
330843.902868,378965.391446,0,686
330708.6936,379012.795888,0,730
330750.669091,378956.854225,0,730
330701.180303,378965.825071,0,696
330906.248135,378962.272719,0,126
330723.4623,378943.157272,0,533
330733.845793,378809.929937,0,30
330828.41815,378932.394072,0,198
330909.398539,378938.485717,0,611
330833.957352,378833.972911,0,730
330715.449546,378824.921404,0,730
330809.052115,378720.189458,0,730
330805.632069,378977.520644,0,730
330706.242474,378936.595688,0,730
330710.373878,378728.050571,0,529
330723.062596,378907.330456,0,730
330768.322323,378977.044438,0,58
330703.061849,378653.414919,0,454
330660.783947,378578.473008,0,730
330738.795523,378639.343262,0,424
330875.282183,378937.528766,0,730
330828.890099,378670.791214,0,730
330833.915958,378895.382783,0,65
330850.387911,378694.130184,0,55
330812.498839,378881.171134,0,29
330804.993346,378810.728434,0,730
330781.217614,378869.396488,0,69
330827.191218,378883.378795,0,327
330862.412565,378668.452881,0,730
330905.829196,378972.738065,0,730
330840.863203,378781.546916,0,699
330753.935557,378810.678092,0,730
330856.79084,378578.307476,0,730
330810.328866,378918.076772,0,730
330683.300661,378633.810684,0,730
330748.425182,379057.033868,0,730
330831.054064,378981.218297,0,730
330847.263776,378786.903829,0,683
330874.47306,378741.066735,0,730
330815.029417,378857.932938,0,684
330702.565858,378789.709557,0,730
330837.363976,378825.011675,0,730
330745.135801,378926.36313,0,730
330718.692309,378816.087253,0,730
330897.879548,378938.178952,0,165
330708.9217,378647.608675,0,730
330749.671473,378884.328255,0,730
330786.041113,378729.302467,0,730
330793.297226,378639.495353,0,730
330768.910736,378997.688113,0,59
330805.142101,378974.534254,0,730
330909.323423,378987.291274,0,263
330879.381737,378764.998079,0,131
330863.297197,378774.973954,0,23
330731.3993,378873.204612,0,730
330901.232684,378829.091491,0,598
330815.865508,378736.678206,0,730
330866.463731,378702.409616,0,730
330786.516247,378990.425387,0,730
330838.837243,378748.538704,0,352
330664.756542,378644.516653,0,730
330741.768549,379053.027381,0,730
330839.056242,378923.375243,0,472
330824.909389,378759.916529,0,730
330845.679043,378572.288844,0,647
330878.230525,378787.840517,0,730
330779.916359,379047.175032,0,730
330679.418327,378700.742859,0,730
330694.293103,378597.447301,0,730
330815.318857,378742.784743,0,109
330834.395048,378875.174015,0,730
330719.326416,378973.687731,0,168
330705.682743,378862.74918,0,182
330854.276847,378772.132241,0,730
330847.575117,378882.35546,0,730
330778.377061,378925.852742,0,730
330860.312977,378778.916719,0,730
330820.482303,378893.912684,0,730
330897.645322,378855.217931,0,730
330707.69728,378892.166107,0,730
330738.226254,378582.825621,0,730
330861.884112,378709.309125,0,730
330822.960723,379046.254993,0,255
330873.015884,378625.520843,0,730
330716.945124,378958.951601,0,85
330687.497778,378839.996895,0,730
330713.847737,378983.535491,0,730
330753.410442,378871.353618,0,730
330859.295245,378971.561094,0,115
330752.011759,378651.126629,0,730
330868.589237,378714.986476,0,730
330677.550063,378668.885923,0,730
330735.939057,378884.025575,0,730
330884.075381,378831.811935,0,730
330752.790278,378724.330893,0,730
330726.880639,378948.839659,0,730
330720.724942,379060.896316,0,730
330844.756613,378595.312874,0,730
330883.369646,378937.880073,0,730
330769.659701,378618.780707,0,63
330780.229552,378889.131377,0,326
330845.75173,379049.690029,0,371
330859.118428,378997.247412,0,730
330831.326561,379018.853241,0,730
330754.35456,378915.873263,0,730
330873.215442,378623.712995,0,730
330761.977405,378720.18543,0,730
330666.617455,378661.952952,0,225
330861.926862,378978.681992,0,544
330878.859333,378810.401955,0,383
330809.276711,378705.726461,0,730
330756.658201,378820.343816,0,730
330722.422673,378853.775881,0,730
330702.069857,378596.39959,0,730
330848.680877,378871.754288,0,294
330715.304629,378705.703852,0,730
330720.707419,379042.25224,0,702
330810.960254,378695.750639,0,730
330837.449245,378810.350997,0,730
330852.781513,378943.292797,0,497
330749.381558,378791.162977,0,685
330848.06853,378685.856031,0,730
330722.201909,378751.330941,0,730
330797.081266,378939.347726,0,512
330702.921237,378638.521845,0,717
330877.543223,378674.03184,0,359
330828.165221,378616.073824,0,67
330666.605418,378648.755254,0,730
330815.045671,378822.318556,0,730
330878.523063,378775.890779,0,730
330820.992816,378675.800881,0,730
330889.011283,378889.771855,0,40
330738.990209,378777.713239,0,448
330819.035196,378590.938644,0,730
330816.576292,379043.606647,0,730
330780.947618,378642.551838,0,730
330750.597409,378860.281373,0,730
330757.793026,378604.188592,0,730
330845.751465,378738.673053,0,730
330876.361994,379034.717984,0,730
330819.444203,378666.880884,0,730
330752.798576,378811.020478,0,730
330891.927585,379015.124098,0,441
330772.551963,379040.968999,0,426
330770.696867,379002.126028,0,27
330699.412418,378934.862363,0,730
330876.955291,378790.252103,0,465
330780.765433,378595.047524,0,730
330845.29205,379025.761152,0,710
330912.699648,378954.888823,0,730
330762.857355,378932.863576,0,430
330733.072441,378806.164249,0,730
330782.531145,378671.450773,0,618
330884.296613,379037.082775,0,730
330872.508605,378687.125321,0,730
330721.771692,378924.651531,0,700
330791.602412,378584.042722,0,125
330779.415064,378866.891656,0,122
330781.372958,378972.252656,0,730
330718.558334,378661.762988,0,385
330754.185305,379004.915332,0,437
330819.644132,378997.976094,0,308
330768.22781,378707.509258,0,730
330868.046339,378831.462593,0,730
330865.84005,379034.0833,0,730
330696.785393,378797.385778,0,730
330836.957358,378691.999341,0,730
330757.858166,378613.614141,0,718
330826.133056,378964.478344,0,730
330694.619405,378669.937291,0,730
330682.570474,378621.71893,0,730
330755.017773,378873.407906,0,730
330711.997727,378927.441938,0,161
330712.697682,378593.623556,0,730
330797.502538,378866.170608,0,730
330818.98277,378881.846765,0,543
330851.653397,378766.445886,0,730
330721.314876,379030.394992,0,515
330891.51665,378831.710438,0,49
330666.687086,378647.84067,0,730
330787.327385,378790.635888,0,355
330752.831035,378844.218249,0,581
330724.784838,378758.462969,0,170
330822.182248,378769.382977,0,438
330756.790838,378986.417383,0,730
330827.903264,378767.58864,0,730
330851.438648,378915.293089,0,433
330665.241958,378618.086381,0,483
330774.203209,378583.212682,0,730
330724.63094,378638.502784,0,730
330821.494449,378770.113549,0,476
330870.652253,378668.882534,0,476
330660.629812,378618.772014,0,712
330739.301953,378706.006094,0,730
330765.087271,379000.248371,0,730
330842.305281,378575.274983,0,730
330733.677503,378840.483021,0,730
330770.135044,379006.794002,0,730
330812.462261,378628.319475,0,730
330836.239264,379021.911395,0,615
330836.185374,379013.126854,0,730
330757.853262,379047.978627,0,730
330874.690608,378693.71711,0,52
330813.578417,378718.155969,0,730
330880.294675,378842.693858,0,730
330871.745068,378895.638473,0,730
330743.428458,378665.419197,0,525
330675.923267,378607.543228,0,730
330679.476427,378751.828856,0,730
330854.459185,378945.601699,0,730
330824.006398,378915.675724,0,369
330886.33361,378709.262874,0,730
330697.534503,378770.724257,0,730
330691.396337,378620.126617,0,730
330833.657401,379008.68127,0,730
330798.837074,378683.139212,0,701
330742.457697,378704.450579,0,730
330900.165206,378875.027948,0,109
330766.048413,379049.081495,0,730
330810.41514,378857.546373,0,730
330800.763277,378833.127499,0,641
330881.625504,378876.127191,0,730
330812.683439,378829.832063,0,193
330695.674506,378720.861401,0,730
330880.033655,378722.184312,0,322
330692.710996,378882.763931,0,730
330718.560172,378640.331322,0,653
330724.316579,378711.378745,0,228
330864.198118,378666.93477,0,239
330764.91583,378854.903228,0,470
330911.93111,378929.674265,0,643
330824.667093,378693.955803,0,336
330682.939588,378678.867361,0,160
330841.616318,378649.553084,0,730
330726.947156,378726.581612,0,577
330741.786546,378906.782012,0,730
330814.478626,378811.186388,0,730
330736.985208,378671.281781,0,384
330876.729771,378812.359334,0,654
330698.051388,378819.433287,0,730
330846.222616,378707.671119,0,730
330840.519473,378740.294734,0,400
330789.618231,378845.365361,0,730
330915.32802,378966.725755,0,730
330867.934415,378797.239651,0,175
330804.581466,378645.846005,0,369
330730.215863,378975.206957,0,730
330891.805684,378960.167137,0,730
330803.336526,378721.602803,0,730
330773.589536,378607.597575,0,730
330861.958117,378989.729937,0,571
330810.35388,378672.159403,0,314
330726.583817,378775.219271,0,730
330904.81149,379000.490385,0,730
330829.369796,378924.294521,0,730
330762.665764,378926.833172,0,142
330824.539313,378978.414288,0,669
330908.607049,378977.337314,0,730
330789.146574,378712.588904,0,730
330734.64182,378789.352087,0,730
330750.731773,378661.671322,0,730
330812.390561,378741.343807,0,149
330679.743021,378640.790222,0,330
330769.293641,379020.57003,0,730
330725.968827,378884.592727,0,730
330723.874348,378844.118164,0,563
330848.285769,378570.675233,0,208
330714.174744,378774.882853,0,473
330735.153298,378604.270471,0,53
330825.958645,378897.934174,0,730
330682.824353,378818.272751,0,340
330694.960771,378631.838076,0,576
330889.926735,378862.919571,0,730
330707.285057,378600.538399,0,730
330723.588543,378862.066842,0,730
330752.140359,378964.605441,0,730
330890.138373,379040.505893,0,730
330767.77071,378879.068345,0,730
330775.013394,379049.974171,0,235
330811.496741,378621.012901,0,431
330704.678141,378770.829523,0,714
330853.312073,378721.188944,0,730
330678.222506,378607.222711,0,730
330893.239649,378821.638006,0,608
330742.619628,378859.969131,0,730
330892.938883,378929.781054,0,730
330833.955618,378736.938588,0,730
330709.382277,378962.633769,0,730
330728.442338,378881.75779,0,730
330919.177248,379018.480346,0,550
330839.377612,378748.148886,0,259
330700.525859,378806.48386,0,730
330804.955861,378927.694286,0,730
330894.299648,378865.303572,0,730
330692.317573,378900.530858,0,403
330784.496051,378644.282232,0,730
330843.900377,378650.626009,0,26
330733.523779,378672.153808,0,730
330741.1955,378795.659668,0,184
330838.340069,378879.934113,0,730
330722.195722,378663.651587,0,730
330853.588797,378841.683055,0,730
330823.267999,378681.217352,0,730
330717.516981,378789.35593,0,266
330783.709983,378810.670096,0,297
330829.815897,378619.333839,0,505
330830.337852,378809.197082,0,730
330900.05184,378929.140722,0,730
330872.016034,378832.024335,0,730
330837.995619,378767.752004,0,730
330755.22882,378995.358092,0,730
330788.251363,378757.52781,0,530
330856.313965,378814.877305,0,696
330855.062,378660.443348,0,730
330751.377543,378838.879066,0,730
330785.051773,378611.329773,0,730
330718.075138,378944.691272,0,730
330724.524642,378579.678625,0,730
330854.375489,378931.920527,0,730
330752.133618,378708.418809,0,611
330871.427148,378810.659957,0,730
330733.026655,378972.316293,0,730
330872.57926,378990.511583,0,730
330822.45228,378925.795375,0,730
330905.157857,378922.84112,0,730
330738.831467,379032.860572,0,730
330716.341,378686.737742,0,730
330853.85906,378802.322921,0,442
330784.028596,378608.364477,0,730
330764.100608,378600.70915,0,546
330683.554782,378588.628644,0,730
330884.736183,378813.259278,0,730
330840.052537,378617.166376,0,33
330714.900049,378616.504521,0,730
330819.562587,379048.513959,0,719
330747.263368,378940.374797,0,730
330694.168604,378916.057184,0,651
330777.684819,378920.344698,0,21
330756.063029,378934.158957,0,727
330700.909835,378878.748769,0,44
330863.883377,378753.746557,0,243
330728.319099,379052.900764,0,730
330736.362731,378722.159075,0,730
330746.631868,378634.538447,0,134
330767.901929,378913.453714,0,730
330840.531517,378609.586817,0,730
330860.941829,378722.171164,0,137
330809.763547,378743.251574,0,730
330849.056454,379041.291229,0,730
330875.820044,379030.439845,0,258
330779.22419,378785.645056,0,730
330886.378078,378894.054924,0,730
330866.916992,378633.482144,0,730
330674.983042,378766.487974,0,730
330825.754593,378880.180005,0,730
330822.744643,379041.698175,0,364
330898.741192,378931.995581,0,730
330767.784954,378679.96959,0,730
330677.485971,378758.292375,0,730
330753.566011,378847.736147,0,574
330687.019864,378720.459405,0,547
330770.057547,378752.152198,0,34
330786.245877,378617.700544,0,730
330894.856037,378862.216861,0,730
330869.025085,378974.427295,0,173
330732.099353,378893.665161,0,698
330681.210613,378618.990383,0,382
330779.093283,378689.413002,0,303
330818.073598,378863.886253,0,627
330771.334923,378898.487312,0,617
330754.353532,378780.779169,0,418
330688.788961,378663.157778,0,558
330763.60468,378946.378897,0,141
330863.705162,378981.476027,0,730
330883.421947,378992.214301,0,575
330900.115057,378968.30397,0,140
330681.477506,378732.381954,0,730
330799.996398,378994.066523,0,167
330749.948507,378588.455916,0,730
330718.082006,378656.507252,0,730
330706.628911,379000.273611,0,730
330859.557709,378936.298465,0,629
330734.280703,378665.933712,0,730
330797.644777,378668.272832,0,730
330723.784903,378877.800737,0,483
330814.917513,378966.229428,0,730
330866.663259,379049.369177,0,553
330724.614852,378795.746064,0,345
330692.352756,378617.097323,0,730
330882.475056,378797.491492,0,730
330747.16249,378723.131337,0,661
330666.819153,378684.701995,0,669
330791.153997,378886.141958,0,730
330778.596095,378732.409818,0,493
330799.27021,378911.578437,0,730
330712.80889,378738.480941,0,282
330657.178046,378596.353079,0,429
330685.418233,378657.171971,0,730
330730.728241,378770.212262,0,730
330754.107344,378902.067226,0,730
330697.57728,378776.080577,0,730
330790.638437,378996.928328,0,730
330861.708978,378678.237055,0,730
330717.993054,378724.09885,0,454
330891.705164,378984.308884,0,730
330789.348101,378923.960115,0,730
330833.003669,378870.994964,0,513
330867.410495,378666.317892,0,287
330790.48739,378859.663005,0,577
330682.927647,378814.854546,0,730
330814.01804,378920.175094,0,433
330870.731535,379038.605521,0,730
330676.373305,378716.542033,0,500
330856.902565,378892.205483,0,730
330688.247895,378747.908058,0,709
330807.989355,378861.233392,0,562
330841.365017,378933.819054,0,396
330806.410508,378821.604445,0,730
330726.892686,378870.886136,0,730
330802.104257,378577.450269,0,47
330907.183208,379035.525612,0,26
330775.514111,378718.118163,0,730
330835.889291,378778.77502,0,242
330749.804673,378606.800927,0,517
330740.694943,378683.015824,0,730
330731.426304,378669.487316,0,730
330685.894777,378834.813179,0,730
330835.067559,378877.048015,0,730
330819.66813,378640.013807,0,80
330831.466111,378680.914532,0,730
330755.039623,379049.423969,0,613
330768.591159,378704.889684,0,730
330684.62286,378738.986389,0,730
330888.986619,378889.014692,0,82
330708.874253,379022.546265,0,28
330744.44036,378657.438175,0,730
330858.217924,378944.481178,0,687
330755.916043,378691.603757,0,730
330781.911398,378814.228696,0,595
330876.985788,378594.582831,0,449
330685.011513,378812.128284,0,730
330721.973368,378940.690427,0,410
330849.117644,378654.081075,0,730
330850.220582,378946.653856,0,730
330739.968248,378743.997928,0,730
330702.2504,378920.033327,0,728
330754.150006,378759.245495,0,730
330850.888836,378634.790436,0,390
330896.103433,378972.409647,0,519
330726.675793,378596.566415,0,8
330797.996369,378594.536226,0,176
330867.410462,379026.124991,0,614
330896.430096,378870.108626,0,202
330770.795487,378921.219001,0,730
330831.986374,378590.222165,0,730
330712.885618,379035.521423,0,191
330713.471775,379006.436061,0,730
330790.257156,378643.313874,0,475
330846.209562,378766.105748,0,730
330887.285858,378989.788945,0,730
330757.705498,378995.052849,0,730
330721.458379,378674.930496,0,267
330697.152725,378843.569159,0,730
330850.338131,378992.091359,0,642
330851.3818,378767.176691,0,41
330885.430758,378948.715546,0,730
330853.611446,378607.002756,0,730
330757.587784,378868.659187,0,730
330815.003477,378967.599846,0,730
330677.387426,378708.162537,0,730
330877.148032,378659.992577,0,730
330748.673415,378762.874079,0,730
330897.65023,378924.885706,0,729
330697.95457,378731.813333,0,730
330775.21306,378715.125882,0,730
330676.056211,378712.300616,0,730
330861.982954,378619.972491,0,467
330856.181193,378828.610121,0,730
330779.868829,379039.952615,0,730
330878.403596,378716.818361,0,279
330711.973155,378853.37015,0,730
330853.190025,378875.244062,0,730
330698.917647,378930.226722,0,730
330815.639971,378921.475388,0,730
330864.217675,378584.049642,0,730
330715.593672,378886.916642,0,139
330683.883033,378834.954072,0,9
330682.036941,378717.856948,0,730
330687.192511,378781.53019,0,436
330842.641662,378826.83874,0,730
330835.139875,378714.842435,0,730
330701.3588,378824.891101,0,7
330711.894048,378704.127724,0,730
330737.142264,378779.374219,0,730
330873.059256,378863.755794,0,730
330777.589121,378818.544669,0,192
330895.796301,378863.819802,0,730
330767.810341,378636.862778,0,730
330799.870998,379042.211706,0,730
330744.221118,378598.987512,0,730
330707.824156,378962.344198,0,730
330718.533013,378915.013197,0,730
330778.719731,378958.11804,0,730
330794.091301,378741.451031,0,645
330828.998626,378675.307634,0,730
330790.306471,378753.356564,0,596
330778.467235,378829.079997,0,516
330879.520523,378775.829493,0,730
330754.418409,378829.8571,0,730
330813.174929,378659.447849,0,362
330702.956097,378825.507239,0,730
330887.583503,378823.23119,0,730
330772.814382,378633.055492,0,730
330852.945186,378744.104692,0,161
330702.04496,378728.548046,0,730
330855.744058,378963.251608,0,730
330719.509329,378800.376306,0,730
330898.479538,378918.100459,0,147
330824.287438,378770.582238,0,730
330743.67783,378580.923987,0,51
330687.382549,378797.931529,0,730
330759.405908,378876.490263,0,379
330744.148902,378600.602561,0,134
330809.808861,379019.611342,0,164
330759.093601,378695.760592,0,186
330748.540246,378985.659268,0,730
330783.65192,378592.547243,0,730
330681.700859,378700.666252,0,730
330797.976242,378761.331867,0,730
330853.289083,378934.924466,0,730
330761.014704,378869.669377,0,671
330875.218086,378589.525731,0,688
330745.962772,378602.557888,0,730
330780.953674,378594.255753,0,730
330787.407052,379045.018724,0,365
330869.249166,378831.056785,0,730
330719.1989,378785.289789,0,730
330737.148011,378681.668273,0,730
330691.69311,378607.181335,0,583
330681.689746,378737.20804,0,730
330818.719871,379028.236468,0,730
330762.891153,378891.666451,0,730
330791.041235,378703.664841,0,230
330702.691155,378703.747598,0,619
330902.400725,378915.276568,0,730
330806.710203,378648.360318,0,730
330832.111474,378706.704249,0,229
330748.485745,378905.214401,0,630
330786.807497,378836.161172,0,730
330769.866288,378920.871229,0,730
330784.900879,378659.904829,0,730
330753.331773,378780.25749,0,204
330830.273444,378886.999769,0,730
330691.361506,378899.859974,0,730
330813.63011,378833.333147,0,730
330906.671253,379034.528057,0,707
330899.667619,379014.229071,0,117
330911.362641,379023.10158,0,482
330863.303536,378814.333307,0,730
330662.717771,378653.352519,0,285
330728.314235,379048.743387,0,730
330889.207393,378981.305923,0,730
330910.36569,378920.122424,0,730
330896.182266,378931.837703,0,442
330688.723241,378771.653799,0,730
330808.580464,378718.712595,0,730
330879.34408,378743.842296,0,353
330827.778362,378958.87823,0,730
330836.608283,378981.503442,0,730
330900.763415,378917.098988,0,730
330870.155255,378822.617639,0,232
330801.605036,378575.807767,0,730
330834.218241,378949.852352,0,478
330844.547878,378580.549383,0,730
330701.083758,378576.219322,0,245
330737.001454,378970.398687,0,111
330717.870839,378802.499362,0,167
330856.165979,378774.722245,0,730
330769.41271,378680.146175,0,730
330854.519061,378816.251891,0,374
330765.067035,378801.711634,0,730
330814.292228,379044.747311,0,730
330804.516707,378646.157145,0,730
330786.507086,378914.085705,0,730
330713.350511,379037.428493,0,730
330702.744219,378592.60293,0,730
330701.360837,378781.590666,0,730
330879.660134,378649.249417,0,8
330755.259147,378808.495145,0,730
330721.844811,378653.215893,0,730
330690.631341,378612.720456,0,730
330820.323806,378924.708793,0,366
330796.221577,379003.586132,0,360
330789.227569,378762.551166,0,730
330824.337046,378842.735371,0,730
330899.264133,378958.944423,0,730
330832.780965,378876.297992,0,730
330861.038481,378732.42165,0,730
330661.209448,378575.952103,0,730
330892.732321,378780.172521,0,730
330735.390744,378578.42384,0,216
330670.673191,378678.002247,0,730
330718.789603,378956.135304,0,668
330875.991308,379045.115113,0,730
330865.269762,378733.833952,0,456
330862.13907,378939.016267,0,434
330883.675891,378659.028962,0,427
330744.511831,378749.449144,0,23
330864.572746,378869.632435,0,730
330842.466807,378948.803834,0,690
330680.794841,378725.991018,0,730
330902.646036,378897.297155,0,80
330725.732341,379011.312937,0,537
330717.527838,378706.447658,0,81
330702.030734,378649.390575,0,730
330833.328048,378661.088457,0,730
330867.068092,378898.381019,0,730
330706.966678,378961.314366,0,730
330772.938445,379017.045429,0,572
330888.39444,378942.803127,0,215
330736.052782,378861.557977,0,585
330766.914622,379047.063968,0,730
330860.523788,378961.462117,0,730
330767.608784,378727.720887,0,730
330789.221479,378893.300093,0,459
330723.949726,378832.148846,0,730
330723.215102,378982.378289,0,590
330874.305019,378671.933754,0,730
330859.8672,379012.721708,0,730
330853.567069,378576.579591,0,186
330800.298327,378876.71677,0,594
330840.528066,378658.35494,0,730
330775.530679,378727.500914,0,618
330823.607434,378660.955434,0,730
330841.378517,378604.051044,0,730
330830.125681,379007.387099,0,518
330744.986588,378834.071575,0,730
330825.05708,378608.390442,0,730
330756.980447,378964.751264,0,730
330830.200912,378602.702942,0,710
330704.792234,378748.873088,0,730
330861.009245,378701.827847,0,657
330771.640024,378587.169114,0,730
330839.496494,378861.823192,0,730
330736.501159,378789.349537,0,108
330869.523599,378619.046879,0,702
330743.789286,378664.227244,0,730
330712.317354,378752.89552,0,730
330895.745227,378781.701954,0,730
330797.561006,378875.949675,0,199
330793.428264,378818.34588,0,730
330718.676675,378630.723674,0,297
330825.319041,378693.642032,0,730
330831.283159,378649.51012,0,346
330684.175774,378825.370848,0,730
330899.379765,378837.430721,0,730
330872.784952,378668.439971,0,730
330813.644126,378871.88328,0,730
330809.414425,378696.329646,0,613
330715.691502,378739.071803,0,197
330735.081462,378996.176554,0,93
330801.687269,378801.479996,0,730
330908.557221,378979.793226,0,730
330728.89793,378961.780461,0,269
330878.06883,378934.216604,0,730
330862.683854,378833.385482,0,730
330685.235165,378638.809979,0,730
330777.858622,379041.626679,0,730
330877.568701,378830.09314,0,730
330878.541969,378903.095519,0,730
330789.992988,378696.535499,0,98
330688.605734,378785.288602,0,730
330708.570494,379011.92752,0,730
330797.544097,379025.409063,0,730
330743.297071,378937.072275,0,730
330919.546167,379019.331425,0,409
330704.207181,378930.34455,0,83
330723.572941,378710.518087,0,730
330697.033082,378659.300778,0,730
330910.180798,379025.013787,0,730
330733.990937,378832.747488,0,292
330684.000489,378804.874477,0,649
330724.862091,378938.649629,0,673
330719.594146,378853.419186,0,730
330731.589595,378914.520508,0,730
330885.177129,378774.795346,0,730
330767.36577,378955.233066,0,247
330714.638398,378872.937887,0,330
330777.363604,378861.296292,0,730
330730.567208,378975.875754,0,3
330703.18668,378781.740433,0,730
330748.592149,378648.487846,0,635
330879.951306,379037.403049,0,552
330836.588509,378754.472495,0,730
330717.33485,378967.729919,0,590
330764.49624,378913.715391,0,68
330757.49267,378588.699105,0,146
330750.706372,378662.424245,0,730
330836.975364,378585.5375,0,289
330839.611507,378830.899822,0,730
330742.841474,378904.703149,0,402
330831.500582,378899.691277,0,730
330692.493136,378784.813819,0,240
330689.996932,378717.446413,0,730
330800.507595,378720.638367,0,716
330698.249456,378727.32634,0,730
330691.234693,378674.426358,0,730
330664.49201,378605.18271,0,730
330868.74102,378629.744622,0,610
330885.614718,378980.784495,0,172
330720.320429,378909.349011,0,730
330754.481028,378993.811542,0,205
330834.483585,379050.316495,0,597
330873.543663,378709.530038,0,730
330693.508577,378728.160856,0,503
330822.015652,378578.871168,0,730
330863.844122,378751.133867,0,466
330767.644544,378694.552182,0,477
330861.357188,378747.607929,0,730
330850.68006,378734.231316,0,730
330737.519375,378968.14361,0,730
330836.946744,378862.667992,0,730
330770.592377,378735.365403,0,730
330699.642689,378754.595468,0,223
330772.557552,378951.657525,0,730
330778.731254,378768.155563,0,730
330823.3716,378621.978142,0,730
330886.06109,378991.108923,0,730
330817.257231,378770.352784,0,447
330768.336638,378886.068281,0,730
330716.460578,379005.422597,0,320
330822.893166,378758.614124,0,730
330767.145683,378909.436938,0,309
330840.762818,378660.975314,0,730
330744.275917,378821.776693,0,594
330915.017479,379016.08758,0,730
330777.080726,378879.677002,0,730
330886.766961,378753.862311,0,730
330766.561437,378732.697422,0,730
330891.922364,378843.362267,0,730
330812.828326,378576.567086,0,509
330757.71074,378624.123054,0,521
330743.643533,378970.093658,0,317
330823.688999,378663.906628,0,730
330785.956521,378579.283278,0,730
330700.215378,378966.1178,0,726
330875.241375,378888.879672,0,75
330739.902812,379005.338802,0,730
330860.096563,378778.861447,0,730
330855.240512,378809.986019,0,730
330697.302859,378906.726317,0,730
330860.763815,379047.49978,0,730
330697.778585,378732.848774,0,53
330709.394517,378671.53259,0,730
330821.239056,378830.483867,0,730
330737.228375,378665.795683,0,432
330728.024649,378995.614501,0,730
330845.654476,378847.158879,0,730
330778.648242,378854.586076,0,271
330677.642423,378659.159754,0,539
330790.74511,378809.679189,0,730
330817.479826,378898.668837,0,288
330850.696772,378614.877755,0,730
330871.605715,378579.626736,0,520
330699.471097,378969.237173,0,730
330872.790969,378762.547266,0,381
330896.315276,379019.112083,0,340
330711.536168,379002.204796,0,730
330720.211858,378765.568691,0,348
330849.989377,378941.707892,0,703
330772.535594,378680.104771,0,517
330745.9564,378862.382632,0,730
330840.859114,378909.725209,0,730
330817.693174,378912.591353,0,730
330724.906222,379019.246076,0,730
330682.351624,378683.989225,0,46
330860.400166,378798.833235,0,513
330694.144639,378866.292094,0,730
330754.751389,378810.193388,0,489
330716.075449,378887.354699,0,730
330791.998846,378635.027697,0,730
330747.403985,378992.37862,0,730
330834.225112,378860.768921,0,352
330872.078182,378726.787707,0,723
330829.054878,378837.978529,0,730
330730.437948,378655.908355,0,730
330688.695811,378778.857808,0,551
330667.350154,378574.095767,0,730
330765.438295,378686.824345,0,274
330808.765179,378771.07023,0,730
330815.505067,378646.145243,0,730
330741.011311,379029.686707,0,441
330890.325964,378859.899864,0,608
330833.962844,378781.506219,0,730
330835.28279,378621.480529,0,645
330850.378097,378674.235327,0,649
330776.131528,378853.83813,0,730
330753.054781,379033.472932,0,730
330715.817532,378660.783702,0,730
330780.682212,378821.88602,0,518
330712.766241,378774.397402,0,730
330903.515139,378922.634752,0,730
330887.476247,379031.010124,0,730
330842.8638,378720.145336,0,415
330785.621226,378964.821335,0,730
330853.142864,378653.762766,0,730
330854.142673,378745.578543,0,730
330746.627275,378695.88205,0,491
330677.533965,378695.241358,0,730
330707.185295,378847.291567,0,129
330750.554819,378942.219726,0,306
330747.222848,378779.840062,0,528
330866.688491,378884.380031,0,730
330783.861947,378712.830038,0,730
330884.001278,378676.106071,0,730
330877.420838,378802.959815,0,730
330859.586446,378964.654087,0,462
330777.111705,378870.100057,0,626
330890.437877,378873.495377,0,307
330769.881587,378851.656062,0,730
330800.258189,378884.234336,0,730
330890.164215,378727.598415,0,730
330740.933339,378829.360661,0,82
330812.209997,378894.008988,0,730
330700.084057,378608.622081,0,730
330865.849521,378893.705992,0,730
330769.338293,378744.931304,0,477
330908.640754,378992.049122,0,730
330687.721106,378685.737623,0,389
330860.160295,378811.739225,0,730
330776.243881,378786.788729,0,563
330817.266436,378955.896212,0,730
330686.973396,378653.118293,0,730
330888.6616,378827.952395,0,730
330795.775221,378868.070218,0,730
330662.664736,378636.966381,0,730
330763.173948,378667.571216,0,177
330745.527045,378690.576089,0,730
330775.946892,378819.197808,0,730
330896.570038,378817.310264,0,265
330904.608661,378940.81556,0,730
330764.22889,378980.463535,0,730
330809.304995,378650.008168,0,106
330856.278393,378708.29199,0,413
330823.313465,378873.170859,0,207
330811.182911,378628.167738,0,730
330724.841715,378799.961619,0,730
330747.795013,378779.140772,0,566
330692.210685,378810.846272,0,730
330905.973951,378947.452002,0,730
330726.020993,378611.157479,0,730
330759.722765,378974.553277,0,730
330697.61518,378938.290121,0,730
330774.419967,378883.14486,0,730
330857.025706,378896.65313,0,567
330735.191602,378872.465333,0,730
330818.518887,378577.520925,0,730
330659.630255,378629.390286,0,730
330765.646182,378802.328664,0,302
330913.328641,378970.032239,0,667
330834.970284,379026.722811,0,730
330839.995457,378888.274468,0,113
330717.529145,378693.206544,0,730
330744.488577,378872.655086,0,730
330760.247233,378635.713731,0,730
330913.141235,378959.762433,0,730
330699.514612,378854.190342,0,730
330873.885401,378786.169414,0,470
330893.207972,378819.286135,0,391
330819.340682,378756.51827,0,305
330864.718533,378639.75619,0,730
330818.454917,378878.658725,0,730
330728.483885,378815.739004,0,730
330718.86272,378684.597168,0,261
330860.533468,378894.217834,0,730
330784.153894,378772.777069,0,681
330771.306996,378662.651581,0,250
330747.995865,378833.23273,0,632
330697.403706,378835.261775,0,730
330719.6372,378644.589351,0,730
330828.198585,378807.146277,0,277
330916.834488,378996.956567,0,232
330801.687111,378820.762224,0,464
330721.6451,378607.475219,0,159
330846.611681,378585.511037,0,651
330798.790085,378868.032195,0,405
330770.294664,378982.191981,0,730
330805.868505,379047.539131,0,677
330871.445572,378754.989848,0,730
330857.93689,378787.057935,0,620
330738.523209,378702.594318,0,730
330834.44891,378623.232338,0,730
330789.841164,379027.896293,0,730
330810.667284,378961.492811,0,197
330818.919381,378650.760161,0,458
330832.092651,378603.90024,0,730
330793.329893,378982.537246,0,730
330721.249615,378918.987795,0,730
330764.41941,379036.975096,0,730
330801.143703,378790.618764,0,730
330842.129462,378909.328507,0,149
330842.105806,378949.188815,0,666
330661.2795,378593.373136,0,730
330717.717078,378856.989598,0,730
330786.0252,378778.605042,0,730
330840.521831,379037.177165,0,209
330722.397445,378814.603342,0,730
330768.456987,378918.938257,0,535
330898.237468,378960.99746,0,466
330798.618796,379035.014066,0,730
330826.011059,378588.668986,0,246
330689.267813,378773.234249,0,730
330694.570475,378722.726484,0,730
330676.544535,378702.462334,0,670
330689.046703,378710.082797,0,730
330723.359418,378608.050425,0,730
330768.713237,378970.717065,0,419
330910.950749,378935.231896,0,730
330734.021408,379013.584241,0,428
330792.960466,378917.918953,0,432
330887.841133,378923.43691,0,730
330768.966068,378830.971337,0,730
330821.94474,378695.469751,0,707
330850.518218,378620.776786,0,480
330859.600311,378858.502718,0,730
330808.083822,378874.554773,0,730
330819.24909,378618.616801,0,408
330890.06508,378848.949835,0,680
330880.912354,378799.880639,0,730
330793.914176,378672.375855,0,683
330698.867876,378633.228278,0,174
330815.452355,378747.327108,0,545
330806.880796,378750.928825,0,256
330796.440897,379045.626038,0,730
330822.226711,378706.868142,0,730
330716.537779,378990.569322,0,363
330697.742112,378878.159508,0,530
330831.23787,378679.263242,0,364
330851.653483,378716.390119,0,730
330882.538922,379035.661334,0,588
330790.440355,378941.995587,0,647
330822.287242,378621.991469,0,730
330827.878993,378989.249432,0,730
330801.303663,378756.119824,0,730
330903.503576,379019.280884,0,713
330841.518287,378999.331805,0,730
330667.81984,378677.936812,0,231
330744.324983,378766.641776,0,223
330760.076348,378912.96967,0,730
330739.471374,378873.76093,0,178
330887.257248,378821.038484,0,606
330820.983055,378645.282739,0,730
330729.978749,378611.863818,0,730
330767.728642,378894.495729,0,99
330789.925509,378846.362987,0,124
330762.529153,378945.532957,0,554
330748.370969,378722.372289,0,730
330908.259762,378974.73837,0,730
330860.509517,379032.294988,0,502
330781.811001,378682.061706,0,730
330868.124361,378871.401033,0,730
330835.683842,379051.819523,0,662
330826.662984,378751.640653,0,730
330763.577554,378648.787825,0,730
330758.734379,379020.675517,0,312
330776.7929,378893.692312,0,730
330754.879295,378856.517173,0,47
330719.928516,378773.267895,0,176
330753.977543,378639.105724,0,730
330838.567141,378859.148378,0,691
330884.716911,378843.90654,0,730
330768.713887,378672.084544,0,730
330868.574935,378570.391786,0,730
330750.037233,378889.31552,0,484
330711.361976,378939.139199,0,568
330735.623399,378609.957447,0,730
330672.583263,378683.202977,0,597
330776.349559,378950.384657,0,730
330678.305214,378620.635706,0,730
330842.012785,378612.572726,0,730
330870.255276,378674.35529,0,730
330692.911911,378831.689032,0,366
330743.868512,379028.900549,0,730
330690.68299,378665.466813,0,585
330738.872878,379041.558672,0,730
330822.196123,378697.234176,0,730
330663.303135,378573.367044,0,730
330842.585452,378722.023231,0,576
330778.543214,378722.406212,0,315
330873.436971,378988.711423,0,730
330796.297127,378646.914099,0,730
330786.41505,378879.52897,0,730
330870.867591,378785.076845,0,730
330915.082621,378963.838224,0,730
330761.73509,378891.888576,0,730
330848.922961,378994.239921,0,162
330894.017451,378981.00629,0,730
330726.79771,378868.735992,0,730
330739.446736,378770.086674,0,730
330848.351476,378800.522851,0,730
330784.670078,379003.206002,0,730
330685.190781,378787.318226,0,730
330720.045485,378965.620081,0,515
330758.082811,379036.149466,0,730
330870.523515,378777.701107,0,406
330684.143556,378589.795008,0,730
330671.16825,378667.046933,0,730
330781.896322,378813.123498,0,676
330870.618296,379030.503898,0,730
330847.816751,378593.901941,0,151
330749.044141,378848.056901,0,730
330732.63475,378902.932862,0,644
330797.655178,378778.806484,0,730
330781.534338,378966.043487,0,408
330700.697771,378715.227553,0,654
330712.257966,378644.194599,0,244
330877.420989,379017.710212,0,730
330757.815156,378606.046272,0,730
330784.176371,378896.644776,0,730
330762.11723,378811.884642,0,730
330736.993039,378715.316996,0,730
330787.263669,378942.102912,0,730
330778.368444,378605.980713,0,730
330873.054176,378735.733394,0,730
330873.785749,378689.2329,0,659
330695.462558,378928.249854,0,730
330888.944477,378965.8197,0,45
330865.474343,378804.34352,0,713
330690.362998,378729.386955,0,730
330804.927743,378988.469047,0,730
330771.447951,378990.362654,0,490
330875.291922,378729.918738,0,730
330714.179393,379003.619172,0,730
330871.753715,379011.827975,0,730
330841.411343,378780.415615,0,481
330718.387578,379058.537233,0,730
330779.103604,378734.0445,0,45
330847.992708,378995.334044,0,46
330782.797613,378860.995468,0,730
330669.812595,378588.530083,0,730
330857.848402,378923.16219,0,730
330909.001172,379010.574752,0,172
330765.778437,378939.200539,0,730
330703.805971,378647.634816,0,730
330848.063579,378722.482165,0,536
330817.16158,378579.38168,0,684
330698.928109,378858.690848,0,730
330723.569171,378956.956161,0,730
330809.461708,378636.295442,0,616
330845.010702,378863.38035,0,730
330746.72797,378673.231994,0,730
330847.128754,378990.114929,0,333
330841.763576,379035.616456,0,269
330843.094449,378634.176567,0,730
330694.778535,378853.775171,0,730
330763.881011,378850.493418,0,730
330876.272458,378593.472952,0,730
330865.036558,378637.279056,0,730
330863.360422,378762.930804,0,497
330752.160512,378906.761257,0,730
330767.886791,378929.320925,0,730
330776.689179,378839.295212,0,730
330797.514471,378744.461863,0,192
330723.927833,378895.398957,0,55
330865.863718,378875.426427,0,224
330844.12014,378935.205651,0,549
330852.128968,378988.684519,0,730
330756.919666,378710.946753,0,730
330711.208105,378988.186027,0,730
330879.287196,378774.379571,0,175
330843.03333,378763.061548,0,623
330890.483895,379002.929698,0,730
330797.707707,378818.613553,0,730
330803.517358,378666.737342,0,83
330806.800393,378611.956794,0,730
330858.945624,378968.96601,0,730
330778.497802,378931.828338,0,712
330896.934844,378853.72158,0,730
330741.589213,379042.5547,0,120
330758.086611,378625.782707,0,730
330857.31757,378916.812195,0,730
330807.573695,378947.71128,0,116
330848.034514,378574.22224,0,730
330753.796259,379018.50438,0,730
330850.811486,378750.155152,0,730
330881.41061,378865.863879,0,730
330823.211098,378842.281364,0,730
330717.797073,378592.742812,0,730
330833.901143,378886.037785,0,730
330792.100266,378727.076521,0,730
330689.354709,378803.09363,0,730
330769.30688,378993.843674,0,730
330718.12809,379047.091369,0,524
330819.780945,378749.213308,0,715
330833.09324,378887.260714,0,730
330815.747009,378884.735399,0,688
330842.905188,378785.439404,0,701
330851.926179,378783.510363,0,604
330712.941869,379027.641504,0,417
330715.473314,378752.99712,0,246
330756.223785,379020.09828,0,203
330756.973247,378993.305191,0,730
330720.780416,378778.373346,0,730
330731.38032,378836.830147,0,234
330804.171484,378977.447007,0,730
330825.276937,378835.954254,0,546
330843.232054,378827.506912,0,730
330717.952341,378862.929543,0,305
330720.103007,378942.194917,0,463
330736.726366,378900.430087,0,730
330762.327741,378970.917315,0,730
330728.076325,378717.092159,0,730
330820.403714,378853.223123,0,420
330670.237667,378714.807023,0,631
330890.404868,378853.532431,0,730
330788.423474,379023.414769,0,730
330831.605404,379009.581796,0,730
330701.666206,378666.704536,0,629
330901.052039,378956.090767,0,730
330821.491609,378661.183156,0,730
330756.448086,378981.34601,0,730
330767.600045,378818.340993,0,661
330797.56483,378630.992694,0,730
330856.633437,378964.548085,0,730
330709.618724,379019.33609,0,682
330829.221576,378901.248893,0,730
330807.4823,378594.288994,0,730
330738.68465,378647.87133,0,730
330735.254335,378889.88807,0,730
330762.226185,378800.825222,0,730
330823.070362,378815.137429,0,353
330705.564088,378688.040589,0,730
330817.559127,378862.572495,0,663
330856.998105,378672.427263,0,531
330663.81154,378575.107438,0,309
330887.854598,378965.39105,0,542
330727.860151,378955.518047,0,9
330783.006205,378824.205225,0,730
330763.113369,379008.408628,0,730
330849.074936,378773.063303,0,451
330873.64929,378755.61182,0,730
330898.001283,378824.247448,0,492
330819.336531,378665.807935,0,730
330774.678207,378611.619235,0,421
330771.103967,378743.198438,0,730
330698.941799,378821.428267,0,730
330693.330526,378772.915536,0,730
330845.824167,378882.467487,0,730
330749.221897,378894.597832,0,543
330847.705442,378983.628293,0,730
330895.842435,379001.963489,0,730
330715.242362,378798.169697,0,730
330720.333185,378916.76376,0,730
330699.637732,378868.513505,0,582
330832.272638,378947.578056,0,492
330695.745263,378617.704246,0,633
330823.619091,378917.108322,0,730
330831.573591,379015.650096,0,730
330829.299482,378688.338982,0,334
330795.828021,378620.39158,0,147
330677.387655,378596.636196,0,730
330817.768258,378676.307666,0,730
330717.537241,378822.234884,0,415
330846.621964,378687.149566,0,730
330794.366749,378893.240246,0,730
330726.695829,378850.460285,0,346
330778.388164,378844.611259,0,603
330767.810396,379026.245637,0,557
330772.133548,378802.666009,0,730
330804.2902,378962.290691,0,173
330880.251166,378707.530559,0,592
330804.672359,378886.466424,0,350
330709.757302,378612.790168,0,730
330777.268584,378600.355507,0,730
330722.516223,378960.616212,0,730
330881.204437,378882.239,0,730
330890.354188,378948.269039,0,730
330700.631632,378920.73872,0,617
330823.989528,378738.761263,0,730
330850.066553,378702.655588,0,730
330851.794091,378615.831527,0,730
330693.428338,378589.445492,0,730
330750.668965,378750.136097,0,730
330688.492183,378624.339652,0,730
330834.293918,378796.632922,0,730
330776.009599,378756.795326,0,730
330705.086727,378773.735531,0,508
330718.995598,378666.254821,0,4
330749.073136,378727.36106,0,11
330876.743211,378866.161354,0,730
330824.646664,378805.560414,0,624
330682.205509,378808.946809,0,730
330819.017137,378805.151175,0,679
330690.59939,378798.181214,0,401
330738.426598,378964.012472,0,507
330745.468326,378742.786113,0,730
330882.115098,378693.416009,0,730
330720.76811,378771.291039,0,358
330797.980743,378930.27696,0,88
330668.094236,378606.659716,0,665
330787.308468,378648.066829,0,202
330840.289018,378813.081199,0,730
330756.311173,378772.75951,0,730
330708.878081,378592.772913,0,730
330676.666075,378780.233556,0,730
330679.108589,378609.070041,0,730
330826.72294,378609.940397,0,730
330805.408693,378942.256199,0,730
330700.745655,378723.908305,0,730
330875.233517,378939.23154,0,730
330796.763886,378896.968006,0,321
330750.965107,378926.824675,0,730
330883.269239,378935.965425,0,730
330849.271293,378622.53872,0,730
330781.326377,378826.843537,0,67
330892.694768,378954.050237,0,730
330755.660875,378733.974194,0,251
330790.016409,378675.999489,0,730
330894.435362,378845.568017,0,635
330773.669016,378854.557035,0,730
330874.802034,378956.005089,0,685
330713.668123,378651.605356,0,730
330906.713964,378877.521578,0,498
330874.88705,378641.808618,0,730
330831.736042,378758.367806,0,730
330911.766525,379020.682317,0,730
330718.501999,379038.595417,0,730
330875.602229,378705.151001,0,730
330705.384627,378763.599162,0,621
330760.404469,378774.689871,0,730
330831.418144,378660.38915,0,730
330904.244205,378947.143305,0,730
330869.152052,378980.580559,0,570
330888.397458,378974.000429,0,643
330813.864383,378808.829062,0,730
330720.473685,378836.679755,0,425
330722.205692,378945.812293,0,730
330836.740978,378799.674579,0,730
330822.767322,378881.483205,0,730
330690.726716,378841.308396,0,715
330705.958369,378592.309744,0,730
330707.293593,378876.752912,0,569
330794.411513,378958.725694,0,730
330737.932264,378798.448291,0,730
330825.388426,379028.572378,0,730
330793.879331,378619.598244,0,730
330849.736738,378923.804637,0,730
330903.554322,378941.617889,0,730
330794.105944,378737.615912,0,610
330794.920684,378916.10797,0,730
330677.689159,378580.292767,0,730
330661.403294,378602.248161,0,219
330847.77187,379003.253082,0,542
330843.366225,378626.392918,0,499
330754.168657,378638.919393,0,730
330757.816463,378922.682609,0,730
330856.813337,378780.752873,0,317
330856.589237,379031.147751,0,730
330728.223492,378941.610207,0,185
330711.567065,378710.345295,0,730
330712.150333,378684.693041,0,730
330829.63444,378798.753201,0,730
330769.588929,378755.744256,0,714
330819.596157,378880.333847,0,630
330785.243346,378828.130802,0,565
330870.621351,378740.309366,0,730
330815.343057,378749.739628,0,730
330839.337542,378706.880339,0,730
330805.96118,378660.424314,0,730
330742.434101,378993.297394,0,344
330798.712341,378781.001664,0,730
330723.42224,378813.152824,0,646
330690.729725,378732.892646,0,730
330899.267637,378939.43916,0,480
330840.304534,379000.909066,0,730
330692.204672,378725.795302,0,730
330698.41319,378620.173291,0,730
330890.480413,378890.751966,0,343
330703.856654,378960.862718,0,107
330699.175806,378695.361437,0,639
330892.549062,378928.710571,0,730
330794.211679,378977.696569,0,446
330704.466968,378736.256239,0,730
330725.616539,378970.889077,0,665
330800.448438,378717.255793,0,730
330840.220596,378934.75638,0,730
330742.616513,379058.148071,0,612
330686.961661,378731.376493,0,730
330810.03373,378893.704605,0,539
330819.390795,378580.289749,0,655
330845.447193,378696.088839,0,372
330715.274549,378866.013288,0,2
330840.235556,379013.472843,0,281
330818.543996,378829.351092,0,730
330754.715539,378978.716067,0,61
330687.376931,378611.673461,0,730
330875.842199,378836.82722,0,730
330898.350167,378943.118142,0,730
330787.587174,378978.329259,0,730
330780.596997,378700.171202,0,730
330886.598349,379011.110897,0,327
330760.816739,378934.010524,0,730
330673.672933,378632.38076,0,283
330878.674927,378906.213829,0,482
330711.255106,378684.674316,0,730
330728.061098,378725.753635,0,730
330843.517874,378683.220488,0,730
330802.97248,378714.056463,0,730
330766.892806,378882.38311,0,460
330871.725402,378613.493907,0,304
330722.127217,378938.505253,0,347
330849.811792,378641.316452,0,730
330716.830868,378693.178644,0,127
330710.522001,378662.350989,0,730
330773.667458,378647.413102,0,730
330716.817113,379033.203587,0,730
330764.687847,378970.912904,0,730
330798.520838,378590.251166,0,730
330700.437168,378834.610534,0,418
330867.261963,378569.957107,0,621
330870.83436,378731.593893,0,489
330702.813663,378841.712824,0,730
330852.616105,379033.967127,0,237
330781.249262,378745.975419,0,730
330836.137438,378584.708648,0,556
330682.908571,378687.345161,0,730
330732.28888,378989.620227,0,730
330852.194944,378795.167661,0,730
330656.780931,378587.841341,0,634
330743.503076,378680.461708,0,59
330738.393453,378824.926853,0,730
330871.966677,378735.269637,0,719
330822.88141,378764.34409,0,730
330721.52722,379004.399738,0,730
330752.752466,378759.322474,0,730
330829.036405,378615.583593,0,730
330877.822081,378856.238458,0,354
330847.652588,378988.550907,0,95
330786.597124,378857.526195,0,730
330794.142002,378580.578799,0,730
330668.764184,378694.643838,0,434
330675.220265,378692.317523,0,435
330860.649866,378761.098544,0,730
330736.15616,378829.74271,0,449
330837.937864,379026.059809,0,730
330858.316187,378637.483439,0,730
330845.744871,378631.250164,0,730
330749.480525,378728.430942,0,730
330716.206575,378581.582894,0,730
330784.704039,378972.275049,0,279
330784.429496,378685.918607,0,672
330883.943133,378952.652808,0,730
330711.996075,378703.551381,0,730
330797.228475,379036.419013,0,502
330836.344221,378812.579073,0,730
330838.872486,378998.926624,0,730
330876.817029,378664.914292,0,623
330848.017106,378985.485068,0,730
330764.944908,378747.000106,0,730
330731.165279,378631.293695,0,730
330918.664693,379020.66507,0,730
330693.447504,378842.936089,0,730
330785.936452,378877.216081,0,693
330722.812583,379008.852045,0,461
330856.551838,378625.871222,0,730
330870.073025,378879.415228,0,730
330786.020313,378793.755507,0,730
330890.844643,378817.318233,0,523
330719.980488,378911.770523,0,730
330698.834934,378578.326531,0,730
330896.940348,378917.140016,0,730
330878.421745,378917.42117,0,573
330756.097714,378991.594354,0,215
330816.34164,378697.206309,0,664
330701.805202,378671.577911,0,730
330888.78132,378836.944306,0,730
330813.736915,378678.667061,0,730
330673.201928,378722.414863,0,599
330693.882087,378730.6458,0,730
330770.335318,378619.282449,0,730
330888.466506,378812.082704,0,308
330863.066024,379036.764952,0,195
330820.058926,378780.556217,0,697
330751.661238,378768.193676,0,478
330859.909385,378719.885293,0,730
330874.386778,378746.494306,0,548
330717.169763,379046.353296,0,34
330891.036474,378803.386777,0,193
330712.674636,379036.565823,0,57
330814.707198,378783.498429,0,370
330788.189021,378973.804546,0,730
330728.374374,379051.072314,0,486
330787.749563,378712.766175,0,392
330705.703991,378861.111928,0,730
330914.292456,378963.381943,0,69
330857.562231,378920.952696,0,350
330838.538519,378960.000488,0,164
330740.426966,378639.876539,0,730
330831.588365,379020.787952,0,730
330738.066803,378636.036547,0,730
330801.779726,378613.980199,0,730
330818.069018,378922.074463,0,730
330709.67019,378956.249404,0,276
330805.242971,378895.452809,0,730
330726.279239,379005.135569,0,730
330812.869141,378631.030673,0,676
330764.08723,378685.447596,0,458
330853.997057,378941.592591,0,730
330826.315844,379047.173076,0,487
330710.271356,378868.75762,0,304
330668.509186,378678.753302,0,582
330836.783066,379003.815715,0,36
330745.814453,379052.116318,0,730
330843.639273,378681.350457,0,730
330675.581258,378597.38737,0,537
330869.082088,378842.72182,0,650
330677.350803,378720.858583,0,296
330721.69624,378866.501467,0,730
330879.151535,378822.770924,0,362
330825.182126,378847.983431,0,605
330782.345634,378807.424366,0,730
330669.285135,378635.475589,0,92
330844.31256,378633.94215,0,730
330740.074828,378953.628566,0,11
330738.039562,378836.497997,0,730
330905.533712,379041.493381,0,626
330766.836248,378584.912514,0,730
330811.453301,378726.994971,0,730
330793.954941,378771.917647,0,526
330813.694718,378851.581231,0,730
330899.858185,378924.657637,0,730
330758.461555,379006.986782,0,561
330780.12825,378800.725716,0,345
330847.152437,378751.431883,0,562
330871.955918,378857.481788,0,730
330715.003257,378740.601545,0,591
330702.717495,378591.490259,0,730
330805.4718,378868.714222,0,730
330875.449798,378604.54215,0,730
330805.13943,378644.946649,0,276
330857.422435,378777.160037,0,491
330829.096174,378578.974749,0,730
330856.930853,378696.929935,0,730
330788.614872,378758.351869,0,730
330903.980051,378951.854615,0,730
330754.349797,379009.350782,0,141
330738.437361,378656.350676,0,399
330693.223557,378588.534841,0,730
330905.237552,378907.816636,0,730
330862.419556,378831.406303,0,730
330752.828436,379027.530389,0,263
330785.781213,378727.372819,0,118
330704.998145,378671.36636,0,730
330727.00961,378864.213578,0,272
330808.272165,378654.966645,0,663
330791.364736,378764.153133,0,678
330751.723189,378839.224428,0,126
330684.2324,378664.340331,0,704
330795.668317,379053.747018,0,692
330798.436581,378783.387038,0,730
330918.403962,379003.57909,0,730
330740.272051,379052.718761,0,730
330682.734302,378811.29102,0,325
330829.58843,378599.180071,0,249
330838.074457,378793.672379,0,601
330730.989773,378667.161926,0,31
330837.335144,378597.317012,0,730
330780.09368,379016.028555,0,644
330681.745041,378735.092506,0,730
330839.922332,379008.996411,0,730
330753.922096,378848.343081,0,182
330805.127411,378635.580219,0,730
330861.830102,378914.143643,0,50
330807.254577,378927.356577,0,640
330720.569656,378597.074922,0,184
330775.772563,378875.49896,0,155
330728.391718,378705.172115,0,730
330830.041038,378658.217398,0,282
330865.8505,378711.323524,0,730
330895.926173,378781.682298,0,730
330747.238955,378932.683125,0,730
330739.578934,378757.645775,0,675
330809.149103,378868.10697,0,445
330669.807237,378576.404378,0,730
330749.983323,378926.715221,0,264
330833.226175,378716.907705,0,730
330771.798651,378806.329134,0,730
330847.939228,378602.935985,0,360
330701.80069,378757.851847,0,319
330733.185747,378622.467407,0,730
330844.343781,378761.159798,0,730
330714.735789,378623.422918,0,730
330723.474403,378801.459329,0,730
330680.773535,378606.823726,0,730
330870.716741,378597.782393,0,96
330721.176185,378955.50121,0,730
330721.970616,378777.973497,0,730
330809.53945,378855.796285,0,560
330711.370639,378713.446064,0,531
330717.719081,378863.242003,0,730
330780.372322,378848.554702,0,730
330788.097238,378893.104342,0,730
330839.808489,378737.243461,0,730
330790.083748,378942.512469,0,730
330844.565541,378736.275775,0,730
330727.778753,378699.161004,0,730
330669.133391,378590.561344,0,730
330852.872285,378693.429248,0,204
330792.518501,378979.24855,0,177
330826.490523,378926.90034,0,13
330863.28071,378639.061237,0,641
330694.107088,378585.258083,0,730
330858.281532,379004.588695,0,378
330915.210497,378994.378928,0,730
330853.081357,379050.20856,0,730
330797.881387,379046.864069,0,730
330704.230386,378908.566609,0,730
330653.398666,378585.227825,0,730
330887.415248,378899.456609,0,730
330750.39925,379015.799777,0,730
330898.361244,378981.824039,0,730
330792.217407,378874.968993,0,730
330715.202753,378757.705934,0,127
330745.851139,378946.653699,0,103
330842.64427,378971.76309,0,730
330746.491295,378837.86209,0,730
330712.984442,378601.536222,0,730
330724.549783,378860.479716,0,730
330773.954876,378748.592638,0,730
330677.072098,378763.923893,0,730
330774.300302,378960.909223,0,730
330863.401033,378984.930014,0,730
330882.969462,379006.80543,0,730
330801.099512,378773.812203,0,13
330888.497025,379037.321106,0,638
330868.005538,378797.588597,0,730
330872.020433,378746.975157,0,339
330856.030404,378959.285165,0,240
330768.793837,379039.851326,0,730
330738.123944,378692.212099,0,725
330740.798088,378676.411328,0,730
330727.412956,378688.706224,0,730
330700.608303,378883.218675,0,553
330808.343278,378981.853227,0,377
330782.110045,378872.985004,0,730
330804.990813,378854.67965,0,730
330824.535837,378976.742699,0,278
330736.867725,378912.61855,0,730
330852.796601,378645.417079,0,154
330856.993411,378634.936997,0,723
330778.484888,378899.239495,0,498
330759.407487,378582.055298,0,730
330713.513884,378704.120693,0,81
330826.539972,378717.518563,0,212
330909.325414,378924.031623,0,424
330826.383873,378684.767617,0,730
330697.993517,378800.158732,0,73
330752.371281,378639.585903,0,730
330791.087348,378973.009647,0,730
330725.108619,378907.132483,0,730
330803.257145,378681.925191,0,39
330910.52128,378982.875609,0,730
330804.184549,378939.967146,0,730
330728.144932,379050.101417,0,730
330684.175923,378601.395326,0,510
330897.028493,378902.77792,0,506
330774.884684,378699.199712,0,37
330708.540574,378896.904104,0,189
330728.171051,378740.912666,0,411
330774.073118,378687.608335,0,730
330717.008199,378753.345296,0,730
330857.016467,378931.002422,0,730
330760.773929,378652.186058,0,730
330816.638036,378953.297985,0,554
330811.671791,378822.999196,0,730
330692.578585,378912.959256,0,730
330782.719182,378635.125018,0,607
330786.125181,378749.312193,0,730
330702.25298,378841.049614,0,385
330808.455003,378854.269218,0,410
330773.662873,378682.686353,0,453
330848.830551,378620.337572,0,682
330817.607077,378896.344369,0,670
330766.630063,378990.116979,0,730
330753.840931,378982.566442,0,320
330741.912994,378897.535072,0,730
330755.79565,378791.061262,0,36
330737.240057,378840.350889,0,730
330803.163105,379009.005842,0,544
330782.812547,378813.636217,0,730
330765.87954,378839.30671,0,62
330913.365502,378974.990159,0,241
330866.228221,378997.886879,0,730
330823.111586,378950.780581,0,730
330736.187617,379024.697562,0,730
330782.873288,378806.461005,0,730
330832.643247,378697.138735,0,662
330778.75183,379049.053272,0,730
330733.221057,378992.612618,0,716
330843.837335,378942.919914,0,237
330772.17004,379047.470584,0,355
330813.588723,378618.938827,0,468
330760.515815,378944.841815,0,730
330771.513485,378950.079198,0,439
330727.506627,379005.678436,0,730
330844.195912,378767.434837,0,686
330892.521612,378738.295451,0,659
330854.448936,378756.371897,0,730
330880.687598,378718.372543,0,730
330829.306415,378788.381971,0,261
330867.039854,378783.337779,0,730
330727.486985,378705.796294,0,730
330691.102961,378786.793685,0,730
330738.734091,378977.600079,0,730
330751.118169,378831.322912,0,730
330758.223122,378631.928691,0,730
330729.21575,378951.076601,0,586
330859.064122,378789.924071,0,730
330713.733122,378588.317688,0,292
330796.329738,378718.106325,0,730
330873.425767,378773.65289,0,324
330919.553118,379037.642589,0,730
330778.845684,378919.231797,0,624
330775.256916,378864.065396,0,730
330776.374926,379009.372303,0,18
330739.734222,378887.142277,0,730
330843.979842,378796.663401,0,730
330779.767251,378806.318575,0,121
330807.199275,378640.995289,0,730
330787.643672,378951.75607,0,730
330865.628929,378746.978682,0,325
330721.799417,378927.503081,0,314
330763.331909,378865.05795,0,730
330852.433402,378976.672328,0,311
330879.580777,378979.593464,0,648
330890.62931,378932.146716,0,313
330884.00113,378865.158767,0,267
330804.281496,378683.585967,0,730
330871.432871,378814.211144,0,4
330667.915208,378642.314362,0,189
330703.52161,378777.828753,0,730
330738.330169,378807.185971,0,730
330780.484205,378607.156192,0,416
330825.057625,378687.119963,0,730
330807.569452,379041.126333,0,397
330699.636997,378708.209472,0,631
330829.008224,378862.365968,0,730
330891.545959,378732.044023,0,730
330826.487781,379039.165077,0,639
330681.268257,378637.01076,0,698
330856.424649,378690.738106,0,293
330697.462753,378830.35053,0,730
330799.025004,378861.871679,0,236
330826.413175,378621.346106,0,527
330777.423206,378897.726564,0,730
330705.127702,378805.617421,0,730
330678.677339,378649.388733,0,730
330865.629962,378734.424593,0,730
330817.556604,379045.87092,0,730
330781.375888,378747.681562,0,606
330870.123963,378842.18763,0,289
330822.336404,378671.148684,0,730
330731.149371,378603.831374,0,730
330825.436764,378752.300644,0,525
330800.849413,378701.202362,0,463
330780.453878,378806.038575,0,268
330721.35764,378985.309482,0,730
330791.992447,378808.377339,0,730
330737.965958,378770.362058,0,708
330800.899113,378911.537379,0,730
330832.819993,378968.804154,0,245
330885.716599,378741.135105,0,16
330767.808571,378971.978454,0,461
330768.037466,378957.949855,0,730
330886.2846,378966.40716,0,730
330876.458831,378929.244826,0,730
330685.793708,378842.373241,0,730
330713.080291,379009.241004,0,730
330832.014206,379017.754175,0,730
330851.955892,378702.492541,0,730
330769.703237,379028.548319,0,730
330821.876428,378932.354153,0,730
330660.107724,378583.704609,0,730
330722.735094,378594.796152,0,29
330754.373325,378975.912418,0,730
330785.959042,378885.849066,0,580
330758.563198,378858.753428,0,730
330890.458089,378973.361529,0,730
330896.358895,378858.727567,0,730
330761.369478,378968.583153,0,730
330756.092845,378623.120716,0,730
330730.156717,379056.236533,0,728
330711.993326,378692.176393,0,208
330796.603162,378722.736112,0,730
330763.691767,378872.313259,0,730
330707.366835,378973.109453,0,730
330845.39128,379029.668194,0,730
330793.461548,378798.760549,0,730
330834.533426,378577.117585,0,730
330734.925956,378723.307993,0,42
330802.55628,379016.458974,0,526
330704.627493,378725.550542,0,730
330822.684452,378604.876465,0,583
330709.118071,378984.311775,0,660
330746.742385,378660.703726,0,730
330911.423852,378943.075068,0,615
330729.800787,379067.749816,0,730
330728.66582,378799.020648,0,730
330775.458734,378899.166401,0,730
330798.783751,378918.724052,0,730
330784.363447,378781.455774,0,730
330850.878286,378575.448404,0,648
330736.26243,378705.728388,0,730
330726.967317,378632.917658,0,730
330884.082773,378843.508395,0,260
330815.438578,378665.124471,0,730
330735.970782,378879.328023,0,397
330742.870441,379016.452166,0,730
330804.610011,378590.890529,0,123
330793.855626,378785.621132,0,730
330901.347215,378832.613245,0,528
330796.153246,378971.537237,0,730
330905.963048,378889.268932,0,315
330713.766174,378697.725948,0,730
330791.343252,378880.96042,0,298
330850.492562,378995.470241,0,730
330905.545076,378965.025894,0,396
330827.85101,378601.65541,0,428
330820.142258,378932.214186,0,730
330717.110955,378693.625916,0,730
330772.00742,378713.958213,0,730
330659.031694,378632.340662,0,730
330799.756512,378910.365021,0,730
330888.801872,378936.162679,0,730
330857.487753,378650.777063,0,730
330871.015704,378771.542932,0,730
330680.376996,378771.322117,0,730
330841.654763,378782.895854,0,730
330828.570572,378766.268476,0,730
330877.078337,378900.478849,0,48
330763.701102,378886.230329,0,293
330871.248871,378997.219074,0,179
330713.807929,378963.890787,0,730
330689.310713,378884.669091,0,730
330833.446379,378610.758387,0,220
330882.746391,378816.909365,0,380
330751.286986,378904.260474,0,331
330854.64655,378996.680079,0,658
330857.908962,379010.739854,0,730
330817.045127,378999.255013,0,58
330920.177673,379040.542969,0,730
330870.3965,378589.274561,0,730
330884.879306,378846.137978,0,730
330726.573874,378919.743777,0,503
330791.451651,378656.592874,0,341
330797.453962,378618.417676,0,522
330663.050374,378584.921013,0,730
330804.833068,378669.183258,0,730
330669.080379,378632.021335,0,54
330719.841314,378655.96772,0,730
330795.31226,378891.565939,0,730
330886.502486,378793.182319,0,730
330831.947372,378997.230323,0,555
330751.907708,378915.64637,0,730
330907.409469,379046.674069,0,730
330776.50487,378756.246533,0,730
330722.543822,378635.342222,0,730
330808.977151,379046.369692,0,730
330855.929868,378645.308374,0,730
330719.62285,378877.669738,0,1
330890.351181,378945.097469,0,730
330729.427969,378838.76491,0,730
330693.064422,378691.474843,0,564
330707.871653,378836.121989,0,545
330719.632135,378636.351881,0,596
330736.897543,378860.753883,0,730
330728.266767,379054.060967,0,730
330690.793672,378797.230423,0,730
330721.54843,378876.384954,0,730
330738.967419,378680.239243,0,730
330812.439752,379034.194152,0,730
330876.784497,379023.592804,0,359
330787.446455,378950.890188,0,730
330771.647925,378631.130432,0,494
330834.919081,378945.741089,0,730
330670.029021,378669.613586,0,730
330710.789197,378727.266814,0,730
330699.904893,378866.782984,0,709
330734.523583,378588.109038,0,730
330849.100403,378570.205001,0,107
330798.023003,378936.225803,0,730
330694.610656,378684.517681,0,730
330743.380944,378748.993211,0,70
330834.091318,378639.851245,0,730
330678.452314,378721.623151,0,730
330768.830518,378680.144387,0,730
330781.77666,378610.837085,0,443
330837.629796,378829.595765,0,157
330746.422859,378663.615622,0,311
330758.634442,378929.594187,0,541
330810.059385,378839.108928,0,730
330903.2578,379002.596886,0,342
330873.899981,378843.63969,0,455
330745.702642,378898.685713,0,183
330883.129884,378845.032014,0,730
330864.287473,378675.825944,0,300
330743.697547,378882.354526,0,730
330713.410131,378935.949957,0,256
330709.923588,378785.705592,0,730
330677.006587,378748.286225,0,717
330910.695276,378954.076289,0,500
330777.474542,378991.767798,0,730
330862.785967,378843.27793,0,730
330726.209758,378786.983265,0,730
330758.27259,378607.993129,0,730
330734.228436,378601.227993,0,730
330852.480764,378700.992247,0,730
330816.771876,378768.43843,0,730
330723.590054,378960.387814,0,674
330717.308174,378641.17546,0,213
330861.023598,378711.776063,0,730
330850.809901,378965.671773,0,294
330814.765715,378953.825854,0,493
330705.421381,378858.08374,0,730
330696.424984,378814.012874,0,730
330859.077135,378606.959566,0,730
330851.40862,379038.296192,0,233
330780.777127,378878.387055,0,116
330837.420589,379052.432878,0,730
330732.693507,378690.373951,0,333
330781.217028,378641.150968,0,450
330850.511405,378867.125037,0,730
330785.186602,378588.097113,0,730
330736.414681,378621.578032,0,730
330777.296129,378903.724113,0,730
330862.65006,378727.911132,0,113
330835.166733,378826.201493,0,730
330818.099429,378731.891281,0,371
330788.790164,378788.505941,0,724
330830.004123,379018.923291,0,730
330730.313404,378809.094631,0,730
330869.58096,378974.559036,0,652
330689.461249,378575.957518,0,730
330860.531689,378756.782577,0,721
330801.506933,378851.917315,0,656
330834.710692,378627.364253,0,730
330782.23934,378978.959274,0,730
330859.692096,378772.531211,0,730
330914.600841,379011.144804,0,730
330732.033815,378971.228186,0,730
330889.752487,378856.74501,0,730
330819.818459,378712.766021,0,148
330845.56743,378890.465463,0,730
330668.645499,378635.273419,0,730
330871.753724,378993.418274,0,85
330677.170321,378591.653023,0,730
330705.087758,378823.623259,0,730
330873.9291,378702.688934,0,14
330679.983335,378683.643431,0,166
330755.365742,378904.369697,0,692
330725.896679,378956.999945,0,612
330801.988418,378950.482562,0,730
330713.947611,378936.674509,0,33
330828.018363,378714.34383,0,730
330718.614103,378840.928206,0,730
330823.49924,378997.044796,0,691
330707.554396,378815.563678,0,398
330845.154301,378765.155838,0,142
330839.788544,378876.553282,0,730
330903.763014,378866.32466,0,163
330851.604751,378908.969638,0,730
330852.380161,378673.822017,0,730
330887.620503,379008.645991,0,730
330733.36592,378835.899703,0,730
330729.625852,378869.705723,0,730
330746.475128,378949.430525,0,234
330707.876141,378591.62286,0,216
330881.338664,378826.510857,0,677
330712.538263,378889.982061,0,705
330846.701148,378766.883583,0,730
330789.809453,378625.931101,0,730
330854.786846,378912.034868,0,730
330711.451644,378732.091721,0,730
330880.800698,378750.318953,0,388
330743.612286,379039.014257,0,122
330907.030272,378976.516624,0,730
330741.330306,378891.059027,0,730
330883.13217,378851.894456,0,730
330760.954363,378809.503294,0,730
330687.56477,378762.569339,0,49
330803.680697,378789.330965,0,730
330858.976571,378821.831126,0,730
330826.219566,378931.683538,0,730
330748.641548,378773.876892,0,637
330754.265872,378975.940006,0,730
330769.721155,378845.435924,0,730
330801.629851,378674.094366,0,564
330749.61506,378891.398874,0,695
330748.561759,378618.919636,0,144
330814.995789,378648.038278,0,390
330839.071155,378957.976677,0,730
330783.468103,378595.307048,0,690
330734.58555,378949.807648,0,328
330680.779373,378693.587696,0,730
330811.766897,379046.81758,0,706
330857.457147,378687.703259,0,296
330796.560228,378636.563499,0,730
330814.675165,378922.696251,0,730
330847.32189,378919.020375,0,730
330898.445433,378978.802805,0,660
330671.838042,378625.887866,0,430
330900.29001,378988.377932,0,730
330724.875176,378709.42137,0,730
330867.581682,378995.350319,0,354
330775.456885,378620.088333,0,730
330690.768353,378728.329969,0,730
330761.969801,378641.348316,0,221
330779.275845,378991.327175,0,730
330786.001561,378714.362877,0,570
330828.625115,378903.025048,0,655
330679.723542,378704.937796,0,730
330725.764651,378701.189819,0,730
330835.979387,378720.730794,0,578
330776.171884,379029.952854,0,386
330803.420844,378745.546282,0,730
330710.08121,378712.511132,0,579
330786.626807,378620.913953,0,730
330811.779196,379043.68342,0,730
330858.722117,378879.867574,0,730
330789.938272,378771.284217,0,252
330828.458508,378794.735376,0,730
330685.979681,378823.307885,0,601
330698.042835,378596.137289,0,730
330815.239366,378896.883006,0,730
330835.312986,378729.55528,0,730
330893.618418,378824.17521,0,730
330909.37596,379037.900093,0,730
330862.778498,378888.142339,0,730
330850.020373,378574.442782,0,730
330705.562698,378889.63261,0,566
330814.002527,378934.711886,0,603
330681.99724,378803.09808,0,730
330713.641766,378815.007934,0,730
330850.556613,378984.80481,0,730
330726.820421,378616.412731,0,163
330767.849251,378916.153736,0,602
330813.40424,378629.887646,0,395
330805.066354,378797.514525,0,730
330820.554812,378844.383931,0,730
330713.052741,378593.468862,0,680
330719.171633,379014.166458,0,365
330708.235382,378709.474822,0,332
330829.307495,378695.599503,0,148
330788.485204,378608.005196,0,653
330682.349377,378756.276848,0,730
330769.414934,378806.136949,0,730
330761.011649,378908.669801,0,552
330775.955595,378983.582307,0,730
330828.117005,378756.726281,0,730
330846.488657,378583.2273,0,730
330689.157967,378685.356647,0,285
330854.736073,378954.413461,0,668
330902.092456,378965.966856,0,730
330857.60428,378935.698274,0,286
330814.802437,378766.440978,0,730
330728.002786,378654.809629,0,376
330911.468548,379003.124229,0,730
330835.375251,378902.773004,0,730
330810.536543,378926.919006,0,376
330842.456518,378679.102409,0,357
330853.822479,379015.675829,0,226
330757.288414,378846.958607,0,351
330709.838569,378735.022971,0,730
330719.289959,378583.370968,0,730
330746.050206,378999.203138,0,730
330834.454622,378682.040067,0,730
330758.729288,378735.484375,0,730
330863.132607,378809.019942,0,730
330730.437566,378592.833569,0,512
330880.400357,378871.247872,0,650
330782.075658,379040.198223,0,456
330797.592713,378665.821792,0,730
330704.452735,378914.580919,0,730
330753.274921,378753.103719,0,547
330665.72664,378586.331909,0,730
330657.138413,378604.45235,0,730
330737.343883,379047.510771,0,730
330755.229452,378861.936368,0,730
330716.909192,378657.141597,0,730
330710.072049,378681.981166,0,730
330822.428533,378741.267283,0,730
330676.76563,378587.31388,0,730
330792.573001,378824.304849,0,730
330883.960884,378662.217998,0,730
330844.207243,378874.604346,0,404
330887.050748,378854.211826,0,730
330766.222327,378826.076924,0,730
330694.75319,378613.832582,0,730
330858.640601,378766.948044,0,730
330791.359961,378614.898123,0,730
330820.504174,378613.161818,0,730
330815.038655,378592.618482,0,730
330803.203669,378648.075744,0,72
330892.471475,378967.76298,0,730
330718.011211,378904.904323,0,730
330850.814752,378581.269,0,730
330872.113759,378944.981759,0,730
330839.356839,378709.941144,0,730
330862.043018,378927.880915,0,730
330805.485763,378734.57955,0,678
330839.801513,378854.204171,0,705
330858.028897,378820.547908,0,607
330672.522271,378721.604424,0,730
330720.355944,379049.569751,0,238
330751.44595,378961.238391,0,730
330759.559356,378642.329005,0,730
330829.797559,378855.578549,0,453
330700.20091,378801.261485,0,730
330863.061013,379034.946576,0,730
330807.056057,379045.030663,0,730
330908.187607,378911.895998,0,730
330836.817544,378590.3441,0,730
330776.826941,378849.11101,0,730
330741.540116,378733.716634,0,569
330748.609453,378685.483663,0,584
330806.721351,379001.949357,0,730
330792.255987,378803.451226,0,475
330673.921894,378620.890347,0,217
330826.526972,378903.674907,0,730
330741.457492,378674.055436,0,467
330870.630693,378590.982114,0,730
330804.987002,379034.254997,0,622
330766.614823,378625.462591,0,730
330875.75883,378746.187418,0,730
330726.760606,378754.45947,0,90
330750.564792,378743.363511,0,730
330880.985535,378817.105606,0,730
330693.066836,378889.909043,0,730
330856.438056,379021.438158,0,730
330742.958718,378610.952944,0,730
330685.137006,378723.265467,0,730
330682.223618,378798.438169,0,479
330754.744999,378736.683818,0,730
330889.176363,378795.508112,0,730
330755.783142,378774.777674,0,600
330818.880873,378695.999096,0,730
330662.106124,378624.741964,0,496
330811.190974,378855.420503,0,96
330712.521435,378790.107304,0,730
330714.868787,378762.329721,0,730
330864.632153,378758.3921,0,166
330746.680454,378807.322188,0,730
330822.998587,379043.025037,0,730
330849.404169,378594.414058,0,730
330895.972875,379043.474567,0,488
330802.419084,378758.12818,0,730
330871.286941,378797.139967,0,730
330694.997081,378622.813296,0,431
330830.614769,378704.087904,0,730
330786.980563,378846.34814,0,730
330753.059156,378978.791908,0,730
330869.295296,378914.892411,0,494
330696.216339,378830.440538,0,730
330917.699134,379017.658022,0,730
330880.456896,378984.819,0,730
330826.107503,378622.766768,0,730
330816.951371,378621.607127,0,700
330876.649398,378659.952366,0,730
330719.658573,378656.895767,0,159
330725.389566,379041.753738,0,730
330865.44686,378602.372691,0,511
330714.884402,378743.989296,0,299
330781.146482,378969.075037,0,31
330869.071171,378995.95423,0,730
330850.466279,378604.594309,0,730
330719.229949,378659.60577,0,694
330773.087563,378879.841732,0,730
330892.223749,378795.033972,0,358
330810.991581,378576.012856,0,730
330738.117379,378972.23607,0,730
330741.115768,378779.236074,0,487
330876.177269,378727.289648,0,168
330798.640139,379025.751774,0,730
330782.277919,378720.812933,0,351
330883.251844,378660.732086,0,42
330674.424766,378760.116652,0,51
330704.074378,378674.722587,0,567
330849.335112,378732.465686,0,248
330812.967334,378732.441618,0,730
330839.62775,378711.15719,0,730
330727.025117,379058.367557,0,730
330849.720987,378845.749854,0,730
330706.951161,378764.615904,0,730
330718.191797,378646.347907,0,730
330765.518175,379057.398747,0,730
330691.482897,378769.966511,0,522
330813.486281,378889.916968,0,730
330740.028221,378846.908922,0,485
330803.987291,378651.76769,0,730
330743.552758,378751.888318,0,730
330847.209735,378704.168828,0,730
330792.572722,378885.82879,0,730
330747.869436,379009.45831,0,730
330765.521606,378974.613628,0,730
330789.96375,378931.536274,0,367
330662.835998,378575.798831,0,730
330796.619302,378702.950963,0,730
330782.817359,378744.634064,0,511
330683.328909,378714.895957,0,658
330809.285085,378760.562159,0,516
330879.83829,378675.26057,0,730
330676.657665,378606.851057,0,730
330768.176985,378841.333959,0,730
330715.352658,378932.965937,0,403
330725.275783,378637.740098,0,730
330735.045142,378854.631356,0,730
330775.796217,378946.239946,0,730
330837.523914,378969.117739,0,730
330794.358973,378803.411953,0,730
330792.684561,378958.200376,0,730
330833.212345,378652.918748,0,207
330761.416239,378744.212039,0,76
330756.219788,378670.642529,0,145
330898.382895,378955.728977,0,730
330755.388357,378591.253197,0,730
330818.13997,378685.146077,0,730
330804.94436,378779.387289,0,730
330875.914819,379027.086684,0,730
330708.615572,378707.989964,0,730
330778.390363,378763.643536,0,730
330846.648444,378857.039633,0,730
330800.27433,378758.95438,0,730
330728.958106,378911.777788,0,730
330886.208541,378983.688389,0,634
330658.903212,378620.047019,0,730
330853.02293,378651.866962,0,236
330684.813911,378695.329244,0,730
330705.028475,378764.23409,0,527
330878.337623,378762.628101,0,730
330787.166659,378804.857379,0,730
330856.323854,378986.06603,0,730
330692.809116,378866.779899,0,620
330714.813708,378787.901639,0,616
330763.533421,378736.477318,0,730
330886.061408,378739.990909,0,730
330691.091058,378806.791411,0,727
330750.952548,378909.966536,0,730
330709.597995,378932.821011,0,730
330795.846818,378695.116569,0,730
330830.075185,378753.846006,0,730
330914.955702,379020.404193,0,730
330742.051628,378948.679437,0,730
330769.405178,378912.640841,0,514
330718.663494,378673.317931,0,730
330826.121203,378728.299636,0,387
330879.203034,378693.352307,0,730
330791.038089,378963.467418,0,718
330782.249041,378866.551396,0,632
330704.604327,378762.533077,0,730
330895.402171,378839.147611,0,210
330889.067089,378944.979973,0,60
330724.564996,378996.358024,0,730
330725.485659,379024.243334,0,730
330770.992289,378689.50753,0,730
330744.543881,378970.619429,0,730
330726.617573,378786.542023,0,529
330760.101329,378671.041989,0,730
330901.281788,378900.608822,0,614
330670.670749,378613.028162,0,730
330721.532773,378735.230731,0,730
330726.043399,379063.2485,0,730
330732.00328,378893.245462,0,730
330750.646367,379041.818261,0,730
330698.793035,378831.480017,0,730
330880.516781,378813.304373,0,600
330721.609379,378914.286265,0,730
330718.77631,378926.340832,0,730
330714.965044,378820.150458,0,730
330696.257379,378902.107975,0,74
330757.595252,378691.741527,0,730
330665.867282,378679.196665,0,730
330799.846044,378629.493492,0,574
330677.987901,378589.702397,0,730
330831.970348,378914.110052,0,730
330707.616466,378754.716719,0,730
330717.388987,378776.559375,0,730
330748.335847,378595.736103,0,730
330877.00659,378948.431028,0,78
330827.582066,378794.642428,0,730
330731.374478,378789.229833,0,730
330838.498094,378810.775921,0,508
330695.111642,378776.343357,0,730
330793.567961,379008.89722,0,595
330795.836674,378813.263178,0,730
330700.102087,378877.470373,0,730
330830.378856,378815.902713,0,730
330715.9414,379031.531484,0,730
330824.318605,378949.904324,0,124
330766.32576,378729.172346,0,730
330731.527606,378621.522155,0,730
330699.954781,378783.477415,0,136
330842.756453,378984.68367,0,730
330800.670733,378841.22667,0,730
330878.621179,378747.623143,0,730
330830.310529,378704.274353,0,405
330712.073547,378624.919698,0,730
330754.29726,378869.611612,0,721
330749.794592,378839.578311,0,154
330766.700411,378955.79543,0,200
330785.494488,378608.007113,0,541
330873.342786,378612.56705,0,730
330815.068446,378803.829367,0,730
330683.699371,378707.113952,0,225
330744.76482,378944.769054,0,730
330777.136876,378799.617011,0,255
330891.626769,378850.333445,0,274
330784.060039,378978.541587,0,190
330786.304767,378706.473822,0,730
330734.28337,378944.030689,0,730
330692.307674,378711.697895,0,671
330858.333281,378703.844927,0,730
330810.804816,378893.071908,0,540
330684.787257,378675.310755,0,730
330716.709944,378601.963292,0,730
330788.323366,379039.319975,0,730
330752.063854,378761.311073,0,730
330753.43011,378604.362538,0,730
330797.025385,378622.851053,0,62
330887.551011,379002.528057,0,730
330917.809549,379016.680716,0,672
330733.434198,378851.770091,0,730
330708.396784,378584.744044,0,730
330739.231052,378792.570073,0,730
330752.680123,379045.452245,0,283
330805.182548,378895.834751,0,730
330889.903066,378775.349202,0,339
330856.743686,378644.761989,0,520
330793.279673,378969.536403,0,730
330868.057061,378669.724266,0,239
330842.774577,379009.134884,0,479
330900.993458,378955.780858,0,471
330659.125775,378609.321495,0,561
330721.843758,378727.34287,0,556
330755.899428,378735.692648,0,730
330688.735857,378839.807261,0,730
330815.35789,378899.442853,0,730
330748.797015,378892.738313,0,262
330848.640703,378991.743542,0,730
330735.631366,378814.621436,0,730
330774.215392,378935.987337,0,730
330794.642768,378807.784517,0,100
330774.47766,378932.192318,0,730
330811.623492,378695.092136,0,730
330717.551657,378795.63338,0,730
330717.477133,378914.555176,0,417
330829.364222,378901.700293,0,730
330845.919122,378827.206854,0,730
330737.314766,378737.286063,0,730
330857.525064,378751.381402,0,445
330872.123022,378875.940148,0,673
330778.500464,378717.555517,0,730
330659.533483,378572.972363,0,730
330905.510732,379028.649132,0,730
330828.090831,378937.005158,0,730
330702.437339,378933.380544,0,730
330802.317229,378889.259836,0,730
330766.365709,378624.965124,0,730
330896.282086,378932.868409,0,730
330710.853436,378861.390155,0,730
330742.482023,379025.932116,0,450
330817.925062,378852.202992,0,20
330892.496749,378942.010226,0,250
330743.898097,378636.386931,0,730
