326655.387103,375517.019319,0,730
326999.090904,375531.357007,0,730
326973.06427,375532.367887,0,730
326852.653617,375495.890714,0,730
326517.471934,375590.656102,0,730
326872.015903,375630.971006,0,730
326867.258079,375619.574391,0,730
326654.146139,375635.380178,0,730
326777.861491,375563.354833,0,730
326893.848596,375612.742892,0,730
326999.675949,375669.148795,0,730
326850.395377,375495.585387,0,730
326680.82011,375456.280463,0,730
327033.973787,375556.896618,0,730
326709.493405,375619.932236,0,730
326622.32826,375664.049904,0,730
326907.943476,375566.165343,0,730
327022.087717,375682.533099,0,730
326863.548173,375546.694649,0,730
326669.64833,375473.189851,0,730
326873.184504,375682.342717,0,730
327083.240643,375582.108182,0,730
326585.288709,375545.114049,0,730
326654.176945,375651.352927,0,730
326640.972474,375577.347374,0,730
326654.13381,375473.86743,0,730
326566.682682,375559.175178,0,730
326691.315089,375568.601294,0,730
326560.947642,375453.117793,0,730
326978.108736,375552.567409,0,730
327015.894781,375673.798735,0,730
326844.893788,375495.434617,0,730
326718.271173,375540.92206,0,730
326831.407654,375605.26356,0,730
326542.237576,375602.402252,0,730
326700.161299,375589.619015,0,730
327091.384996,375612.164585,0,730
326847.27337,375679.83469,0,730
326791.742635,375489.308439,0,730
326847.998673,375535.766265,0,730
326659.375975,375469.92499,0,730
326568.391647,375559.33308,0,730
326572.208317,375539.451796,0,730
326685.692098,375454.45951,0,730
327074.817774,375638.470588,0,730
326572.439022,375659.419781,0,730
326916.694208,375584.285906,0,730
326864.126477,375608.221428,0,730
327088.562466,375650.220668,0,730
326693.498955,375454.844394,0,730
327069.537376,375568.436825,0,730
326572.802467,375651.633293,0,730
327019.783046,375671.786878,0,730
327069.5037,375670.127078,0,730
326601.819535,375533.344806,0,730
326878.546546,375543.232023,0,730
326837.707652,375561.162147,0,730
326673.581028,375596.563418,0,730
327051.40917,375678.815705,0,730
327088.469688,375615.052507,0,730
327114.711899,375612.4594,0,730
326916.536004,375683.269818,0,730
327076.269105,375670.746353,0,730
326593.770326,375508.62886,0,730
326564.429947,375643.272237,0,730
327104.596038,375545.815021,0,730
326586.77429,375604.60975,0,730
326627.850831,375597.210081,0,730
326632.58675,375592.054539,0,730
326630.983581,375569.413329,0,730
327096.600946,375594.513979,0,730
326806.741141,375656.757948,0,730
326867.994293,375673.791872,0,730
327078.796532,375541.1216,0,730
326960.963514,375550.476373,0,730
326568.677293,375442.652589,0,730
326987.141233,375670.98866,0,730
327028.950877,375642.352749,0,730
326637.691767,375650.56107,0,730
326806.547669,375595.33434,0,730
326788.217304,375537.262259,0,730
326653.000522,375587.687022,0,730
326751.833627,375584.570241,0,730
326775.21375,375696.625411,0,730
326780.336214,375549.660519,0,730
326998.838039,375611.071093,0,730
326950.183909,375715.278206,0,730
326698.921463,375565.385739,0,730
326900.146442,375716.646599,0,730
327039.000873,375525.536681,0,730
327081.419002,375616.172302,0,730
327092.757058,375681.633575,0,730
326812.806634,375605.069547,0,730
326643.466082,375647.727895,0,730
326905.381984,375679.953643,0,730
326796.144893,375652.858459,0,730
326700.370912,375578.85413,0,730
327074.21626,375689.328471,0,730
326826.208079,375481.333329,0,730
326854.783693,375671.917557,0,730
326682.204152,375677.278325,0,730
326937.132526,375549.8678,0,730
326633.7371,375461.432544,0,730
326961.850051,375574.075333,0,730
326760.166968,375561.748379,0,730
326555.076817,375491.824378,0,730
326544.56833,375649.143926,0,730
327068.252685,375588.902813,0,730
326830.609924,375481.430671,0,730
326631.887973,375592.338498,0,730
326543.897254,375602.199357,0,730
326627.66489,375571.220083,0,730
327071.965734,375716.982621,0,730
326754.957316,375486.223137,0,730
326649.375869,375594.092578,0,730
326721.570326,375483.12682,0,730
327068.766185,375661.639259,0,730
326783.041371,375645.502413,0,730
326833.611458,375557.839565,0,730
326936.388202,375626.815006,0,730
326975.885996,375544.48975,0,730
326744.199059,375596.114891,0,730
326972.9254,375598.987912,0,730
326585.706481,375664.411453,0,730
326913.167782,375560.142121,0,730
326960.57217,375632.871823,0,730
326580.617853,375482.372335,0,730
326656.735309,375599.774129,0,730
326584.845216,375635.220196,0,730
326620.698831,375487.310755,0,730
326736.001377,375629.672607,0,730
326545.566898,375598.734717,0,730
326625.104945,375438.213072,0,730
327049.551648,375723.543902,0,730
326593.250606,375441.32952,0,730
327008.542097,375727.32171,0,730
326849.681724,375597.603241,0,730
327066.493551,375607.959142,0,730
327108.792398,375676.154494,0,730
327126.457621,375598.267639,0,730
327066.305375,375654.418718,0,730
327057.92925,375552.738999,0,730
326849.610275,375708.698099,0,730
326614.326002,375666.197742,0,730
326598.589205,375586.366096,0,730
326850.626389,375539.478324,0,730
326652.658683,375610.355312,0,730
326609.648138,375650.467811,0,730
326652.787895,375513.167496,0,730
326834.015106,375646.44224,0,730
326773.707628,375615.467279,0,730
326629.125175,375517.814002,0,730
327039.25925,375527.352629,0,730
326854.399835,375630.160327,0,730
326812.21476,375492.46507,0,730
326580.516089,375480.468446,0,730
327013.000684,375615.345927,0,730
326893.636426,375570.812464,0,730
326920.007691,375505.041652,0,730
326934.903632,375672.719578,0,730
327110.959297,375638.01677,0,730
326964.118831,375551.894267,0,730
326610.435356,375654.656428,0,730
327075.05771,375647.872096,0,730
326596.342484,375646.634907,0,730
326991.911162,375646.100743,0,730
327001.444548,375550.736401,0,730
326982.622313,375643.558671,0,730
326885.611435,375641.11837,0,730
326877.881748,375522.516952,0,730
326635.910475,375437.510473,0,730
326741.261773,375530.732782,0,730
326852.985399,375676.768586,0,730
327073.829212,375644.150959,0,730
326732.429955,375533.528888,0,730
326707.055077,375495.35743,0,730
327020.156393,375721.272405,0,730
327067.925187,375683.555285,0,730
326889.258311,375629.271117,0,730
326750.619232,375650.576239,0,730
326980.286836,375523.596208,0,730
327054.595844,375574.585832,0,730
326923.536242,375560.812218,0,730
326880.616258,375609.590581,0,730
326613.901054,375440.099051,0,730
327069.5161,375704.015209,0,730
326647.949236,375523.460944,0,730
327024.529591,375624.287264,0,730
326721.334858,375492.455862,0,730
327039.865108,375638.08538,0,730
327087.582784,375534.683979,0,730
326724.501728,375606.618386,0,730
326607.716425,375622.456815,0,730
326608.852662,375589.529758,0,730
326943.755084,375583.336464,0,730
327043.019026,375583.312325,0,730
326881.429558,375574.278918,0,730
326839.96208,375554.8387,0,730
326741.908224,375574.349543,0,730
326805.157143,375631.440439,0,730
326894.622224,375632.133768,0,730
326921.347247,375681.849063,0,730
326680.432254,375672.80286,0,730
326572.404832,375487.611343,0,730
327053.165839,375608.81893,0,730
327015.432094,375640.149614,0,730
326723.065409,375576.237767,0,730
327101.559061,375739.43552,0,730
326885.081722,375643.179395,0,730
326827.061429,375683.292848,0,730
326635.678805,375663.826376,0,730
326947.403965,375521.28106,0,730
326635.547847,375645.475691,0,730
327036.302155,375564.788128,0,730
326778.581316,375566.686939,0,730
327082.791489,375550.522486,0,730
326692.584952,375471.347718,0,730
326917.815947,375648.436272,0,730
326965.729278,375582.922937,0,730
326555.763832,375592.403859,0,730
326898.50717,375648.947243,0,730
326844.161892,375707.54187,0,730
326626.4278,375629.385217,0,730
326615.485851,375484.131211,0,730
326885.497775,375568.460958,0,730
326960.510489,375691.100781,0,730
326656.157807,375634.698417,0,730
326607.464044,375508.993315,0,730
326848.640839,375537.48891,0,730
327075.71672,375544.235144,0,730
326835.349025,375619.184375,0,730
326959.089464,375568.94587,0,730
326989.362553,375647.610448,0,730
327107.274682,375544.660791,0,730
326739.080496,375605.300793,0,730
326589.342567,375656.324277,0,730
327010.659871,375528.291801,0,730
326775.617223,375525.876874,0,730
326949.983949,375713.283382,0,730
326906.640995,375544.398265,0,730
326751.461353,375581.795793,0,730
326889.308401,375643.765356,0,730
326592.044993,375501.821412,0,730
326606.262252,375498.312224,0,730
326611.206149,375452.065078,0,730
326629.801102,375491.289743,0,730
326966.428979,375707.425393,0,730
326683.257773,375489.978449,0,730
326721.583106,375585.882704,0,730
326754.633936,375596.71558,0,730
327123.292123,375558.091726,0,730
326675.249657,375456.997183,0,730
326931.800005,375540.128447,0,730
326979.118944,375545.618181,0,730
327050.042684,375602.12684,0,730
326634.632339,375503.430771,0,730
326663.822433,375533.297086,0,730
327075.98825,375628.734019,0,730
326750.793444,375525.614165,0,730
326755.417966,375590.089874,0,730
326794.323517,375546.919935,0,730
326616.839159,375617.877023,0,730
326571.484234,375656.677396,0,730
326830.434949,375520.417528,0,730
326579.05205,375572.258305,0,730
326700.434455,375523.009032,0,730
326705.403097,375483.155988,0,730
326649.057679,375603.909609,0,730
326750.569604,375601.833876,0,730
326825.361677,375661.159959,0,730
326603.128696,375668.096697,0,730
326803.800412,375666.373134,0,730
326643.774508,375581.559066,0,730
326618.72431,375478.571233,0,730
327066.421039,375607.232014,0,730
326845.484851,375655.733877,0,730
326594.410708,375592.329957,0,730
327057.776007,375625.184345,0,730
326730.410735,375584.32036,0,730
326925.074461,375539.174449,0,730
326695.913336,375526.768706,0,730
326992.664324,375544.325519,0,730
326780.486871,375696.846075,0,730
326982.544813,375568.160803,0,730
326901.542042,375592.276497,0,730
327053.29767,375546.157001,0,730
326761.898761,375482.329315,0,730
326889.72606,375524.490229,0,730
326900.976338,375545.113821,0,730
326632.709127,375576.043691,0,730
326635.72375,375481.22096,0,730
326581.182814,375670.551586,0,730
326909.979048,375607.227441,0,730
326721.24024,375499.346022,0,730
326790.08322,375537.89211,0,730
326666.41046,375561.626867,0,730
326719.68724,375464.653685,0,730
326877.610365,375583.255429,0,730
326640.110781,375527.536031,0,730
326804.714315,375533.242198,0,730
326759.355055,375549.135063,0,730
326908.516137,375561.50633,0,730
326956.056617,375599.356237,0,730
327031.386998,375617.148042,0,730
326581.23084,375643.53471,0,730
326934.503655,375597.413901,0,730
326795.814845,375696.018815,0,730
326974.188445,375589.13149,0,730
326658.909097,375491.576969,0,730
326709.222983,375662.832209,0,730
326565.203822,375521.757935,0,730
326646.178724,375672.385732,0,730
326818.213882,375563.740313,0,730
327107.28886,375615.205942,0,730
326872.60877,375653.547809,0,730
326808.015714,375658.170335,0,730
326917.037468,375617.128048,0,730
326841.855756,375538.896755,0,730
326701.565708,375584.351968,0,730
327107.035136,375637.813285,0,730
326850.438748,375509.427525,0,730
326635.072195,375552.390615,0,730
326959.290307,375714.47362,0,730
326984.089886,375709.12745,0,730
326938.494175,375642.531184,0,730
326664.102957,375609.082974,0,730
327080.316973,375529.586825,0,730
326707.623518,375637.619175,0,730
326890.110778,375620.321004,0,730
327025.029822,375544.96647,0,730
326826.432717,375694.749057,0,730
326769.423253,375672.810056,0,730
326702.723416,375606.935957,0,730
326837.603529,375644.768813,0,730
326989.527638,375540.764104,0,730
326770.246428,375700.650594,0,730
327059.073044,375586.11786,0,730
326724.798882,375556.213604,0,730
326893.181961,375692.529688,0,730
326594.551049,375634.132355,0,730
326706.939279,375633.103718,0,730
326778.511675,375525.749347,0,730
326547.949758,375527.774424,0,730
326720.51547,375545.141833,0,730
326723.589894,375542.215114,0,730
327022.450748,375648.209111,0,730
326990.213933,375554.998591,0,730
326645.920108,375602.947594,0,730
327090.467196,375733.265684,0,730
327054.390076,375699.372435,0,730
326854.206451,375671.594487,0,730
327030.11666,375587.27335,0,730
326792.772782,375670.401044,0,730
326985.336996,375614.766586,0,730
326643.395688,375457.304948,0,730
326963.462681,375569.971141,0,730
326728.233275,375473.839784,0,730
326945.571528,375715.618152,0,730
326730.674998,375549.13503,0,730
326951.830134,375721.180834,0,730
326673.930427,375500.268106,0,730
326864.214071,375669.879614,0,730
327091.604851,375561.057395,0,730
326702.966563,375492.54248,0,730
326774.394869,375587.32694,0,730
327072.684969,375706.740309,0,730
326955.504304,375636.182253,0,730
327012.057402,375522.528619,0,730
326833.405053,375502.974034,0,730
326905.065613,375663.794136,0,730
326574.99203,375516.894729,0,730
327095.808752,375740.388029,0,730
326568.634266,375629.576013,0,730
326696.486583,375666.805614,0,730
326828.646102,375506.901398,0,730
326939.372923,375550.239793,0,730
326852.48944,375671.909518,0,730
327105.696821,375683.707398,0,730
326932.678391,375534.708964,0,730
326978.634445,375539.913433,0,730
326904.158116,375690.204716,0,730
326875.345366,375541.703254,0,730
326680.750106,375591.740103,0,730
327040.756728,375712.498861,0,730
327009.407816,375595.663531,0,730
326628.657569,375615.339363,0,730
327076.03001,375700.905369,0,730
327027.387032,375550.093738,0,730
326930.481086,375553.173252,0,730
326931.651283,375689.681644,0,730
326775.198561,375663.279177,0,730
327065.368974,375687.524008,0,730
326651.966514,375510.007699,0,730
326975.409756,375628.314137,0,730
326893.905206,375696.638343,0,730
327117.435442,375575.168723,0,730
326977.09889,375570.972744,0,730
326900.503393,375516.801559,0,730
327109.120375,375616.398457,0,730
326852.016344,375649.0224,0,730
326685.528476,375541.199058,0,730
327023.206617,375530.002226,0,730
326924.95965,375523.376652,0,730
327075.151069,375681.083171,0,730
326620.632634,375435.770318,0,730
326927.364806,375618.238226,0,730
326651.332809,375460.520806,0,730
326674.778733,375643.60522,0,730
326982.762738,375581.455435,0,730
326695.178092,375612.567148,0,730
326568.282759,375484.217283,0,730
326639.676815,375535.229111,0,730
326974.175965,375657.339798,0,730
326895.648322,375696.369416,0,730
326940.603111,375633.424902,0,730
326935.50062,375641.863966,0,730
327112.311968,375642.333518,0,730
326695.936021,375510.071006,0,730
326694.188256,375664.308432,0,730
326605.164496,375442.948909,0,730
326886.964153,375599.911842,0,730
326753.347331,375534.765936,0,730
327039.57004,375691.202573,0,730
326944.485175,375701.622716,0,730
326919.568382,375652.927719,0,730
326741.277571,375631.65928,0,730
326836.872959,375695.64013,0,730
326930.541307,375629.908892,0,730
326658.757034,375476.131061,0,730
326939.922887,375562.007395,0,730
326634.483568,375520.84761,0,730
326973.001078,375551.544193,0,730
326695.551895,375471.42889,0,730
326903.654143,375522.704512,0,730
326582.943679,375546.776466,0,730
326692.524387,375603.614441,0,730
326836.45852,375603.97687,0,730
327094.760072,375605.806034,0,730
326967.706293,375640.097425,0,730
326675.571582,375673.720973,0,730
326607.46127,375528.679454,0,730
326926.028214,375608.376275,0,730
326806.358996,375669.874705,0,730
326708.672377,375531.806692,0,730
326583.042573,375599.181355,0,730
326830.386,375512.867155,0,730
326617.309859,375633.06729,0,730
326520.055208,375585.724416,0,730
326670.865457,375577.210465,0,730
326966.103092,375669.761621,0,730
326818.964082,375541.84388,0,730
326811.20684,375604.205028,0,730
326641.922618,375592.451071,0,730
326556.04626,375579.471677,0,730
327078.471755,375644.820729,0,730
326677.392443,375636.092326,0,730
327090.859011,375602.126118,0,730
326664.346659,375618.685839,0,730
326972.690004,375664.95711,0,730
326628.750623,375511.723121,0,730
326664.207981,375676.192858,0,730
326784.399168,375556.690152,0,730
326919.466138,375576.831266,0,730
326830.710586,375509.169056,0,730
326767.016837,375686.116429,0,730
327067.41045,375552.68184,0,730
326647.090493,375580.68754,0,730
326642.874776,375527.081044,0,730
326961.164263,375595.563346,0,730
326716.155803,375558.498837,0,730
327037.57936,375622.229456,0,730
327067.064922,375614.604821,0,730
326954.890217,375605.429768,0,730
327000.25109,375712.672039,0,730
326891.637816,375602.964082,0,730
326750.415886,375625.53698,0,730
326551.969374,375636.911351,0,730
326996.246728,375607.428939,0,730
327111.070233,375694.646734,0,730
326559.974403,375589.896085,0,730
326911.592553,375713.118046,0,730
326698.957124,375488.212334,0,730
326850.869263,375694.049149,0,730
326718.801666,375648.648341,0,730
326837.450732,375669.673395,0,730
326825.334074,375485.506755,0,730
327014.94009,375620.783178,0,730
326663.190998,375603.004286,0,730
326870.453041,375566.27812,0,730
327117.241042,375608.093333,0,730
326607.248583,375543.081155,0,730
326930.251053,375558.331822,0,730
327065.359248,375587.106007,0,730
326734.358681,375595.687363,0,730
326913.580832,375560.31043,0,730
326839.803676,375626.796773,0,730
327081.178396,375618.904041,0,730
326798.129903,375553.982023,0,730
326874.64637,375634.521554,0,730
326702.808858,375670.744156,0,730
326735.888343,375572.90363,0,730
326753.550159,375691.153412,0,730
326723.792069,375501.501376,0,730
326791.585582,375572.12403,0,730
327077.859257,375560.989574,0,730
326745.313092,375528.8122,0,730
326658.763546,375446.730358,0,730
326797.188839,375645.032249,0,730
326763.077242,375499.349554,0,730
326588.873866,375491.314726,0,730
326758.333071,375670.556422,0,730
326886.877699,375699.234189,0,730
326571.278137,375524.620866,0,730
326838.385612,375648.910555,0,730
326603.472174,375633.86959,0,730
326782.935867,375555.090193,0,730
326772.38464,375614.41446,0,730
326607.678978,375437.597809,0,730
326743.56472,375557.681825,0,730
326679.645825,375585.561082,0,730
327106.946084,375694.715157,0,730
326595.100333,375492.747469,0,730
326691.744854,375529.004221,0,730
326638.47362,375666.300288,0,730
326824.38337,375600.1061,0,730
327128.4021,375563.888964,0,730
326754.486335,375639.372191,0,730
326912.121464,375619.732148,0,730
326850.939621,375654.500555,0,730
326669.504451,375639.980599,0,730
326691.5622,375459.954473,0,730
326661.18855,375550.382927,0,730
326984.70225,375693.330784,0,730
326805.852832,375650.390339,0,730
326980.373659,375620.094972,0,730
326651.930701,375544.555782,0,730
326786.719448,375579.062064,0,730
326993.414696,375636.487822,0,730
326680.161503,375570.078698,0,730
326873.910262,375615.520117,0,730
326668.329499,375568.770524,0,730
326945.679714,375592.730994,0,730
326940.462822,375525.705175,0,730
326943.333545,375713.999192,0,730
326579.526107,375624.176389,0,730
326949.006559,375515.991363,0,730
326799.187741,375613.705915,0,730
326577.034263,375627.678239,0,730
326775.7818,375677.337193,0,730
326612.779461,375643.368092,0,730
327009.478314,375713.965408,0,730
326785.203687,375627.109188,0,730
326823.484013,375515.154364,0,730
326796.209167,375698.643144,0,730
326833.399002,375675.182126,0,730
326570.956702,375646.64303,0,730
327078.878525,375699.007796,0,730
326808.814125,375636.079553,0,730
327127.111672,375540.762967,0,730
326569.469838,375509.003849,0,730
326727.189729,375563.573112,0,730
326657.933606,375674.046278,0,730
327093.906994,375670.125307,0,730
326562.101464,375608.816714,0,730
326736.746238,375533.154041,0,730
326788.258922,375546.35872,0,730
326804.822171,375660.187806,0,730
326710.827125,375675.649981,0,730
327064.524687,375549.137863,0,730
327087.878775,375653.263982,0,730
326678.978684,375595.695507,0,730
326863.085329,375599.991176,0,730
326753.208795,375689.917582,0,730
326767.750976,375472.553717,0,730
326601.575942,375483.60182,0,730
326933.749794,375693.339391,0,730
327087.023277,375549.584685,0,730
326968.96992,375549.359732,0,730
327068.644274,375634.922374,0,730
326527.40973,375629.825866,0,730
326789.150623,375702.138999,0,730
326543.788022,375582.717388,0,730
326982.962259,375536.408396,0,730
326692.826384,375620.450491,0,730
326946.434809,375625.703004,0,730
326908.046135,375543.288641,0,730
326558.55716,375655.891826,0,730
327022.363358,375710.275081,0,730
327029.87142,375629.425919,0,730
326747.038573,375676.463583,0,730
326561.350816,375593.615802,0,730
326951.348989,375692.885305,0,730
326759.892947,375569.755704,0,730
326634.558777,375679.375659,0,730
326685.519781,375623.693266,0,730
327110.106673,375585.00862,0,730
326717.838021,375659.389266,0,730
326890.324371,375562.305594,0,730
326946.652493,375599.118986,0,730
326730.17842,375604.126913,0,730
326973.792686,375576.046182,0,730
326941.027091,375605.978219,0,730
326826.08594,375688.715844,0,730
327070.280339,375721.328455,0,730
326686.746285,375640.809329,0,730
326641.861106,375514.575777,0,730
326936.144865,375605.001725,0,730
326732.226733,375607.476709,0,730
326754.608554,375497.712637,0,730
326626.25825,375576.472039,0,730
326579.318833,375550.647786,0,730
326639.398764,375656.024805,0,730
326890.788597,375535.054999,0,730
326653.192076,375510.266312,0,730
326903.37806,375501.592684,0,730
326947.208665,375576.387703,0,730
326789.590669,375589.291437,0,730
326540.047253,375574.258072,0,730
326840.010295,375627.484187,0,730
326644.933649,375684.555824,0,730
326769.228344,375666.112376,0,730
327097.574699,375564.406679,0,730
326676.410053,375470.682904,0,730
326763.572046,375654.418485,0,730
327024.00046,375569.486603,0,730
326964.160589,375648.183332,0,730
326989.483093,375711.947612,0,730
326989.84636,375727.104836,0,730
326765.174334,375623.986097,0,730
326856.760211,375705.569036,0,730
326971.969262,375562.374443,0,730
326920.189133,375658.137263,0,730
326665.285688,375440.918587,0,730
326813.68433,375503.28646,0,730
326905.715016,375526.024175,0,730
326519.560238,375615.98607,0,730
327091.392044,375653.25703,0,730
326674.96476,375579.502502,0,730
326854.654882,375697.858107,0,730
326621.325404,375442.749062,0,730
326768.133005,375512.126255,0,730
326951.675128,375677.13459,0,730
326964.77666,375635.772698,0,730
326778.945036,375661.907907,0,730
326896.116023,375511.053232,0,730
326753.394343,375496.009874,0,730
326823.593411,375553.067478,0,730
326710.075374,375580.800632,0,730
326791.433458,375491.0808,0,730
326744.905148,375466.430027,0,730
326938.133285,375707.142514,0,730
326975.419234,375556.265268,0,730
326624.967291,375599.368325,0,730
326876.415814,375570.492303,0,730
326669.288599,375685.016258,0,730
326945.44033,375659.780161,0,730
326551.156431,375514.753203,0,730
326997.375883,375533.48227,0,730
326560.746665,375574.997411,0,730
326744.177601,375671.844199,0,730
326635.930213,375445.563053,0,730
326699.177221,375673.783451,0,730
326738.268421,375473.965301,0,730
327129.880262,375546.788448,0,730
326653.2748,375473.468124,0,730
326577.242713,375574.348235,0,730
326898.837875,375600.893245,0,730
326907.606574,375501.230826,0,730
326959.109753,375570.862088,0,730
327032.658812,375563.741054,0,730
326895.396941,375564.550967,0,730
326633.193431,375640.443995,0,730
327078.990459,375688.983066,0,730
326722.354082,375535.701096,0,730
326793.2577,375564.912487,0,730
326976.002172,375577.552031,0,730
326802.419857,375553.428996,0,730
326546.442602,375603.473927,0,730
326662.811839,375448.73411,0,730
326763.327762,375580.182446,0,730
326925.179581,375573.352754,0,730
327071.951403,375711.373539,0,730
326534.591768,375588.704261,0,730
327012.229313,375674.996742,0,730
326811.539602,375526.712941,0,730
326542.612865,375542.214874,0,730
327110.849141,375690.114994,0,730
326544.918549,375552.084067,0,730
326927.772487,375509.280709,0,730
327029.748096,375542.077993,0,730
326726.467836,375599.607001,0,730
326956.304478,375679.533167,0,730
326764.030841,375503.276997,0,730
326729.101843,375549.436199,0,730
326599.765201,375678.438416,0,730
326835.185468,375607.352521,0,730
326744.533999,375618.454689,0,730
327044.43903,375605.440514,0,730
326786.200778,375528.208263,0,730
326762.369629,375651.240593,0,730
326754.047461,375631.529059,0,730
326589.316049,375461.389103,0,730
326770.697727,375588.340244,0,730
327033.865385,375679.701396,0,730
326628.437947,375483.003157,0,730
327125.273728,375582.553101,0,730
326571.317837,375511.831544,0,730
327091.009579,375615.663171,0,730
326665.890295,375529.743473,0,730
326788.407844,375566.83931,0,730
326710.254513,375501.52505,0,730
327051.176176,375644.09823,0,730
326791.964954,375577.515788,0,730
326758.827857,375503.780937,0,730
326570.635549,375663.099488,0,730
326621.834149,375604.429917,0,730
326927.579838,375682.676914,0,730
327082.09854,375615.585459,0,730
326933.92445,375625.771421,0,730
326936.001876,375510.241445,0,730
326579.48091,375664.901078,0,730
326689.205032,375659.404423,0,730
326760.498609,375691.029083,0,730
326663.87836,375636.321001,0,730
326756.631143,375579.584964,0,730
326512.769679,375615.314714,0,730
326611.22123,375679.300592,0,730
326831.850163,375590.524704,0,730
326871.726761,375613.273052,0,730
326829.50663,375700.162754,0,730
326934.928338,375707.12064,0,730
327076.88353,375728.869289,0,730
327100.454265,375624.958373,0,730
326976.544049,375539.653601,0,730
326755.794165,375494.410777,0,730
326744.258653,375574.378589,0,730
326842.156091,375649.509442,0,730
327008.715558,375605.88065,0,730
326997.171951,375592.27447,0,730
326867.349504,375654.981965,0,730
326855.170259,375560.589901,0,730
326682.897578,375446.068384,0,730
326585.020604,375654.184245,0,730
326660.869005,375543.811376,0,730
326617.214735,375525.274686,0,730
326788.442752,375545.380266,0,730
327022.949729,375550.409364,0,730
326726.997309,375457.441504,0,730
326740.585449,375580.459989,0,730
327111.215126,375600.022435,0,730
327103.460895,375543.79719,0,730
326546.606887,375509.049885,0,730
326715.625024,375689.436904,0,730
326666.338541,375675.606818,0,730
326637.210705,375514.511841,0,730
326674.297045,375491.111525,0,730
326656.117908,375531.540674,0,730
326657.82517,375666.531976,0,730
326972.669373,375696.275014,0,730
327018.359664,375649.114645,0,730
326781.750603,375538.074063,0,730
326652.327124,375538.530679,0,730
326845.811696,375655.882971,0,730
326832.560197,375639.778678,0,730
326933.764759,375523.056197,0,730
326764.240979,375643.244428,0,730
327033.259968,375630.465489,0,730
327061.657919,375633.27472,0,730
326611.552856,375456.632368,0,730
326728.034305,375586.81724,0,730
326836.031465,375515.326781,0,730
326692.633666,375639.182206,0,730
326650.778978,375624.771715,0,730
326816.515502,375506.250824,0,730
327041.473214,375706.855131,0,730
327025.481329,375600.468359,0,730
326752.336553,375585.605715,0,730
326739.212718,375651.81465,0,730
326807.151771,375480.804528,0,730
326665.56525,375664.820509,0,730
326669.658874,375631.439027,0,730
326852.93825,375593.792805,0,730
326847.707452,375538.076762,0,730
326655.570736,375594.987592,0,730
326636.803182,375516.701631,0,730
326771.664464,375629.072476,0,730
326625.204084,375542.432639,0,730
326703.772089,375594.71903,0,730
326890.199471,375696.988404,0,730
327065.322761,375708.127607,0,730
326935.933844,375516.232392,0,730
327056.993098,375732.785612,0,730
326951.035939,375647.208702,0,730
326770.05471,375599.264032,0,730
326777.164257,375622.94833,0,730
326615.378885,375529.068187,0,730
326864.681901,375688.323613,0,730
326572.918048,375494.999464,0,730
326602.93435,375643.157287,0,730
327092.901268,375598.304194,0,730
326721.101968,375664.996648,0,730
326540.950089,375597.340997,0,730
326947.584127,375554.061428,0,730
326721.947942,375610.278302,0,730
327006.457939,375629.856204,0,730
326711.773047,375542.820076,0,730
327119.649078,375618.579358,0,730
326575.909071,375664.801259,0,730
326796.019344,375504.148956,0,730
326578.178173,375612.487799,0,730
327125.053905,375607.302014,0,730
326660.198509,375549.430905,0,730
327078.93296,375566.520042,0,730
326809.942285,375512.780499,0,730
326764.801683,375582.422852,0,730
326910.480269,375626.63447,0,730
327128.409092,375580.112376,0,730
326744.634264,375681.547168,0,730
326652.737635,375621.120551,0,730
326793.226113,375512.875634,0,730
327106.978093,375682.376774,0,730
326769.175981,375648.541535,0,730
327043.572077,375684.7407,0,730
326741.079419,375586.982139,0,730
326688.2819,375647.660458,0,730
326955.455597,375710.110748,0,730
326520.730727,375606.824438,0,730
326870.664873,375672.173876,0,730
326712.942736,375556.75842,0,730
326611.602168,375609.773299,0,730
326570.492917,375592.763347,0,730
326820.88742,375691.163581,0,730
326889.976028,375588.656879,0,730
326548.740246,375633.535764,0,730
326643.90276,375591.58645,0,730
326817.397942,375588.736668,0,730
326893.528508,375595.245685,0,730
326814.543795,375524.334846,0,730
326734.028434,375578.943293,0,730
326766.524497,375637.203965,0,730
326977.437673,375660.65938,0,730
327098.954557,375612.007817,0,730
326919.70799,375652.037477,0,730
326871.772719,375531.954946,0,730
326608.680105,375534.912612,0,730
326658.244027,375670.136664,0,730
326676.076459,375470.090211,0,730
326757.646949,375462.562894,0,730
326941.342081,375554.780131,0,730
326839.8039,375637.360182,0,730
326866.564125,375608.213618,0,730
326949.845092,375554.163009,0,730
326878.811543,375563.49763,0,730
326632.271092,375618.710026,0,730
326738.280885,375551.703301,0,730
326784.398954,375551.463817,0,730
326914.388776,375682.789213,0,730
326603.207644,375655.199446,0,730
327045.262171,375707.93189,0,730
326799.105101,375655.204038,0,730
326558.888343,375536.679242,0,730
326919.48178,375584.747422,0,730
326715.603077,375540.750949,0,730
326859.375747,375604.080062,0,730
327015.859621,375720.86244,0,730
326637.227211,375526.77467,0,730
326654.035655,375638.564609,0,730
326929.459685,375547.120095,0,730
327035.991365,375605.112435,0,730
326735.777411,375479.402421,0,730
326781.089502,375502.212637,0,730
326985.615524,375725.716612,0,730
326638.003134,375531.897158,0,730
327069.58676,375584.155054,0,730
326663.126637,375574.379127,0,730
327012.900537,375725.384187,0,730
326916.156542,375714.916283,0,730
327096.090571,375619.93646,0,730
326857.721057,375507.814148,0,730
326662.928703,375582.956409,0,730
326776.088031,375528.165924,0,730
326702.750784,375527.527505,0,730
326984.082741,375679.215992,0,730
326555.27871,375530.708901,0,730
326976.979101,375688.798135,0,730
326987.340663,375692.285534,0,730
326896.442646,375502.020874,0,730
326836.16398,375598.390489,0,730
326554.844256,375487.84722,0,730
326965.860183,375703.785573,0,730
326831.886312,375496.527726,0,730
326935.743472,375637.057401,0,730
326815.41572,375558.835091,0,730
326956.323996,375627.759907,0,730
326735.484015,375552.572028,0,730
326842.484849,375700.247157,0,730
326719.196496,375609.504263,0,730
326962.244605,375640.275349,0,730
326750.526401,375594.598155,0,730
326636.696952,375610.840721,0,730
326953.650984,375629.485948,0,730
326728.943752,375611.295432,0,730
326807.371592,375636.306821,0,730
327105.138234,375625.017393,0,730
326778.909492,375502.527219,0,730
326660.46159,375548.544656,0,730
327028.533633,375647.520256,0,730
326963.542865,375533.581914,0,730
326774.397458,375568.252506,0,730
326713.320662,375451.988578,0,730
326638.88481,375562.721747,0,730
326639.313632,375467.382145,0,730
326831.479587,375586.891942,0,730
327008.270499,375589.200484,0,730
326778.936125,375624.879693,0,730
326982.848347,375598.521221,0,730
326746.899629,375650.808587,0,730
326989.485565,375696.032164,0,730
326963.972595,375700.488581,0,730
327031.295485,375598.332111,0,730
326588.616659,375517.584113,0,730
326618.10492,375666.010393,0,730
326833.427791,375650.443655,0,730
327087.354613,375719.48639,0,730
327078.785403,375700.153913,0,730
326983.128594,375573.609137,0,730
326688.812929,375544.018451,0,730
326727.33578,375652.669082,0,730
326967.61025,375548.223445,0,730
326936.595182,375698.440207,0,730
326925.810686,375695.050376,0,730
327117.863314,375558.480216,0,730
326544.86247,375580.804188,0,730
326899.925523,375655.945321,0,730
326908.994085,375574.657121,0,730
326976.035031,375535.205845,0,730
326611.626777,375625.499346,0,730
326633.467509,375501.193398,0,730
326598.922181,375453.061174,0,730
326668.263524,375521.425054,0,730
326622.41312,375454.320336,0,730
327018.456233,375555.232168,0,730
326521.312793,375600.583724,0,730
326695.844933,375567.93086,0,730
327090.430467,375646.719564,0,730
326825.597514,375599.114473,0,730
326815.06426,375689.686916,0,730
327082.121982,375712.261078,0,730
326655.868439,375556.886019,0,730
326816.877284,375543.022039,0,730
326593.571304,375644.712119,0,730
326945.460656,375694.148962,0,730
326760.190101,375610.595846,0,730
327074.486099,375729.920483,0,730
327108.433427,375709.203438,0,730
326570.630898,375439.97379,0,730
327060.272728,375653.581509,0,730
327036.327809,375660.229494,0,730
327083.232224,375704.976397,0,730
327108.79749,375691.88961,0,730
327042.988865,375612.241707,0,730
326572.016843,375467.840637,0,730
326941.379492,375574.822646,0,730
326784.606955,375512.953572,0,730
326930.355437,375548.825415,0,730
327118.931927,375565.13612,0,730
326882.208857,375533.628876,0,730
326908.983678,375583.537333,0,730
327055.431431,375565.380772,0,730
326890.473445,375649.177942,0,730
327010.378519,375639.406204,0,730
326573.859917,375545.183546,0,730
327095.153388,375678.591116,0,730
327010.617756,375539.118138,0,730
326702.11322,375504.543639,0,730
326560.576975,375559.186149,0,730
326868.86667,375615.313992,0,730
327038.351133,375560.646945,0,730
326541.193896,375637.757836,0,730
326683.897923,375472.604725,0,730
326762.417078,375621.309091,0,730
326689.365684,375593.048102,0,730
327055.193164,375583.43252,0,730
326766.306258,375629.475059,0,730
326670.677403,375495.034545,0,730
326786.560088,375575.971767,0,730
326815.845678,375488.218175,0,730
326698.258556,375660.526608,0,730
326662.938424,375471.967238,0,730
327100.22759,375559.409279,0,730
326652.162671,375452.167814,0,730
326849.731831,375524.454673,0,730
326857.153152,375639.600618,0,730
326961.587656,375653.304587,0,730
326866.265011,375557.452644,0,730
326663.939834,375440.93485,0,730
326799.202794,375481.355417,0,730
326886.949465,375710.907057,0,730
327087.612937,375604.907661,0,730
326734.587256,375667.166082,0,730
326751.794495,375540.356272,0,730
326912.270048,375587.879685,0,730
326918.008556,375705.86265,0,730
326689.975233,375447.305028,0,730
326654.544456,375506.95748,0,730
326886.963194,375622.231022,0,730
326841.062044,375701.108739,0,730
326674.229335,375633.140561,0,730
327026.625983,375645.43703,0,730
326722.928727,375586.782227,0,730
327128.210584,375585.947451,0,730
326948.130536,375621.325819,0,730
327107.054235,375647.785934,0,730
326558.809675,375469.234777,0,730
326582.264665,375505.179713,0,730
326656.105753,375486.762948,0,730
326974.829035,375625.21924,0,730
326652.209159,375524.870439,0,730
326730.352852,375513.191526,0,730
326686.299244,375597.565947,0,730
326792.359542,375644.287111,0,730
326861.744603,375552.304185,0,730
327034.903551,375547.686438,0,730
327043.133288,375713.699231,0,730
326631.043283,375613.093174,0,730
326937.165245,375546.911661,0,730
327110.047876,375578.985486,0,730
326706.34876,375612.571238,0,730
326955.720543,375608.746027,0,730
326720.51008,375578.785709,0,730
326754.414442,375589.25856,0,730
326670.691797,375474.293593,0,730
327001.205885,375577.826141,0,730
326745.539506,375627.220281,0,730
327111.560669,375595.155351,0,730
326888.616237,375573.572244,0,730
327075.290154,375648.006339,0,730
327047.067982,375728.047886,0,730
326932.961865,375717.599335,0,730
326705.102989,375678.194412,0,730
326565.384236,375639.180436,0,730
326799.518607,375481.066937,0,730
326891.919108,375639.288963,0,730
326714.946941,375574.332014,0,730
326610.185617,375612.646638,0,730
326611.391865,375606.352403,0,730
326571.527769,375543.61683,0,730
326968.080337,375603.810932,0,730
327094.395947,375693.488993,0,730
326794.412681,375634.271048,0,730
326745.100473,375535.440021,0,730
326748.648151,375604.002963,0,730
327036.386618,375592.360653,0,730
326569.050996,375539.191034,0,730
327016.152768,375599.730571,0,730
326725.42295,375476.453254,0,730
327024.085729,375584.539213,0,730
326651.176414,375519.820147,0,730
327108.01724,375633.853123,0,730
326632.265122,375560.917959,0,730
326566.641763,375658.19554,0,730
326692.258679,375513.845801,0,730
326891.254702,375595.033348,0,730
326693.924243,375599.291725,0,730
326602.105591,375641.674513,0,730
326902.761328,375617.509669,0,730
326958.404941,375519.090508,0,730
326716.293614,375645.83752,0,730
327036.773385,375638.3911,0,730
326629.235066,375626.334187,0,730
326971.620056,375633.610109,0,730
326927.885864,375650.754512,0,730
326694.732529,375689.658383,0,730
326640.247483,375630.083806,0,730
326731.198198,375475.126119,0,730
327049.720279,375530.189926,0,730
326550.683073,375588.555467,0,730
327073.64801,375536.079116,0,730
327017.499003,375707.635592,0,730
326547.296896,375544.56132,0,730
327035.913943,375679.109057,0,730
326929.795675,375552.999856,0,730
326949.478551,375714.925911,0,730
326970.061504,375579.200191,0,730
326890.351413,375651.789208,0,730
326981.74847,375586.733322,0,730
327044.478114,375712.113889,0,730
326831.373713,375620.06441,0,730
326992.598295,375590.877275,0,730
326665.152303,375539.054424,0,730
326610.986463,375439.441549,0,730
326578.888154,375477.655601,0,730
326687.423373,375618.062183,0,730
327049.943823,375588.404757,0,730
326697.599112,375467.6061,0,730
326764.267206,375503.132358,0,730
326755.574817,375473.041036,0,730
326713.56618,375589.08787,0,730
327060.635657,375653.7687,0,730
326763.175273,375637.92587,0,730
326780.455616,375567.82114,0,730
326643.299625,375472.281522,0,730
327034.435498,375618.743947,0,730
327012.420437,375524.178978,0,730
326621.035168,375675.608666,0,730
326727.917627,375619.354277,0,730
327011.174809,375563.494779,0,730
326771.856435,375545.771921,0,730
327045.724887,375667.227293,0,730
326772.553165,375495.861049,0,730
327039.381179,375605.534353,0,730
326736.773479,375466.384517,0,730
326766.41352,375503.16766,0,730
327127.213274,375548.500293,0,730
326938.893931,375662.799109,0,730
326990.286273,375639.694653,0,730
326727.138515,375629.495473,0,730
326654.339488,375462.05022,0,730
326566.785716,375598.275103,0,730
326649.806114,375526.212587,0,730
326643.807692,375609.094889,0,730
326559.629655,375544.840899,0,730
327077.374267,375529.054608,0,730
326724.811633,375555.625185,0,730
326956.423546,375663.213896,0,730
326794.879221,375584.506258,0,730
326758.501724,375676.309696,0,730
326771.369158,375496.11478,0,730
327034.740864,375583.414312,0,730
326833.207461,375544.422675,0,730
326678.64096,375587.649516,0,730
326766.878953,375696.513158,0,730
326997.26453,375575.362449,0,730
327080.915498,375714.300494,0,730
326565.310631,375551.811868,0,730
326765.401397,375532.894567,0,730
326603.056786,375648.828085,0,730
326792.532534,375675.80003,0,730
326756.196508,375682.47782,0,730
326810.263277,375486.86888,0,730
326900.319107,375507.220757,0,730
326892.78596,375665.346967,0,730
326628.17117,375624.607981,0,730
327069.636417,375670.093056,0,730
327012.232293,375553.86236,0,730
326819.084141,375694.611303,0,730
327059.542835,375578.802791,0,730
326945.221079,375646.916156,0,730
326583.130931,375433.894185,0,730
326944.360198,375699.922557,0,730
326850.794248,375675.259827,0,730
327102.171658,375620.56103,0,730
326795.292513,375633.688357,0,730
326655.263021,375612.282939,0,730
327078.174591,375565.897587,0,730
327084.925373,375690.621132,0,730
326943.541003,375624.277713,0,730
326612.727528,375569.05429,0,730
326684.088046,375561.533689,0,730
326606.200886,375645.424005,0,730
326750.062128,375562.260614,0,730
326990.49633,375622.570539,0,730
327093.202675,375677.333965,0,730
326688.804655,375548.450667,0,730
326965.792076,375620.912656,0,730
326896.948407,375692.682543,0,730
326529.48189,375646.159289,0,730
326784.961155,375581.545524,0,730
326554.612872,375625.753943,0,730
326578.496354,375469.738508,0,730
326660.33763,375638.576614,0,730
326998.551382,375684.308955,0,730
326973.279565,375631.419615,0,730
326919.271069,375640.164593,0,730
326932.291859,375564.472738,0,730
326843.248984,375545.992159,0,730
326893.913367,375508.774897,0,730
327045.788921,375660.684976,0,730
327033.036343,375588.080113,0,730
326935.107736,375653.61112,0,730
326882.424787,375539.096051,0,730
326575.961808,375589.936775,0,730
326767.577357,375564.622069,0,730
327096.864393,375594.678107,0,730
326937.178305,375567.936441,0,730
326841.490903,375643.504981,0,730
326771.528721,375531.073847,0,730
326636.218025,375680.016127,0,730
327036.354912,375690.631311,0,730
326888.889765,375515.47092,0,730
326720.541916,375500.71404,0,730
326961.26394,375519.711016,0,730
326860.705184,375571.181008,0,730
326799.608868,375664.014537,0,730
327115.041579,375532.542211,0,730
326913.670374,375625.333705,0,730
326719.286908,375499.734037,0,730
326769.905234,375608.603712,0,730
326713.985075,375639.656874,0,730
326942.994611,375549.300519,0,730
326966.548362,375598.451749,0,730
326713.576356,375544.439204,0,730
326662.383834,375506.728948,0,730
326681.585855,375624.153326,0,730
326693.994909,375570.713047,0,730
326730.756151,375574.744436,0,730
327012.821732,375582.601169,0,730
326814.788744,375552.662428,0,730
326838.295707,375522.260819,0,730
326580.638563,375442.027637,0,730
326765.807679,375531.139272,0,730
326706.564,375685.744036,0,730
326690.988238,375659.861609,0,730
326904.179274,375598.501584,0,730
327017.170786,375639.950739,0,730
327112.292591,375655.957796,0,730
326625.90038,375535.748882,0,730
326778.488211,375519.74502,0,730
326796.308615,375497.373366,0,730
326659.395761,375497.606876,0,730
326912.163211,375537.180914,0,730
326870.055067,375633.680889,0,730
326907.131025,375714.203958,0,730
326595.232258,375469.476763,0,730
326610.803868,375635.488976,0,730
326532.615238,375606.827742,0,730
326965.532051,375650.327225,0,730
327016.302257,375581.084528,0,730
326720.382394,375531.358564,0,730
326876.49943,375636.485214,0,730
326856.531824,375588.463368,0,730
326593.05476,375523.885557,0,730
326824.363178,375501.134754,0,730
326528.308837,375637.858576,0,730
326890.70025,375609.56495,0,730
326641.158867,375565.776646,0,730
326936.890419,375559.476649,0,730
326874.758113,375572.934035,0,730
327016.586888,375572.770298,0,730
326728.578239,375486.120748,0,730
326678.231348,375586.829537,0,730
326558.358081,375551.773222,0,730
326696.762976,375522.645487,0,730
326763.395438,375578.862431,0,730
326604.009918,375470.806042,0,730
326535.479709,375641.307734,0,730
326948.009042,375631.393768,0,730
326750.881154,375462.660617,0,730
326855.770798,375548.232343,0,730
326733.916062,375603.933121,0,730
326571.682836,375450.837281,0,730
326819.229658,375544.81087,0,730
326559.514355,375637.162644,0,730
326786.55284,375576.799496,0,730
326853.612611,375489.198727,0,730
327012.109722,375586.095269,0,730
326784.635897,375696.861521,0,730
326655.044422,375481.465895,0,730
326639.315167,375555.727668,0,730
326690.783496,375678.406565,0,730
326595.285094,375641.076002,0,730
326559.094259,375599.955204,0,730
326862.539187,375679.664385,0,730
326924.914304,375540.814223,0,730
326862.61772,375655.351711,0,730
326784.352255,375593.059039,0,730
326594.213993,375535.722552,0,730
326747.661391,375541.898209,0,730
326543.828169,375528.552217,0,730
327095.1551,375593.445989,0,730
326844.716282,375554.406779,0,730
326943.283303,375693.598353,0,730
326638.403277,375573.00592,0,730
327086.50715,375720.791954,0,730
326657.505278,375492.963324,0,730
326668.616832,375575.52323,0,730
326843.455387,375537.169562,0,730
327058.974555,375574.363767,0,730
326941.873402,375692.050864,0,730
326635.746512,375435.919883,0,730
326587.679204,375582.832334,0,730
327057.738701,375697.001202,0,730
326876.921534,375652.208849,0,730
327044.995429,375561.189085,0,730
326745.49523,375563.934814,0,730
326979.086374,375529.162327,0,730
326819.458639,375526.779552,0,730
326835.525742,375631.372322,0,730
326838.42764,375620.478458,0,730
326877.59574,375526.994431,0,730
327126.300251,375607.311798,0,730
326731.504708,375574.926472,0,730
326647.250274,375511.803417,0,730
326846.892894,375521.675954,0,730
326674.5158,375670.6298,0,730
327103.440919,375722.588116,0,730
326730.159338,375638.129865,0,730
327122.728446,375549.851948,0,730
326960.627,375614.204877,0,730
327095.960254,375667.623147,0,730
326903.660803,375582.948587,0,730
327101.625907,375731.915265,0,730
326794.749954,375637.986986,0,730
327021.663543,375669.788129,0,730
326922.277428,375661.852876,0,730
326580.787828,375429.68836,0,730
326965.4084,375584.884571,0,730
326579.770435,375657.096762,0,730
326841.840862,375598.053916,0,730
326887.316039,375507.579263,0,730
326564.856933,375458.829258,0,730
327047.310664,375658.194303,0,730
326765.567961,375539.532318,0,730
326758.237207,375591.2763,0,730
326697.53295,375503.235727,0,730
327013.993904,375589.527729,0,730
326991.487374,375520.214097,0,730
326924.703612,375671.952938,0,730
326615.055463,375484.904446,0,730
326869.721331,375688.012417,0,730
326968.234363,375675.271049,0,730
326866.965862,375666.098651,0,730
326818.044756,375629.44932,0,730
326571.326722,375492.726525,0,730
326801.442863,375477.895455,0,730
326753.719039,375696.219772,0,730
327082.691244,375682.162581,0,730
326737.598567,375506.172098,0,730
326968.803028,375654.987782,0,730
326991.894275,375530.305192,0,730
326654.839822,375649.486679,0,730
326791.806748,375654.471856,0,730
326827.651873,375643.863016,0,730
327089.555807,375609.889945,0,730
326915.536255,375637.43265,0,730
326804.544741,375474.497673,0,730
326726.75014,375559.608283,0,730
326860.108952,375661.764717,0,730
326885.208901,375634.773125,0,730
326560.359874,375557.806208,0,730
326864.05289,375669.369341,0,730
326527.192255,375641.430783,0,730
326759.571047,375485.566618,0,730
326738.968182,375689.776818,0,730
326602.034113,375439.90991,0,730
326648.880971,375436.952516,0,730
326855.226229,375587.881625,0,730
326649.404023,375648.966285,0,730
326842.04398,375602.656526,0,730
326847.38867,375662.455898,0,730
326955.305143,375690.344691,0,730
326881.164088,375647.003127,0,730
326857.330977,375673.847394,0,730
326690.471426,375601.238222,0,730
326666.415885,375482.714648,0,730
326811.835501,375545.421211,0,730
326582.879599,375456.795887,0,730
326937.847868,375699.840124,0,730
326885.532966,375515.615911,0,730
326973.201591,375619.005437,0,730
326734.620143,375542.327286,0,730
326572.468087,375538.562491,0,730
326609.653421,375436.414319,0,730
326793.015242,375656.609473,0,730
326922.618323,375639.178553,0,730
326933.298549,375613.982805,0,730
326941.388499,375631.431524,0,730
326927.386803,375670.560048,0,730
326872.127866,375507.739537,0,730
327124.904753,375603.472694,0,730
326851.342746,375588.806312,0,730
326920.146854,375619.284919,0,730
326802.03819,375640.043197,0,730
326714.091816,375626.130749,0,730
326576.578279,375661.008152,0,730
326646.476671,375619.752988,0,730
326803.561168,375569.246555,0,730
326956.264247,375650.993674,0,730
326720.619298,375519.617792,0,730
326658.691688,375533.543388,0,730
327089.053005,375553.037368,0,730
326926.762766,375526.710644,0,730
327021.136446,375602.477854,0,730
327016.133506,375609.209121,0,730
326656.279662,375586.465349,0,730
326864.466893,375702.7778,0,730
326743.114219,375673.735933,0,730
326673.983599,375611.889371,0,730
326891.247896,375512.170869,0,730
326742.733663,375546.679429,0,730
327036.903426,375658.371218,0,730
326599.94113,375539.489871,0,730
326796.670516,375593.582907,0,730
326858.950101,375659.846653,0,730
326929.976643,375590.810374,0,730
327102.047021,375571.886338,0,730
326627.937729,375442.447163,0,730
326968.621271,375582.589075,0,730
327020.193662,375632.790563,0,730
326757.039226,375594.152378,0,730
326696.567731,375543.972638,0,730
326601.689986,375601.290571,0,730
327109.509761,375568.730286,0,730
326577.253421,375593.250129,0,730
326539.959844,375604.927864,0,730
326625.174674,375598.567016,0,730
326938.232697,375521.383426,0,730
326643.065469,375485.802993,0,730
326858.933903,375694.980793,0,730
326731.081981,375492.572149,0,730
327103.551641,375718.434496,0,730
326844.659559,375545.086811,0,730
326903.251783,375639.948351,0,730
326932.43377,375560.751755,0,730
326860.609961,375612.666394,0,730
327034.542086,375530.773919,0,730
326923.337097,375562.021281,0,730
326864.110621,375507.322763,0,730
326682.742921,375649.605926,0,730
327118.509308,375657.046597,0,730
326951.47516,375677.44993,0,730
326612.146732,375451.632939,0,730
326702.973956,375466.070183,0,730
326556.173594,375526.745985,0,730
326677.765377,375505.422379,0,730
326826.940636,375693.314634,0,730
326613.588856,375567.233786,0,730
327059.094811,375568.297759,0,730
327081.919659,375736.78564,0,730
327102.546639,375680.534397,0,730
326772.097822,375578.606265,0,730
326973.521951,375592.363997,0,730
326948.224968,375533.810802,0,730
326843.213906,375582.887547,0,730
326676.264825,375545.199983,0,730
326665.126746,375446.496665,0,730
327083.785162,375543.372804,0,730
326966.974373,375623.120676,0,730
326712.452159,375531.45251,0,730
326679.942045,375478.121302,0,730
326802.323927,375671.672249,0,730
326950.477985,375720.468672,0,730
326929.922576,375530.892354,0,730
326648.266454,375608.785182,0,730
326726.383483,375563.27989,0,730
326571.710467,375595.98216,0,730
327101.308098,375533.081798,0,730
326957.321842,375558.658436,0,730
326944.936911,375548.175796,0,730
326923.76719,375703.29199,0,730
327031.053578,375567.238021,0,730
326820.095037,375483.111216,0,730
326581.509014,375481.606752,0,730
327055.311518,375648.311694,0,730
326745.23989,375683.404074,0,730
327092.255409,375559.81485,0,730
326569.33248,375605.312009,0,730
326768.602477,375571.586562,0,730
326663.312747,375682.861415,0,730
326996.528716,375643.967165,0,730
327101.64965,375546.365345,0,730
326929.311636,375512.451419,0,730
326856.24368,375529.0096,0,730
326816.706974,375686.302433,0,730
326604.575339,375507.723707,0,730
326896.84336,375535.225905,0,730
326764.558618,375678.900545,0,730
326890.557524,375641.392235,0,730
326993.181595,375602.323835,0,730
326890.345312,375553.923166,0,730
326634.490346,375481.99956,0,730
326630.837697,375627.437682,0,730
326593.432758,375567.170475,0,730
326772.503784,375505.492732,0,730
326770.015581,375580.137411,0,730
326711.774049,375508.645567,0,730
327055.244288,375601.312815,0,730
326583.572797,375586.401575,0,730
327009.081306,375536.924027,0,730
326781.824737,375650.311391,0,730
326834.184161,375485.324367,0,730
326785.147719,375680.662944,0,730
326932.244997,375686.198547,0,730
326903.870924,375541.263448,0,730
326854.116703,375701.061124,0,730
326833.382821,375602.000764,0,730
326714.510615,375659.887057,0,730
326547.392692,375577.81905,0,730
326846.362047,375615.070697,0,730
326886.717402,375710.960361,0,730
327097.246374,375674.817591,0,730
326694.725719,375683.268215,0,730
326817.061436,375646.883687,0,730
326623.967305,375441.558146,0,730
326979.109924,375647.872811,0,730
327030.809138,375700.37741,0,730
326951.439402,375619.245697,0,730
326672.682556,375642.048643,0,730
327054.911261,375557.683966,0,730
327017.252224,375638.769305,0,730
327087.577953,375636.474013,0,730
326637.555348,375453.656888,0,730
326578.307286,375488.598129,0,730
326833.162042,375517.922596,0,730
326878.15124,375510.173284,0,730
326938.886993,375672.336083,0,730
326578.947783,375495.518055,0,730
326707.863407,375629.526315,0,730
326769.623976,375469.422749,0,730
326597.910669,375488.992493,0,730
326778.349309,375580.774247,0,730
326586.640098,375548.582819,0,730
327013.899596,375703.998192,0,730
326568.06792,375626.004182,0,730
326984.380353,375580.107219,0,730
326980.605581,375536.84768,0,730
326687.039656,375613.434176,0,730
327083.25338,375574.433777,0,730
326623.757716,375477.191708,0,730
326777.304792,375481.039041,0,730
326740.859989,375511.525023,0,730
326733.450098,375692.658974,0,730
326903.794827,375574.681223,0,730
326822.396631,375604.210855,0,730
326806.047002,375687.341459,0,730
326986.259719,375592.719158,0,730
327051.912334,375580.046779,0,730
326550.697999,375579.917592,0,730
326536.852066,375599.496018,0,730
327062.045959,375659.119504,0,730
326646.061311,375516.334172,0,730
326619.673778,375660.114735,0,730
327017.728708,375712.529737,0,730
326984.898237,375537.86465,0,730
326945.707909,375543.049763,0,730
326911.294867,375692.911864,0,730
326563.341481,375444.567493,0,730
326963.051747,375537.758862,0,730
326667.533396,375557.51304,0,730
327093.791661,375600.926621,0,730
326780.297193,375567.142004,0,730
326578.459855,375529.581768,0,730
326586.698394,375597.751878,0,730
326941.107553,375671.88483,0,730
326740.55312,375585.453946,0,730
326986.948055,375544.593616,0,730
326599.523063,375658.525199,0,730
327076.35787,375652.36427,0,730
326993.370364,375518.336139,0,730
326715.55917,375478.576013,0,730
327068.22951,375727.411559,0,730
327077.555072,375540.235885,0,730
326618.632194,375651.760546,0,730
326556.494459,375618.705396,0,730
326908.457668,375503.396042,0,730
326708.147086,375682.384718,0,730
326903.700442,375632.423857,0,730
326668.906313,375625.048652,0,730
326611.711906,375584.825534,0,730
326542.440669,375544.019925,0,730
326731.969583,375524.908394,0,730
326924.128897,375641.301384,0,730
327019.821685,375651.965623,0,730
326727.829012,375538.490614,0,730
326808.658609,375582.925674,0,730
326668.013733,375635.165922,0,730
326867.218469,375532.131254,0,730
326895.387412,375712.769918,0,730
327085.132092,375529.899224,0,730
326947.684913,375721.661125,0,730
326927.940483,375642.055742,0,730
326607.572047,375651.521117,0,730
327064.692028,375686.162835,0,730
326885.833992,375655.424804,0,730
327012.358735,375709.271847,0,730
326890.828291,375687.688862,0,730
326954.845303,375531.483934,0,730
326875.699744,375514.446395,0,730
327128.981253,375551.085222,0,730
326820.282195,375572.133452,0,730
326653.609151,375679.05278,0,730
326569.891896,375492.70154,0,730
326611.981144,375436.645657,0,730
326955.254685,375616.323721,0,730
327102.120937,375600.436195,0,730
326620.875028,375578.967234,0,730
327021.120298,375688.875443,0,730
326608.543928,375527.861823,0,730
326747.993498,375573.188133,0,730
326793.610666,375609.648411,0,730
326566.840113,375586.775186,0,730
326961.027072,375565.691009,0,730
327121.362732,375635.60831,0,730
327100.026217,375542.542785,0,730
326961.984536,375595.04443,0,730
326754.137214,375473.899895,0,730
327055.763466,375603.563908,0,730
326848.455726,375707.720519,0,730
326644.188417,375608.227439,0,730
326619.52813,375663.059341,0,730
326997.525955,375676.965361,0,730
326979.654379,375560.234231,0,730
326960.1168,375664.014947,0,730
326751.803395,375487.175862,0,730
326559.561492,375509.308704,0,730
326809.345039,375597.871022,0,730
326958.519973,375679.824887,0,730
326819.034592,375509.78855,0,730
326981.833125,375724.157466,0,730
326725.098615,375488.702711,0,730
326691.160086,375500.072038,0,730
326629.949732,375437.286011,0,730
326719.445789,375523.260544,0,730
327035.190834,375582.811524,0,730
326574.486335,375558.317109,0,730
327019.482787,375568.33487,0,730
326921.734349,375527.715069,0,730
326645.953006,375447.022872,0,730
326903.320474,375536.719579,0,730
326878.903813,375672.639759,0,730
326717.791849,375643.150279,0,730
326808.879586,375488.474268,0,730
326589.285304,375476.124538,0,730
327106.423996,375533.743877,0,730
326899.692597,375654.020516,0,730
326748.129486,375565.473729,0,730
326660.518184,375617.902018,0,730
326622.820379,375591.964799,0,730
326797.965711,375688.004926,0,730
326638.625906,375447.716678,0,730
326628.314051,375647.728832,0,730
326638.558256,375540.58699,0,730
326573.959533,375482.110488,0,730
326783.967022,375576.897834,0,730
326670.713718,375493.606469,0,730
326650.132477,375550.673471,0,730
327066.778886,375714.97731,0,730
326948.348797,375562.910959,0,730
326639.364743,375546.024525,0,730
326891.672366,375591.909233,0,730
326663.136224,375451.569077,0,730
326869.862247,375650.500646,0,730
326649.105929,375573.744299,0,730
326690.548726,375499.180327,0,730
326935.574034,375639.509843,0,730
327027.978464,375606.344703,0,730
326655.047462,375502.428566,0,730
326949.465209,375600.551936,0,730
326851.794611,375638.298633,0,730
326756.504442,375516.56451,0,730
326989.146476,375618.12778,0,730
327034.421929,375685.841125,0,730
326880.743275,375565.194779,0,730
326815.671454,375614.738872,0,730
326672.602009,375518.282277,0,730
327016.405375,375553.971259,0,730
326619.954527,375619.472024,0,730
326628.56657,375661.763068,0,730
327059.393315,375551.848745,0,730
326811.612857,375579.386355,0,730
327031.513436,375598.926846,0,730
326733.91402,375463.968281,0,730
326877.398517,375522.834246,0,730
326918.652401,375626.260623,0,730
326765.82995,375556.223186,0,730
326740.879357,375575.700814,0,730
327056.880227,375660.351363,0,730
327048.402157,375715.610288,0,730
326982.383605,375670.517479,0,730
326997.276418,375552.062499,0,730
326801.41167,375683.350107,0,730
327031.138193,375652.672306,0,730
326825.750397,375668.998403,0,730
326922.843472,375542.487748,0,730
327002.668312,375673.161841,0,730
327081.67274,375732.20183,0,730
326842.615631,375565.827426,0,730
326613.417115,375624.879454,0,730
327022.211107,375629.045768,0,730
326700.963194,375649.613884,0,730
327027.783437,375711.898841,0,730
326935.002272,375617.753726,0,730
326557.778811,375627.558931,0,730
326702.062157,375483.741822,0,730
326818.939557,375483.448764,0,730
326633.906174,375445.587916,0,730
326592.71086,375492.693906,0,730
327025.974087,375685.798663,0,730
326723.554885,375495.17849,0,730
326797.512511,375649.429649,0,730
326840.450772,375511.633516,0,730
326639.173763,375678.990576,0,730
326940.075304,375716.96902,0,730
327012.119592,375677.646007,0,730
326622.772124,375645.124173,0,730
326961.168365,375611.456885,0,730
326729.008946,375534.356822,0,730
326614.26669,375604.998117,0,730
327100.929015,375696.630751,0,730
327018.432342,375582.581824,0,730
326981.037766,375579.981692,0,730
326695.094234,375600.405176,0,730
326700.75058,375554.973786,0,730
326840.732104,375663.356722,0,730
326997.927014,375681.525208,0,730
326651.485064,375630.402056,0,730
327076.974385,375699.860181,0,730
326585.131797,375632.431638,0,730
326861.130368,375576.062125,0,730
326626.119124,375469.985436,0,730
326820.13283,375597.183483,0,730
326759.81839,375574.37688,0,730
326978.492534,375576.138852,0,730
327090.51325,375683.879361,0,730
326869.25351,375618.28651,0,730
326971.691975,375578.964879,0,730
326902.366901,375658.541915,0,730
326697.522578,375489.031304,0,730
327050.004924,375647.768097,0,730
326605.180472,375667.484739,0,730
327129.657295,375579.39031,0,730
326822.913516,375660.126816,0,730
326834.183591,375694.316591,0,730
326811.283405,375682.566188,0,730
327022.344285,375647.750783,0,730
326602.161096,375449.565225,0,730
327000.755062,375580.042047,0,730
326697.312713,375473.098005,0,730
326769.657886,375589.219313,0,730
326679.242585,375489.145266,0,730
326716.923949,375497.888245,0,730
327024.813712,375657.841098,0,730
327100.440578,375710.229763,0,730
326975.179357,375590.483935,0,730
326654.829879,375599.763055,0,730
327060.851327,375703.127249,0,730
326639.210107,375684.003562,0,730
327101.331889,375569.857678,0,730
326868.327757,375526.862825,0,730
326991.634697,375547.452564,0,730
326564.750574,375484.749535,0,730
326923.851086,375642.238515,0,730
326900.318575,375697.150917,0,730
326719.635783,375663.999601,0,730
326611.512792,375523.460457,0,730
326649.302157,375550.770514,0,730
326618.441999,375526.666131,0,730
326594.636489,375651.954095,0,730
327069.792627,375574.230675,0,730
327114.318244,375555.478541,0,730
326661.984361,375440.558927,0,730
326577.35239,375595.916935,0,730
326816.237071,375550.912863,0,730
327096.14135,375553.894071,0,730
326572.585237,375558.187953,0,730
326983.646142,375525.604072,0,730
326806.075746,375481.02781,0,730
327040.97054,375637.672041,0,730
326760.493898,375603.0348,0,730
326626.942567,375673.943131,0,730
326585.870276,375654.273066,0,730
326672.731134,375646.761238,0,730
326883.238173,375693.688069,0,730
327101.232486,375552.90722,0,730
326752.340956,375491.641502,0,730
326631.274311,375476.801044,0,730
326742.804425,375548.414162,0,730
327030.793647,375524.371667,0,730
326739.891758,375680.878356,0,730
327013.343697,375530.354249,0,730
327081.976092,375673.606033,0,730
327068.823226,375551.298619,0,730
326788.739715,375575.676105,0,730
326981.94183,375724.291627,0,730
326996.583781,375647.799204,0,730
326602.010711,375509.612617,0,730
326575.425352,375650.580984,0,730
326832.811967,375663.42632,0,730
326970.429763,375573.139123,0,730
326610.759825,375561.428058,0,730
326551.348985,375593.581732,0,730
327025.850016,375720.57351,0,730
327027.115982,375681.254169,0,730
326990.980503,375674.894233,0,730
326786.671367,375606.658316,0,730
326997.258485,375621.379107,0,730
326708.873517,375595.36202,0,730
326853.537158,375585.496331,0,730
326950.523778,375694.854004,0,730
326678.65258,375515.040426,0,730
326597.570731,375482.446823,0,730
326839.619524,375525.431028,0,730
327067.964441,375580.189127,0,730
327108.632103,375559.554307,0,730
326586.976012,375511.035467,0,730
326597.038264,375472.988391,0,730
326611.269587,375529.152498,0,730
326691.034386,375674.606179,0,730
327095.468695,375737.481092,0,730
326822.003188,375690.97361,0,730
326893.08606,375624.165802,0,730
326938.4992,375703.122075,0,730
326574.338967,375595.888992,0,730
326758.37527,375651.376341,0,730
327106.079758,375645.428943,0,730
326642.29848,375488.224007,0,730
326780.577774,375475.120755,0,730
326939.34249,375699.428408,0,730
326762.295815,375603.682137,0,730
326660.377975,375670.09508,0,730
326824.508117,375584.656549,0,730
326569.007469,375503.304392,0,730
326944.395378,375660.528032,0,730
326964.17414,375521.574335,0,730
326815.04813,375546.946525,0,730
326930.946658,375652.205852,0,730
326653.823123,375482.317534,0,730
327082.078147,375703.030826,0,730
326803.485931,375665.14691,0,730
326941.110433,375576.703992,0,730
326802.596851,375476.812433,0,730
327059.810493,375617.502181,0,730
326885.759441,375608.36906,0,730
327066.212398,375722.683729,0,730
326747.044822,375678.71642,0,730
326766.643174,375653.438055,0,730
326587.506315,375538.342319,0,730
326768.42714,375631.432931,0,730
326630.42721,375526.184275,0,730
326608.217638,375635.961118,0,730
326516.930507,375594.115571,0,730
326924.649017,375550.258036,0,730
326764.557501,375612.604152,0,730
327049.883926,375648.076176,0,730
327091.689902,375686.615607,0,730
326895.110691,375630.859275,0,730
326572.602337,375596.559692,0,730
326864.989342,375531.86121,0,730
326564.978203,375464.913342,0,730
326613.33736,375479.225664,0,730
327006.577901,375552.485065,0,730
327010.662668,375627.991365,0,730
326909.984987,375591.086501,0,730
326569.319739,375586.763176,0,730
326773.994195,375572.802312,0,730
326665.539794,375532.717421,0,730
327021.509129,375664.688528,0,730
326804.649683,375575.290768,0,730
326733.296438,375562.791079,0,730
326665.796095,375517.565736,0,730
326604.466784,375433.926943,0,730
326725.361221,375509.888068,0,730
327057.413272,375577.490286,0,730
326836.555626,375685.542707,0,730
326739.121016,375565.854003,0,730
327065.272977,375574.670839,0,730
326908.191687,375562.811046,0,730
326944.456665,375548.758071,0,730
326996.522871,375657.95875,0,730
326518.64511,375588.351335,0,730
326803.806733,375514.732126,0,730
326778.379057,375576.152573,0,730
326952.546575,375626.38449,0,730
326859.218457,375676.697077,0,730
326717.069924,375581.121128,0,730
326559.870529,375444.90067,0,730
326651.332763,375523.133629,0,730
326588.92189,375500.833943,0,730
327044.622328,375639.917075,0,730
326921.98274,375505.602434,0,730
326597.103914,375531.425199,0,730
326708.630585,375587.057676,0,730
326930.477106,375603.245138,0,730
326582.832406,375593.572345,0,730
327062.18306,375720.426605,0,730
326579.622734,375652.687707,0,730
327102.904097,375646.069262,0,730
327120.067124,375651.63924,0,730
327118.94006,375541.737227,0,730
326634.942903,375483.445204,0,730
326990.761851,375688.995126,0,730
326990.747959,375693.810483,0,730
327031.063709,375529.78767,0,730
327027.327017,375605.820806,0,730
326730.260498,375634.602269,0,730
326975.368353,375556.460166,0,730
326540.695107,375605.65399,0,730
326913.821227,375614.252966,0,730
327061.494474,375618.359178,0,730
327073.987785,375572.082184,0,730
326590.525084,375537.716684,0,730
326664.843563,375450.114819,0,730
326748.678694,375614.235584,0,730
326795.348195,375691.084776,0,730
327104.440816,375582.270536,0,730
326688.767549,375538.235945,0,730
327078.624128,375544.673711,0,730
326805.781805,375700.450201,0,730
327012.955423,375686.478618,0,730
326625.12732,375498.59465,0,730
326740.128444,375661.591843,0,730
326953.673428,375682.307021,0,730
326829.518006,375594.059762,0,730
326864.291397,375685.070958,0,730
326851.361879,375689.11696,0,730
326671.622866,375552.743841,0,730
326832.708045,375649.827739,0,730
326903.498955,375664.107134,0,730
327091.755832,375607.860554,0,730
326649.973002,375453.860209,0,730
326571.036326,375462.807745,0,730
327106.764698,375555.834502,0,730
326898.559008,375598.131809,0,730
326677.33075,375686.888603,0,730
326866.686651,375601.474676,0,730
326828.959541,375570.048786,0,730
326899.897778,375515.194018,0,730
326685.250128,375599.342677,0,730
326830.12022,375591.229769,0,730
326805.988741,375552.919939,0,730
326917.488346,375527.968999,0,730
326709.196768,375629.456104,0,730
326559.52851,375461.404481,0,730
326627.123422,375567.375425,0,730
327046.337235,375603.824268,0,730
326975.503735,375596.691923,0,730
326675.842447,375676.352139,0,730
326576.579507,375661.296085,0,730
326608.586915,375649.841038,0,730
326827.294732,375588.58714,0,730
326589.643945,375523.049669,0,730
326858.059781,375602.105607,0,730
326641.396362,375663.273647,0,730
326708.965391,375593.878424,0,730
326849.120637,375523.372305,0,730
326604.415494,375477.151523,0,730
327124.788417,375543.31157,0,730
327058.358444,375565.006275,0,730
326655.686571,375611.778038,0,730
326932.850892,375716.912616,0,730
326708.487242,375690.370801,0,730
326699.238566,375505.762127,0,730
326870.643022,375695.358081,0,730
327047.054278,375707.967458,0,730
326867.33701,375604.836923,0,730
326818.912889,375632.413397,0,730
326917.051903,375627.321035,0,730
326629.310384,375475.032073,0,730
326634.683498,375568.600771,0,730
326671.100266,375583.845488,0,730
326670.953043,375532.313492,0,730
326647.179116,375444.85044,0,730
326908.731791,375646.208028,0,730
327060.726334,375700.055983,0,730
326536.745508,375577.815256,0,730
326867.27814,375556.529816,0,730
326808.53209,375664.790646,0,730
327071.697958,375673.993845,0,730
326853.951806,375625.809995,0,730
326581.035475,375487.284276,0,730
326560.942462,375478.550612,0,730
326740.570189,375657.606223,0,730
326770.053648,375557.39093,0,730
326912.387106,375680.612891,0,730
326980.310931,375565.425836,0,730
326655.469988,375671.26981,0,730
327094.281438,375560.703906,0,730
326787.604438,375582.395465,0,730
326665.345112,375633.352429,0,730
326685.493495,375602.369669,0,730
326677.384628,375559.219862,0,730
326801.268011,375557.301995,0,730
326827.223485,375587.436023,0,730
326902.19975,375614.854301,0,730
326850.972352,375528.531061,0,730
326913.721145,375561.277199,0,730
326719.151583,375610.778203,0,730
326759.494962,375586.361562,0,730
326690.560367,375657.057668,0,730
326762.867721,375572.295798,0,730
326551.184875,375641.142775,0,730
326754.988426,375672.087839,0,730
326802.346186,375591.797756,0,730
326688.728416,375593.275217,0,730
326664.595697,375516.349821,0,730
326634.526581,375520.88482,0,730
326878.425201,375502.573697,0,730
326927.148183,375714.90384,0,730
326892.851146,375513.002806,0,730
326737.184861,375593.117653,0,730
326765.350012,375594.296691,0,730
327050.108073,375630.114007,0,730
326701.419297,375555.954574,0,730
326681.393061,375604.733867,0,730
326688.887605,375461.710863,0,730
327046.528135,375706.655231,0,730
326972.701916,375532.698234,0,730
326573.485355,375512.5372,0,730
326888.983624,375529.865499,0,730
327006.272572,375662.939774,0,730
326610.034929,375548.504698,0,730
327056.971626,375553.061521,0,730
326993.333945,375729.996867,0,730
326579.59113,375432.551913,0,730
327002.586186,375671.765047,0,730
326597.51003,375604.32396,0,730
327021.652632,375597.355778,0,730
326833.001228,375494.406569,0,730
326889.892925,375670.485217,0,730
326559.558261,375548.78196,0,730
326548.605614,375634.813729,0,730
326993.352175,375681.562509,0,730
326606.58999,375641.114325,0,730
326633.975974,375468.474769,0,730
326976.278731,375685.492992,0,730
326988.25582,375727.078262,0,730
327011.810206,375671.072204,0,730
326765.862902,375534.07854,0,730
326656.912353,375617.483196,0,730
326684.606198,375597.18716,0,730
326995.727164,375698.152115,0,730
326788.321892,375545.578689,0,730
327117.559267,375599.708098,0,730
326996.138072,375599.363398,0,730
326681.18244,375606.109397,0,730
326716.804235,375524.155404,0,730
326583.484937,375565.633248,0,730
326554.045108,375514.544592,0,730
326627.333861,375649.580206,0,730
327111.113138,375701.058164,0,730
327082.403584,375557.898427,0,730
326618.903406,375621.64386,0,730
326648.373503,375626.559883,0,730
326980.911509,375709.777422,0,730
327101.246322,375724.933909,0,730
327038.381652,375643.880544,0,730
326627.991692,375518.873046,0,730
327090.20222,375546.0886,0,730
326708.02395,375683.873787,0,730
326911.259161,375504.825051,0,730
326949.497833,375600.941595,0,730
326836.838899,375557.603654,0,730
326696.187237,375665.816708,0,730
326753.327697,375619.620384,0,730
326973.326572,375517.219792,0,730
326686.102164,375623.940408,0,730
326654.863652,375540.383781,0,730
327012.709935,375703.194851,0,730
327082.921935,375600.531742,0,730
327067.657768,375632.920584,0,730
326694.977698,375488.281125,0,730
326562.103696,375651.439627,0,730
326635.387149,375606.087684,0,730
327039.611634,375557.216133,0,730
327107.896024,375670.782127,0,730
326662.078557,375577.53381,0,730
326589.656831,375618.132875,0,730
326829.204684,375702.706828,0,730
326700.350916,375587.685509,0,730
326679.992238,375577.559462,0,730
326792.732351,375573.388031,0,730
326663.611697,375686.316836,0,730
326663.546529,375503.631199,0,730
326988.397923,375594.536589,0,730
326718.700513,375530.313245,0,730
326556.348234,375608.161999,0,730
326583.30636,375657.710775,0,730
326984.258759,375638.960969,0,730
326978.859234,375635.267797,0,730
326611.831389,375662.606743,0,730
326799.777287,375666.746765,0,730
326877.866428,375656.975329,0,730
326776.890543,375628.088334,0,730
326703.804432,375558.295713,0,730
326968.04216,375688.977349,0,730
326599.774924,375434.567311,0,730
327065.314039,375732.408816,0,730
326612.395487,375554.079603,0,730
326833.413364,375664.930323,0,730
326699.381734,375518.765087,0,730
326845.713651,375622.253516,0,730
326997.95976,375561.551867,0,730
326589.463529,375432.570748,0,730
326680.873413,375531.825426,0,730
326803.279169,375618.427072,0,730
326942.767683,375566.82741,0,730
326672.141832,375663.048955,0,730
327027.582588,375525.224835,0,730
326640.969104,375666.031025,0,730
326524.154949,375620.240439,0,730
326889.873437,375587.279638,0,730
326905.232806,375663.857247,0,730
326618.446397,375524.28039,0,730
326978.491638,375700.360977,0,730
326576.215622,375629.182818,0,730
326849.826545,375620.837898,0,730
326766.405904,375636.660626,0,730
326801.321799,375552.628206,0,730
326814.777298,375670.195554,0,730
326537.997043,375544.473599,0,730
327108.850979,375694.44806,0,730
326694.5835,375451.252583,0,730
326596.349561,375647.942908,0,730
326743.138408,375507.907154,0,730
326975.762003,375644.377122,0,730
327042.82154,375546.335366,0,730
326735.80486,375517.95419,0,730
326888.405852,375583.560202,0,730
326690.635795,375660.440878,0,730
326575.411732,375515.239523,0,730
326889.361397,375618.641563,0,730
326951.870249,375593.720379,0,730
326607.548782,375656.723001,0,730
326647.263475,375492.827126,0,730
326567.046707,375596.407997,0,730
326990.558528,375697.967683,0,730
326927.043588,375597.074832,0,730
327011.518247,375603.89237,0,730
326625.675111,375510.782743,0,730
327111.060716,375689.11588,0,730
326761.921127,375676.309045,0,730
326735.709724,375565.045986,0,730
326970.207376,375665.036687,0,730
326881.052824,375530.601034,0,730
326708.739411,375664.267828,0,730
327058.019146,375722.583034,0,730
326790.592029,375645.73598,0,730
326695.607391,375629.169968,0,730
326809.660893,375498.150797,0,730
326763.776025,375480.354815,0,730
327040.369592,375691.005138,0,730
326964.786631,375710.501642,0,730
327077.529382,375543.899123,0,730
326817.783044,375497.542069,0,730
326725.656557,375637.865938,0,730
326648.151795,375541.001178,0,730
326588.313619,375618.651387,0,730
326853.633735,375662.870954,0,730
326896.955957,375684.170096,0,730
326600.2144,375525.75284,0,730
326643.555734,375444.158211,0,730
326756.169173,375544.512308,0,730
326716.159823,375603.836896,0,730
326924.355665,375547.723172,0,730
327057.529931,375729.106923,0,730
326961.216488,375706.137778,0,730
326526.920087,375618.159093,0,730
326783.512962,375626.324003,0,730
326822.966189,375555.921861,0,730
326911.358234,375674.488535,0,730
326765.414369,375617.225857,0,730
326928.765507,375656.925203,0,730
326623.026953,375654.78352,0,730
327054.396032,375634.666649,0,730
327050.152957,375609.1134,0,730
326949.178614,375548.537628,0,730
326870.206908,375504.862014,0,730
327023.125232,375653.203487,0,730
326609.374618,375469.753229,0,730
326897.405519,375505.820702,0,730
326697.766211,375579.150073,0,730
326755.189067,375466.080724,0,730
326786.914639,375558.757499,0,730
326540.104074,375600.3594,0,730
326586.850395,375593.082004,0,730
327090.107484,375687.634913,0,730
327023.110089,375722.391951,0,730
326799.911303,375491.914535,0,730
327024.59264,375574.365831,0,730
326720.707649,375492.789708,0,730
326663.738514,375533.773824,0,730
326653.343688,375625.143972,0,730
326988.058228,375620.258812,0,730
326907.536227,375657.557484,0,730
326646.452803,375584.180117,0,730
327008.634926,375673.189615,0,730
326706.145484,375580.794772,0,730
326878.941916,375701.332005,0,730
326896.07838,375603.789439,0,730
326709.004503,375671.583011,0,730
326543.265761,375551.796122,0,730
326752.771862,375635.950916,0,730
326767.56889,375472.589037,0,730
326662.658284,375569.73615,0,730
326591.298255,375470.474546,0,730
327117.862143,375594.005141,0,730
326988.182691,375675.842993,0,730
326706.160704,375551.654444,0,730
326686.282926,375464.096302,0,730
326762.93664,375652.08968,0,730
326806.678008,375536.171349,0,730
327098.109633,375543.240334,0,730
326842.863117,375485.903829,0,730
326747.046098,375583.751093,0,730
326689.344703,375666.208106,0,730
326668.643989,375642.016431,0,730
326702.951993,375489.146229,0,730
327109.013638,375707.259421,0,730
326852.185721,375501.542779,0,730
326711.07557,375597.37139,0,730
326685.662181,375534.346358,0,730
326766.27894,375547.983405,0,730
326688.501469,375670.768573,0,730
326756.752108,375539.997235,0,730
327020.589839,375618.156336,0,730
326856.707886,375543.950763,0,730
327033.416642,375729.2594,0,730
326543.084724,375617.765785,0,730
326628.51939,375434.816134,0,730
326527.009212,375578.727136,0,730
327038.254447,375575.194281,0,730
326828.6075,375510.264987,0,730
326824.996488,375598.980583,0,730
326765.692808,375525.30073,0,730
326676.628951,375565.1331,0,730
326761.215054,375689.059567,0,730
326595.398852,375426.386522,0,730
326752.963081,375530.213777,0,730
326777.42743,375662.853688,0,730
327108.92647,375689.95214,0,730
326891.843763,375510.572138,0,730
326748.211102,375496.030069,0,730
326597.744746,375642.458325,0,730
326582.972875,375487.723532,0,730
326601.102653,375533.208355,0,730
326760.370577,375584.246205,0,730
327058.289778,375591.256308,0,730
326822.576707,375571.521851,0,730
326939.882638,375660.693092,0,730
326926.69011,375518.927505,0,730
326998.166863,375659.558338,0,730
326726.716333,375536.124873,0,730
326652.893989,375624.191966,0,730
327059.358223,375625.825996,0,730
327131.374122,375542.895212,0,730
326606.13317,375630.437997,0,730
326846.739245,375646.968051,0,730
326828.072457,375489.818661,0,730
327000.320739,375558.919362,0,730
326840.317406,375577.295272,0,730
326711.525574,375484.774302,0,730
326947.498804,375717.634156,0,730
327064.166802,375696.611363,0,730
326778.532571,375546.390123,0,730
326869.742533,375548.488014,0,730
326712.773043,375483.049942,0,730
327030.909198,375680.009481,0,730
326807.035142,375579.117904,0,730
326660.193318,375530.670909,0,730
326564.938636,375577.335076,0,730
326683.687548,375591.331948,0,730
326895.390886,375701.152118,0,730
326593.305992,375538.368292,0,730
327057.36082,375664.767023,0,730
326951.404456,375560.938946,0,730
327012.911422,375700.762966,0,730
326795.412878,375581.498792,0,730
326905.046912,375659.712551,0,730
326757.821885,375670.750877,0,730
326883.844407,375596.345184,0,730
326614.992976,375460.828341,0,730
326915.235598,375564.090983,0,730
326714.62411,375554.577768,0,730
326599.399117,375641.950523,0,730
326610.087157,375615.450587,0,730
326906.915383,375535.39648,0,730
327003.261809,375627.471413,0,730
326597.76172,375529.71847,0,730
327084.010607,375572.074122,0,730
326898.017775,375661.291712,0,730
326960.832857,375667.869156,0,730
326938.957147,375648.910171,0,730
326837.66776,375674.285447,0,730
327005.413439,375542.962454,0,730
327013.990262,375722.201853,0,730
327053.301569,375611.668166,0,730
327025.385996,375580.16306,0,730
326673.481979,375602.648569,0,730
327035.530973,375554.109101,0,730
326656.903724,375636.832065,0,730
326783.307065,375595.424457,0,730
326893.488157,375617.11077,0,730
327009.391264,375614.243334,0,730
326934.063745,375580.287727,0,730
326953.719434,375545.924172,0,730
327059.928543,375618.348967,0,730
327107.720107,375742.549204,0,730
326665.048392,375652.031195,0,730
326650.972654,375678.394716,0,730
326889.691122,375559.325124,0,730
326915.198598,375502.446913,0,730
326743.631129,375575.883937,0,730
326815.057016,375638.53908,0,730
326516.101418,375612.514074,0,730
326802.904256,375535.159442,0,730
326886.473367,375679.35827,0,730
327073.880848,375614.081046,0,730
326945.747409,375712.724846,0,730
326567.473924,375454.893296,0,730
326679.752177,375662.463222,0,730
327071.279487,375553.290012,0,730
327009.407813,375712.668371,0,730
326797.755985,375665.249337,0,730
327007.033392,375584.048746,0,730
326549.541693,375644.594106,0,730
326719.241696,375589.328975,0,730
327011.09545,375523.334748,0,730
326867.356899,375496.440706,0,730
326924.875274,375576.997898,0,730
326665.364403,375460.64338,0,730
326720.244122,375530.031083,0,730
326833.990289,375599.335315,0,730
327066.019753,375537.156547,0,730
326765.973772,375476.780722,0,730
326814.079687,375651.749872,0,730
326788.934913,375483.690071,0,730
326605.067168,375483.198489,0,730
326864.773661,375662.862038,0,730
326662.757495,375450.956595,0,730
326600.338207,375508.893282,0,730
326593.312467,375612.046948,0,730
326825.703917,375682.807434,0,730
326667.323505,375635.883188,0,730
326745.469882,375650.636997,0,730
326987.1343,375707.1988,0,730
326740.406538,375641.893955,0,730
326848.89764,375640.922892,0,730
326573.797217,375487.250233,0,730
326780.473453,375685.189812,0,730
326756.293501,375610.236379,0,730
327025.002154,375718.880745,0,730
326778.789095,375535.500543,0,730
326566.33568,375637.594075,0,730
326910.863869,375595.901248,0,730
327101.354584,375642.652409,0,730
326720.124316,375646.582593,0,730
326728.987457,375616.735078,0,730
327086.581364,375740.152141,0,730
327087.15995,375696.420733,0,730
326923.885279,375670.560947,0,730
326857.136983,375651.307973,0,730
326642.555879,375655.971255,0,730
326611.116633,375431.064447,0,730
326685.28907,375520.299639,0,730
326983.982323,375630.757321,0,730
327091.419247,375558.089397,0,730
326955.380451,375642.36249,0,730
326778.271207,375560.398074,0,730
326949.631865,375608.230729,0,730
326621.342706,375532.932083,0,730
326923.441401,375625.279499,0,730
326896.153756,375524.360108,0,730
326731.360848,375662.78911,0,730
326913.686527,375605.342282,0,730
326696.871809,375680.098521,0,730
326977.201245,375580.494337,0,730
326741.668821,375615.252636,0,730
327053.399996,375575.848963,0,730
327008.455414,375587.191983,0,730
326986.364533,375591.039616,0,730
326992.593049,375601.655694,0,730
326691.967523,375673.861181,0,730
326575.380321,375624.527433,0,730
326727.65466,375584.005752,0,730
327099.123707,375577.354159,0,730
326719.962037,375579.091179,0,730
326655.321175,375639.257592,0,730
326629.536073,375447.282996,0,730
327011.795401,375622.922091,0,730
326556.846368,375501.715166,0,730
326555.45277,375461.164441,0,730
326906.696541,375504.808056,0,730
326922.709505,375567.192056,0,730
326903.078549,375690.194247,0,730
326993.607939,375701.283953,0,730
326743.543603,375697.27156,0,730
327013.188984,375522.96785,0,730
326881.96767,375675.073107,0,730
326841.53165,375619.890598,0,730
327075.574497,375567.548105,0,730
327041.495145,375664.342255,0,730
326631.182174,375451.623077,0,730
326938.510211,375700.317598,0,730
326844.576298,375527.660886,0,730
326631.724949,375653.783005,0,730
326756.944804,375670.909018,0,730
326796.194469,375520.543546,0,730
326915.347326,375707.142074,0,730
326756.269088,375528.859543,0,730
326936.848397,375689.298784,0,730
326878.317938,375662.562644,0,730
326798.463153,375671.353301,0,730
326669.666445,375461.504364,0,730
327056.8216,375641.234011,0,730
327108.069372,375592.833097,0,730
326597.331695,375617.529321,0,730
326706.617987,375588.978567,0,730
326967.898148,375722.343916,0,730
327030.347259,375715.275656,0,730
327018.780395,375631.300106,0,730
326761.371936,375504.094625,0,730
326996.041582,375526.102676,0,730
326688.534266,375487.593034,0,730
326695.905971,375464.44945,0,730
326927.51611,375643.276063,0,730
326966.636104,375517.466956,0,730
326581.758637,375566.634712,0,730
326557.259077,375478.063093,0,730
326969.176513,375589.117582,0,730
326846.640148,375580.103057,0,730
326604.512715,375593.488023,0,730
326879.358902,375594.514288,0,730
326949.893664,375663.179998,0,730
326815.349767,375701.320837,0,730
326850.081887,375503.814824,0,730
326700.782721,375481.308181,0,730
327019.932746,375575.576054,0,730
326922.974303,375549.519292,0,730
326649.529773,375480.093578,0,730
326998.024657,375720.575977,0,730
326673.663375,375534.581937,0,730
326939.526237,375539.757106,0,730
326602.012987,375590.991816,0,730
326683.504646,375621.461678,0,730
326961.189141,375614.765667,0,730
327073.465604,375700.10416,0,730
326597.992793,375555.190222,0,730
326595.660258,375578.604662,0,730
326726.097846,375676.773994,0,730
326934.485809,375712.359562,0,730
326946.311911,375597.954536,0,730
326908.682148,375648.119618,0,730
326744.174779,375547.715703,0,730
327075.547449,375562.630039,0,730
326579.450591,375479.177671,0,730
326739.762957,375629.209159,0,730
326778.009404,375540.558504,0,730
326703.163533,375628.231297,0,730
326742.284176,375504.156458,0,730
326804.837089,375547.064539,0,730
326807.575424,375571.253264,0,730
326684.047125,375644.437508,0,730
326593.977703,375528.694932,0,730
326944.201638,375558.626114,0,730
326710.302589,375651.231515,0,730
326562.646772,375500.745935,0,730
326942.884311,375591.699536,0,730
326840.792084,375646.071617,0,730
326988.19555,375678.324375,0,730
327108.850117,375671.239444,0,730
326658.654242,375682.193251,0,730
327044.780891,375725.904251,0,730
326630.450005,375593.037655,0,730
326815.649728,375650.093344,0,730
326548.982429,375611.415767,0,730
326892.082726,375701.423811,0,730
326663.572058,375500.407563,0,730
326673.004894,375598.230311,0,730
326741.792654,375471.425999,0,730
326809.483906,375640.440888,0,730
326680.432052,375664.41467,0,730
326655.060169,375594.527015,0,730
326855.36197,375641.578115,0,730
326897.07104,375551.683722,0,730
326913.34134,375612.6092,0,730
327102.35742,375615.737574,3,730
326884.751487,375522.007031,7,730
326971.893197,375689.374644,8,730
326914.939117,375572.804835,12,730
326935.213866,375713.245446,14,730
326939.021307,375537.809282,16,730
326855.633807,375655.142134,18,730
326919.126409,375523.740162,29,730
326857.09017,375637.597511,33,730
326762.799452,375676.969045,35,730
326957.694488,375555.129026,36,730
326718.346796,375513.586187,38,730
326872.17371,375640.962919,46,730
327050.9202,375532.372646,48,730
326587.200491,375662.289628,54,730
326903.496804,375535.273304,62,730
326856.546737,375691.365034,64,730
327054.030934,375582.095819,69,730
326684.188413,375644.585814,82,730
326587.200491,375662.289628,85,730
326589.618684,375513.227751,90,730
327059.5355,375576.856288,99,730
326834.365779,375628.750375,103,730
326828.545271,375651.472531,107,730
326948.995078,375713.739035,111,730
326765.061256,375553.412186,116,730
326570.327938,375650.10836,119,730
326756.00951,375683.744902,122,730
326585.462089,375586.464497,124,730
326607.182207,375461.432709,126,730
326767.470048,375564.992451,128,730
326765.145078,375563.483039,130,730
327008.932898,375648.981422,132,730
326814.708897,375589.706217,136,730
326598.515705,375482.731256,151,730
327038.428153,375607.291192,154,730
326739.057468,375598.724498,156,730
326714.664883,375493.901045,158,730
326833.826608,375554.312891,162,730
326928.558368,375615.626325,166,730
326697.738569,375543.473374,167,730
327082.279231,375591.820208,171,730
327011.381006,375571.845906,173,730
326638.198102,375442.065425,178,730
326747.702099,375479.084596,179,730
327017.865692,375692.845816,180,730
327033.990858,375593.385358,182,730
326856.625236,375550.818286,183,730
326938.456631,375549.976233,184,730
326995.65705,375700.377386,190,730
327017.865692,375692.845816,191,730
327095.85972,375732.859895,192,730
326585.368288,375672.619915,199,730
327033.455984,375697.219665,210,730
326818.478775,375534.82251,212,730
326957.203027,375546.767323,222,730
326964.951474,375602.733026,223,730
326720.152142,375581.199219,224,730
326663.245754,375466.738237,234,730
326971.893197,375689.374644,241,730
326872.17371,375640.962919,243,730
327060.532585,375707.262712,245,730
326642.647048,375466.980138,252,730
326798.023834,375538.767816,256,730
326767.287976,375626.522282,274,730
326765.061256,375553.412186,276,730
326792.615291,375592.650834,277,730
326844.341982,375507.536589,281,730
327035.168234,375621.997923,282,730
327044.328327,375648.943762,292,730
326973.059357,375617.152057,294,730
326884.751487,375522.007031,298,730
326913.721903,375547.5336,308,730
327084.878518,375695.066303,316,730
327084.878518,375695.066303,318,730
326765.061256,375553.412186,319,730
326798.023834,375538.767816,339,730
327058.58775,375604.406234,342,730
326557.878771,375471.028849,361,730
326697.03419,375677.513816,365,730
326792.615291,375592.650834,376,730
326722.626065,375501.904176,377,730
326999.182075,375659.687724,383,730
326773.297769,375476.031847,384,730
326900.373107,375557.963316,385,730
327122.595594,375584.442265,388,730
326857.791276,375594.577063,392,730
326925.08288,375640.795247,408,730
327099.615235,375680.038839,415,730
327099.503291,375644.303115,419,730
326755.987409,375528.745538,421,730
326848.272902,375572.012679,422,730
326857.791276,375594.577063,426,730
326960.703013,375654.806807,433,730
326844.254914,375502.823267,435,730
326615.162324,375602.092197,436,730
326955.945862,375623.498307,438,730
326939.578409,375531.516946,440,730
327099.615235,375680.038839,441,730
326921.473454,375715.213346,452,730
326594.717836,375664.859662,454,730
326868.165109,375545.12601,462,730
326618.389582,375442.592051,465,730
326643.798427,375630.715513,469,730
326900.373107,375557.963316,471,730
327102.828174,375626.551171,472,730
326615.856883,375611.891768,476,730
327054.030934,375582.095819,480,730
326918.677932,375673.521615,482,730
327081.006448,375566.363747,504,730
326914.136964,375601.352313,507,730
326857.09017,375637.597511,510,730
326576.844325,375588.809003,518,730
326631.334371,375621.454868,521,730
326872.17371,375640.962919,526,730
326533.005616,375580.972983,527,730
326527.32909,375639.081668,531,730
326644.225195,375471.908341,532,730
327008.793144,375547.911702,539,730
327056.430588,375725.389071,542,730
326822.43647,375540.163886,544,730
326913.695542,375592.627389,545,730
326662.388852,375636.814582,549,730
327054.030934,375582.095819,558,730
326815.896551,375614.469229,565,730
326775.46878,375504.532723,567,730
326862.83958,375509.36151,570,730
326926.007263,375703.274347,579,730
326880.635878,375602.345879,596,730
326868.165109,375545.12601,601,730
326553.885988,375589.136663,602,730
326690.878538,375509.935729,604,730
326600.927971,375615.786252,606,730
326857.09017,375637.597511,617,730
326573.930357,375532.399179,618,730
326667.750026,375466.032706,619,730
326797.768943,375582.090346,621,730
326641.123986,375512.389592,623,730
326675.001272,375495.232945,628,730
326868.165109,375545.12601,632,730
326622.010249,375503.362993,634,730
326648.113919,375551.13983,637,730
327070.507439,375709.837058,651,730
327102.35742,375615.737574,662,730
326847.985771,375486.453696,666,730
327095.85972,375732.859895,669,730
326794.828136,375644.155812,677,730
326997.026006,375660.86866,696,730
326520.780321,375613.832476,704,730
326755.987409,375528.745538,718,730
326774.918732,375657.543683,719,730
326868.165109,375545.12601,723,730
327021.623084,375568.172283,728,730
