331552.192661,380140.800074,0,99
331403.61394,380221.353539,0,730
331404.110867,380181.575488,0,730
331604.93183,379949.963984,0,730
331565.446745,379977.60662,0,729
331500.080227,380278.157763,0,730
331646.347166,379948.66076,0,730
331434.745262,380099.56847,0,590
331539.111092,380198.75017,0,682
331642.622311,380084.707573,0,730
331528.149509,380253.172302,0,561
331519.875299,380185.171643,0,730
331374.257655,380182.340378,0,730
331578.414252,379975.142005,0,730
331631.635955,379931.135368,0,730
331626.931296,380101.193497,0,730
331514.079798,380111.947546,0,545
331731.710871,379945.680124,0,730
331630.615963,380136.985599,0,730
331549.65488,379998.150242,0,450
331468.829955,380150.257909,0,730
331572.910155,380196.082684,0,30
331475.214135,380071.888702,0,730
331598.400275,380046.693896,0,486
331492.601081,380207.441612,0,498
331477.906097,380127.480416,0,683
331514.584821,380231.244235,0,167
331464.579726,380256.795727,0,343
331436.901085,380190.446225,0,414
331677.1281,379910.805149,0,730
331501.608611,380058.900423,0,730
331487.995255,380042.890359,0,730
331506.366477,380145.960163,0,730
331369.868738,380178.420298,0,730
331456.299963,380122.783025,0,35
331615.164113,379968.53358,0,697
331472.718097,380230.881131,0,730
331614.887799,380088.841088,0,646
331575.668211,380090.141483,0,146
331671.043887,380009.034688,0,730
331508.222338,380192.653541,0,440
331572.330317,380077.834304,0,93
331554.580891,380003.517129,0,730
331656.530786,380007.948099,0,730
331343.039554,380223.489429,0,730
331686.620718,379962.042015,0,730
331509.792034,380204.297854,0,723
331576.395275,380112.709356,0,730
331517.724793,380132.207347,0,183
331403.444258,380147.042288,0,730
331505.270788,380088.400758,0,730
331476.8725,380195.244226,0,604
331508.16508,380101.902831,0,730
331662.095239,380022.347729,0,250
331547.607379,380116.518117,0,188
331276.933002,380223.23057,0,730
331695.925179,380034.794002,0,390
331406.814837,380203.110153,0,730
331467.01894,380075.091447,0,573
331595.197989,380159.973718,0,455
331546.407692,380253.429613,0,178
331283.419272,380213.449465,0,277
331621.406525,380102.091611,0,730
331751.068933,380006.636135,0,525
331498.744487,380131.497385,0,730
331516.863068,380157.412402,0,245
331651.237962,379955.771567,0,730
331474.552997,380223.51283,0,730
331534.792403,380202.790987,0,730
331556.76546,380267.302736,0,730
331679.081474,379910.620601,0,135
331460.147653,380270.496687,0,689
331475.527884,380049.065636,0,730
331653.958092,380043.654885,0,730
331392.697947,380217.99361,0,730
331376.199289,380207.320392,0,730
331494.19653,380170.881657,0,730
331471.454079,380218.154825,0,568
331427.640196,380256.055075,0,730
331498.181554,380037.059852,0,730
331558.01404,380044.221691,0,730
331709.601402,379981.097524,0,730
331667.018606,380038.923281,0,730
331438.388267,380214.590983,0,730
331650.177339,379975.638289,0,320
331703.589976,380042.094413,0,664
331256.793048,380225.225173,0,104
331462.021661,380154.156841,0,525
331570.126491,380098.376194,0,730
331376.734855,380150.939951,0,730
331319.263518,380235.409548,0,730
331536.857758,380114.977233,0,264
331627.654712,380141.604211,0,730
331627.321295,380113.753731,0,730
331524.286228,380232.529917,0,730
331458.330305,380230.790981,0,730
331546.180018,380073.129666,0,730
331657.390363,380005.337642,0,730
331518.009979,380163.793721,0,730
331567.60063,380174.619333,0,730
331733.459208,380034.087075,0,136
331415.635772,380259.25582,0,730
331317.14969,380205.519424,0,40
331737.411323,380011.261687,0,730
331602.916425,380008.697917,0,302
331574.452538,380090.560092,0,730
331696.688065,379960.526318,0,730
331493.920777,380265.095946,0,572
331578.701459,380000.469072,0,730
331467.477712,380251.493694,0,46
331590.531207,380226.886831,0,730
331603.109043,380205.329165,0,225
331458.473554,380103.994808,0,496
331574.719643,380132.405213,0,335
331570.67182,379978.880583,0,730
331514.874577,380061.803821,0,730
331632.264035,380163.119855,0,730
331564.129903,380107.264526,0,730
331434.566905,380111.722865,0,612
331672.849671,379945.184958,0,298
331604.526938,380014.359042,0,730
331548.483408,380160.70503,0,730
331734.444733,380004.055525,0,730
331610.370882,380031.024455,0,718
331752.584185,379998.2246,0,288
331622.374639,379952.174646,0,730
331557.581204,380229.276596,0,730
331394.741365,380145.818807,0,675
331569.098961,380070.34152,0,730
331512.505643,380108.665189,0,100
331251.855351,380233.273295,0,730
331503.39039,380040.363696,0,730
331525.866682,380259.195509,0,730
331522.156563,380219.079488,0,730
331543.89688,380169.966513,0,730
331401.962452,380189.172447,0,730
331387.294131,380161.462989,0,730
331524.222385,380240.007046,0,730
331621.852344,380132.506601,0,730
331516.274659,380023.450485,0,730
331637.221232,380086.09026,0,683
331564.56134,380029.316167,0,730
331510.179348,380235.461584,0,401
331604.576378,380053.171464,0,121
331478.694467,380217.2687,0,730
331508.479694,380034.161172,0,730
331589.669772,380029.280667,0,148
331494.569714,380160.52181,0,331
331643.932028,380052.018101,0,169
331552.725733,380114.677244,0,121
331462.261009,380117.460286,0,730
331682.094093,379931.35537,0,730
331595.946978,380071.890263,0,730
331700.856349,380012.380232,0,535
331429.015764,380135.21661,0,660
331566.638902,380198.590064,0,477
331676.086011,380092.145762,0,730
331494.124927,380081.949316,0,730
331592.832229,379988.67833,0,129
331594.160999,380190.248496,0,730
331547.808849,380070.792883,0,618
331347.670566,380230.515449,0,403
331433.064761,380235.990239,0,730
331709.269249,380067.237364,0,730
331724.189109,380011.219915,0,635
331645.512663,380087.253898,0,730
331650.324342,380061.273319,0,552
331379.682215,380215.631135,0,730
331500.726891,380202.979502,0,730
331619.958803,380113.954908,0,328
331673.428856,379985.31104,0,490
331532.134953,380034.477165,0,730
331588.421426,380187.524083,0,567
331446.962397,380229.920912,0,714
331311.352838,380210.176537,0,730
331405.234416,380110.167339,0,730
331386.592417,380220.057671,0,19
331455.011333,380117.608186,0,431
331588.535526,380062.743815,0,730
331451.616045,380128.364546,0,222
331724.109634,379967.050805,0,730
331672.634144,379911.058036,0,730
331552.078742,380149.230597,0,637
331629.002875,380079.009228,0,639
331426.54258,380260.93783,0,11
331505.583546,380207.540054,0,730
331340.239446,380230.00539,0,589
331583.500098,380225.986467,0,730
331245.522764,380236.038978,0,730
331482.145638,380216.359562,0,627
331584.396005,380022.50614,0,730
331479.432816,380215.449221,0,364
331509.255116,380135.77495,0,631
331601.536311,380160.854298,0,648
331620.002733,380180.561059,0,707
331655.398841,380055.358695,0,730
331505.037676,380220.439641,0,730
331561.94043,380033.482421,0,527
331347.799216,380238.484536,0,730
331610.720097,380072.451635,0,588
331756.087642,380007.314078,0,730
331436.84926,380228.535381,0,531
331606.618967,380059.546964,0,584
331374.776907,380172.479244,0,730
331541.602523,380023.386335,0,730
331302.88301,380227.178281,0,730
331503.834016,380193.428281,0,730
331448.928532,380179.937366,0,730
331369.405254,380168.637651,0,730
331643.561102,380102.79042,0,730
331333.6976,380222.635942,0,629
331456.52416,380067.140338,0,560
331379.245237,380254.843317,0,6
331491.504052,380157.411048,0,730
331550.1574,380250.186447,0,730
331396.466999,380236.262072,0,730
331529.673101,380244.695144,0,522
331674.460187,379951.768482,0,730
331473.380571,380098.690532,0,712
331645.391348,379931.318502,0,730
331466.717647,380204.923637,0,730
331548.039918,380080.767434,0,651
331703.539475,380036.548215,0,730
331332.346319,380230.069459,0,730
331471.274345,380109.203257,0,251
331657.22735,380023.243224,0,550
331540.716122,380277.498412,0,669
331302.439267,380231.441098,0,730
331692.37888,379890.150879,0,513
331548.026914,380027.956093,0,460
331655.248662,380008.135057,0,443
331408.326797,380245.978785,0,730
331541.600565,380148.2993,0,229
331559.713076,380142.833081,0,730
331671.800113,379937.50565,0,725
331512.768002,380061.627777,0,730
331488.546648,380262.773507,0,730
331602.899335,379968.553704,0,622
331596.190076,380213.227086,0,730
331470.115361,380188.376433,0,730
331727.028052,379999.208001,0,730
331633.327787,379952.410629,0,730
331510.407429,380030.506514,0,566
331541.338099,380132.035993,0,427
331706.025485,379918.231361,0,553
331610.638505,380166.354826,0,730
331728.888082,380054.077049,0,169
331749.923447,380026.678387,0,730
331366.453517,380238.256845,0,498
331513.486859,380135.690777,0,198
331592.237673,379965.734545,0,472
331601.022643,380120.143848,0,1
331566.139699,380174.64601,0,730
331762.223557,379986.610272,0,181
331619.652058,380126.662706,0,730
331485.699054,380271.483675,0,78
331623.47417,380052.246524,0,730
331444.616898,380227.613758,0,730
331711.684593,380042.253484,0,282
331605.257724,380090.071297,0,362
331428.760611,380153.358257,0,730
331514.901942,380132.71162,0,730
331580.164902,380179.184478,0,716
331542.104077,380272.337455,0,715
331525.081662,380152.462887,0,730
331568.132119,380107.999111,0,730
331328.620554,380216.930833,0,730
331622.237531,380172.233709,0,730
331400.12474,380228.408186,0,316
331400.065547,380148.922484,0,528
331671.701678,380046.224189,0,730
331613.643062,379962.405346,0,227
331668.755138,380041.063337,0,442
331727.054274,380015.315911,0,730
331327.508073,380242.248329,0,730
331309.958679,380246.392055,0,730
331711.653657,380039.31809,0,730
331621.092307,380078.80767,0,730
331749.293933,380017.835677,0,730
331478.428681,380073.767477,0,730
331531.223506,380128.352065,0,730
331689.837973,379996.95067,0,176
331587.373553,380047.00525,0,730
331327.373333,380228.252257,0,494
331523.496918,380180.906328,0,196
331631.605192,380045.935408,0,447
331637.989245,380090.942469,0,730
331532.479981,380153.904464,0,730
331508.215788,380264.579881,0,730
331437.461402,380241.146637,0,730
331635.075323,379987.459432,0,634
331483.063332,380088.47802,0,5
331691.763965,379889.35873,0,387
331524.271226,380040.990569,0,730
331729.205377,379992.533824,0,730
331635.026716,379981.251469,0,374
331451.540104,380268.113058,0,730
331590.278765,380126.647747,0,98
331598.927624,380160.551305,0,340
331648.773681,380074.86219,0,358
331559.495488,380019.290536,0,87
331610.305454,379985.619375,0,730
331407.090143,380260.999374,0,730
331552.790372,380194.057218,0,451
331536.508581,380239.314972,0,701
331479.746577,380138.991558,0,730
331665.268069,380081.389058,0,730
331553.144752,380130.436658,0,730
331453.169176,380267.259427,0,730
331732.543531,380048.856272,0,427
331363.446673,380166.412857,0,730
331328.554308,380233.273475,0,730
331457.595391,380190.544632,0,730
331632.058063,380034.539817,0,453
331450.534245,380119.545516,0,589
331568.751027,380004.846955,0,619
331594.51917,380142.901298,0,730
331254.904365,380224.375212,0,681
331703.734097,380017.036628,0,553
331456.28612,380106.721665,0,730
331572.159562,380033.549462,0,419
331624.39894,380107.167858,0,730
331498.088458,380046.503746,0,730
331508.151692,380190.009394,0,426
331491.217056,380168.959659,0,730
331390.5236,380203.91635,0,590
331577.91812,380061.982202,0,499
331630.536091,380128.051825,0,730
331359.365199,380223.629274,0,167
331706.46709,380026.142673,0,548
331482.761143,380071.116963,0,404
331372.366622,380172.604806,0,730
331428.665392,380084.610065,0,608
331498.943997,380078.45213,0,578
331357.068568,380191.13776,0,730
331606.97769,379981.877343,0,571
331627.910948,380042.406787,0,730
331491.116699,380236.451516,0,730
331545.790876,380019.512682,0,730
331331.086044,380191.116509,0,730
331432.529419,380093.595659,0,730
331477.855663,380122.831121,0,730
331455.892999,380215.583233,0,126
331695.48971,379903.592279,0,730
331576.886772,379995.26905,0,406
331565.159371,380158.782232,0,730
331604.152405,379977.068918,0,690
331648.222147,379976.681736,0,730
331542.946995,380172.083545,0,730
331744.152942,379973.81691,0,728
331726.558265,379983.907388,0,729
331655.432858,380090.620138,0,730
331600.239773,379994.636767,0,730
331426.951741,380160.989539,0,730
331398.889156,380236.318994,0,730
331700.995209,380074.364061,0,730
331619.252347,380155.175107,0,334
331726.590761,379950.897918,0,582
331557.651489,380257.496045,0,730
331525.302733,380080.24424,0,653
331615.989277,380180.399425,0,688
331483.069721,380104.569141,0,730
331381.493473,380227.368707,0,432
331422.924989,380140.186777,0,730
331573.785918,380215.087376,0,88
331667.448707,380076.581497,0,357
331684.83748,379884.891006,0,371
331616.558707,380130.709716,0,329
331534.582248,380017.184547,0,730
331492.387428,380126.558274,0,730
331548.397882,380276.724584,0,730
331614.590674,379982.527983,0,710
331437.670499,380135.703819,0,730
331669.055042,380112.989671,0,358
331610.287138,380112.364484,0,730
331645.565798,379994.151171,0,529
331648.495447,380121.294744,0,515
331691.338216,380080.837808,0,730
331561.344567,380180.914214,0,730
331732.017834,380034.613573,0,586
331411.691056,380096.6669,0,730
331388.824253,380181.897135,0,730
331432.149839,380118.18955,0,641
331390.358794,380259.802241,0,730
331356.411412,380205.577912,0,479
331639.932936,379967.689533,0,363
331530.262416,380163.565561,0,730
331660.598529,380102.774015,0,463
331479.840236,380064.755067,0,730
331538.161489,380284.363736,0,174
331568.868967,380180.452807,0,730
331750.145106,379983.750528,0,495
331527.008296,380195.16288,0,702
331527.999234,380263.428978,0,660
331659.052189,380077.286739,0,444
331553.492337,380052.888343,0,547
331644.236233,380019.372336,0,367
331530.772865,380127.163128,0,730
331370.668137,380251.559519,0,730
331381.24033,380252.83603,0,730
331632.411798,379926.297988,0,41
331525.357868,380152.482154,0,722
331653.834237,380078.930377,0,603
331736.452217,379978.136865,0,730
331582.653124,379994.585267,0,678
331574.476146,379982.11154,0,730
331299.576314,380211.951421,0,730
331609.784056,380012.073444,0,730
331343.835554,380241.115927,0,730
331575.106754,380072.192612,0,669
331545.100139,380045.767841,0,730
331714.485401,379981.816841,0,542
331485.644027,380111.35851,0,474
331660.936373,380083.486942,0,730
331393.197725,380142.376877,0,730
331430.568759,380122.080484,0,730
331560.126098,380146.002492,0,730
331608.722864,380134.105142,0,730
331438.966146,380095.628114,0,730
331521.231467,380064.643218,0,179
331489.765251,380253.780651,0,115
331417.791037,380113.100575,0,595
331687.147202,379972.639366,0,509
331646.658867,380097.255889,0,730
331521.043491,380230.719099,0,570
331675.72583,379980.362229,0,273
331432.889443,380250.926684,0,730
331674.037891,379892.005259,0,458
331482.361272,380245.386629,0,700
331459.121107,380217.193902,0,663
331545.511762,380018.721473,0,383
331423.81012,380212.612799,0,730
331668.970775,379905.848007,0,730
331432.237604,380134.50632,0,538
331585.672998,380061.913172,0,730
331400.549221,380184.424654,0,730
331391.141296,380123.146616,0,730
331284.670486,380201.108695,0,730
331465.870662,380072.041686,0,337
331382.017411,380190.958,0,730
331326.896489,380230.668695,0,730
331541.749746,380218.621035,0,730
331359.363653,380240.025238,0,730
331594.742462,380077.173866,0,35
331490.53044,380234.758348,0,730
331574.820411,380130.881212,0,730
331743.035834,379971.801367,0,730
331692.525526,379952.274593,0,336
331495.332906,380248.591518,0,633
331450.777534,380124.943526,0,730
331536.518324,380168.352373,0,730
331507.446095,380089.64357,0,730
331459.474035,380228.593019,0,558
331640.052382,379973.373198,0,730
331578.917098,380201.159657,0,730
331456.554323,380174.786799,0,730
331420.649289,380126.454178,0,116
331620.366767,380170.58673,0,199
331375.378465,380142.67481,0,452
331531.446002,380220.071713,0,730
331597.918936,379959.326498,0,730
331725.310183,379940.23459,0,347
331477.073622,380139.136204,0,730
331623.466869,380142.355331,0,730
331268.833466,380227.42421,0,730
331656.147499,379978.124463,0,511
331453.884704,380263.391438,0,730
331687.627133,379989.92538,0,730
331652.2485,380131.891108,0,730
331509.468134,380264.233789,0,730
331565.663151,380182.550267,0,730
331629.917276,379941.181236,0,369
331564.164244,380177.005348,0,507
331738.92857,379977.326526,0,730
331442.836228,380204.624446,0,730
331534.017563,380242.541383,0,297
331695.602091,379899.494299,0,459
331747.040053,380030.53185,0,730
331646.306223,380070.766262,0,730
331480.436146,380198.901273,0,730
331543.585997,380102.781809,0,165
331557.403164,380166.283384,0,730
331726.357624,379982.814099,0,730
331680.543359,379966.90263,0,321
331539.655548,380051.477427,0,709
331375.23633,380230.047281,0,730
331558.188258,380218.868237,0,730
331710.474125,379946.748009,0,730
331430.874311,380260.230893,0,591
331275.44866,380221.751525,0,583
331606.629168,379972.696979,0,409
331622.173589,380085.396351,0,730
331447.456877,380112.705046,0,730
331376.032595,380129.658152,0,236
331620.823792,379998.009744,0,179
331298.835547,380223.040906,0,730
331319.083492,380219.635403,0,542
331592.842484,380132.343617,0,730
331580.101319,380240.503212,0,155
331644.874974,380015.028033,0,730
331722.691357,380035.558587,0,346
331624.5228,380042.797419,0,730
331584.530338,380203.874088,0,730
331637.713904,380143.712212,0,730
331456.360661,380145.700131,0,730
331396.192143,380258.606193,0,730
331436.954556,380161.332874,0,456
331601.907043,380164.591015,0,730
331542.007599,380248.300963,0,730
331428.990791,380127.539705,0,730
331456.035285,380219.259188,0,730
331434.675938,380178.438628,0,256
331673.143616,380108.26563,0,730
331521.237246,380188.891913,0,426
331530.760199,380261.847041,0,730
331533.0977,380063.723167,0,730
331476.487679,380080.506464,0,730
331632.360827,380115.292807,0,155
331702.077779,379974.13859,0,379
331673.008436,380101.798163,0,730
331673.149792,380069.593849,0,730
331487.805443,380083.497605,0,118
331583.115175,380197.298553,0,503
331557.990142,380106.818675,0,730
331295.708587,380192.048026,0,137
331599.962084,380136.294796,0,730
331379.816155,380205.730884,0,671
331475.703884,380242.03976,0,730
331642.011398,380031.668296,0,189
331285.250737,380199.784188,0,730
331692.789136,379909.547992,0,730
331739.229889,379961.461858,0,448
331586.032367,379965.382687,0,730
331589.315613,379996.253117,0,730
331662.754299,380077.228263,0,102
331372.075204,380162.88412,0,730
331607.671128,380046.942545,0,730
331602.30869,380119.861554,0,730
331271.122399,380222.78661,0,662
331490.557045,380064.476571,0,730
331729.237354,379959.736542,0,147
331551.439012,380207.926364,0,324
331452.982024,380129.005762,0,375
331303.818067,380196.688777,0,706
331629.900314,380032.300799,0,513
331610.93863,379956.878653,0,636
331336.38664,380172.20928,0,60
331278.32618,380219.533501,0,730
331493.10489,380043.518663,0,226
331576.153369,380123.357316,0,730
331548.52529,380210.631002,0,244
331594.369395,380014.06764,0,730
331592.236418,380186.209621,0,730
331494.493692,380157.446508,0,93
331675.762109,379909.27555,0,435
331686.089894,380084.779877,0,730
331450.691815,380213.6109,0,730
331473.944488,380117.716427,0,730
331678.157824,380008.028226,0,730
331414.572604,380169.279859,0,730
331699.746384,379898.128781,0,225
331561.885647,380097.425189,0,465
331692.322625,379956.245967,0,14
331655.391378,379952.424211,0,192
331752.782782,380024.256113,0,730
331696.164421,380014.991843,0,730
331523.026415,380206.025873,0,730
331612.4247,380166.015232,0,682
331448.755793,380188.270125,0,730
331690.169413,380027.309567,0,511
331479.231561,380132.933471,0,730
331504.190018,380126.038879,0,63
331557.763225,380127.810737,0,730
331504.205912,380041.9665,0,249
331454.361665,380153.585704,0,730
331687.642214,380000.314362,0,596
331541.228756,380221.89335,0,730
331439.700898,380129.275754,0,469
331468.043435,380226.850998,0,730
331643.887527,380115.878848,0,64
331627.221793,380107.113673,0,730
331474.802894,380159.022286,0,730
331687.136443,379989.756436,0,730
331558.38747,380163.457017,0,730
331343.683581,380221.599735,0,594
331549.197893,380148.688573,0,351
331665.324462,379933.733603,0,331
331500.934317,380093.99059,0,730
331685.441294,379898.923241,0,730
331387.452805,380240.91245,0,448
331569.778717,380237.553416,0,354
331424.984019,380094.478755,0,322
331558.678145,380209.938109,0,546
331597.263395,380177.059374,0,730
331713.92104,379994.967151,0,730
331462.087193,380262.347147,0,730
331423.999946,380184.746413,0,215
331533.171409,380236.157144,0,349
331500.32632,380057.045045,0,730
331520.674945,380255.555602,0,730
331501.201651,380200.376896,0,666
331460.353305,380119.907243,0,39
331673.197551,379893.049261,0,730
331527.205973,380137.769766,0,678
331565.395115,380245.441387,0,730
331587.856678,380144.923819,0,730
331357.040656,380171.829297,0,730
331606.412666,380155.137681,0,624
331626.226814,380132.602473,0,730
331425.958597,380199.636521,0,730
331661.85167,380105.658737,0,730
331490.16626,380115.745539,0,394
331404.067246,380204.561411,0,730
331364.749562,380227.593523,0,558
331491.668153,380171.475163,0,730
331522.849418,380083.203168,0,730
331579.38885,380112.07046,0,730
331539.224808,380181.473429,0,372
331677.000663,379992.078136,0,631
331421.3925,380189.610929,0,730
331265.157805,380231.831415,0,676
331264.735423,380212.857207,0,90
331441.970925,380208.49275,0,730
331670.544587,379957.166175,0,730
331386.846314,380120.434401,0,730
331448.243746,380088.094053,0,730
331581.779237,380070.177957,0,730
331433.011777,380202.04962,0,327
331515.91603,380043.983508,0,65
331558.778034,380235.548392,0,562
331688.738421,380062.856126,0,611
331507.188578,380046.901419,0,626
331369.49889,380157.791546,0,730
331593.020468,380204.416106,0,639
331566.589444,380037.350118,0,730
331408.81438,380141.109797,0,730
331617.198366,380138.260596,0,730
331281.325295,380199.944966,0,730
331511.06536,380204.43309,0,201
331502.892401,380141.816948,0,730
331618.57604,380115.826648,0,730
331408.009994,380252.868834,0,114
331483.641472,380240.658822,0,46
331544.036059,380185.55514,0,182
331550.514839,380274.233637,0,730
331488.514885,380132.861933,0,535
331636.081038,380000.436547,0,582
331604.668909,379965.582514,0,730
331717.428482,379970.202271,0,326
331459.93236,380178.352172,0,533
331592.461087,380186.397555,0,628
331291.176675,380197.628418,0,598
331529.415658,380209.44643,0,730
331431.296517,380127.194627,0,237
331522.993571,380248.514587,0,412
331547.545651,380090.418035,0,655
331488.226802,380098.780721,0,730
331527.092918,380179.164907,0,730
331547.192767,380216.949701,0,84
331379.662072,380228.185998,0,730
331375.713765,380201.675542,0,730
331446.890445,380204.532078,0,691
331324.956464,380175.963931,0,211
331604.872777,380153.889141,0,730
331463.306702,380079.615681,0,730
331689.144745,380009.382708,0,717
331391.697756,380210.866706,0,730
331691.098185,380026.67315,0,730
331579.841236,380141.758405,0,730
331577.344073,379993.317857,0,315
331436.372845,380179.554299,0,721
331516.157721,380090.469151,0,730
331519.432181,380087.885129,0,730
331714.952411,380048.094114,0,730
331605.214693,380033.213179,0,730
331634.869288,380067.220438,0,54
331605.660598,380185.104847,0,730
331535.663918,380126.93654,0,730
331306.409514,380192.022229,0,622
331691.450523,379904.793454,0,485
331353.494073,380221.038334,0,730
331642.491603,379937.607742,0,730
331654.807357,379956.990249,0,413
331494.601745,380130.355755,0,234
331573.357645,380236.55104,0,628
331457.780222,380238.022001,0,730
331642.752783,380138.439939,0,730
331616.022968,380100.365629,0,730
331407.042288,380111.133241,0,477
331623.137555,380145.09196,0,74
331562.727237,380107.050315,0,730
331535.410311,380234.195112,0,730
331443.887355,380146.745536,0,305
331597.977399,380031.162466,0,275
331324.32106,380190.011552,0,730
331622.225043,380176.841946,0,730
331688.496297,379916.789959,0,730
331407.568385,380178.253984,0,382
331469.146677,380235.421427,0,464
331716.626717,380004.173816,0,218
331438.76851,380097.113116,0,730
331506.132123,380129.120025,0,730
331452.732691,380083.468416,0,730
331487.584587,380107.983026,0,730
331415.656258,380149.923724,0,388
331581.969985,380058.354114,0,479
331691.173739,379942.08998,0,605
331704.009608,379963.456851,0,417
331457.244189,380259.338512,0,730
331700.29113,379964.769144,0,730
331514.239039,380066.085119,0,730
331421.933632,380135.018098,0,730
331484.181458,380066.236831,0,730
331579.198569,380025.213281,0,476
331439.918331,380103.935511,0,730
331609.770555,380156.447862,0,229
331631.03633,379932.137385,0,484
331591.585385,380019.928289,0,730
331699.746587,379952.959445,0,264
331493.295155,380091.500215,0,730
331705.361646,380039.445109,0,533
331333.674422,380184.412336,0,490
331551.589069,380086.72894,0,147
331453.949932,380150.054425,0,576
331692.566109,379947.987272,0,69
331321.978995,380224.905522,0,303
331557.384693,380254.037874,0,544
331540.252016,380142.945249,0,236
331715.009851,380060.791894,0,507
331393.981878,380199.958983,0,730
331677.102628,379927.519838,0,489
331333.627596,380185.343114,0,730
331708.591229,379916.798843,0,730
331682.837965,380092.627449,0,730
331734.735686,380005.218005,0,730
331505.829236,380269.297559,0,730
331482.25065,380255.340088,0,730
331636.062274,380064.783211,0,692
331383.671557,380126.31611,0,1
331592.848146,380200.772319,0,730
331280.993173,380212.819154,0,730
331727.150457,379971.914327,0,730
331622.113382,379981.913062,0,730
331588.229955,380209.085886,0,180
331724.100771,379926.720101,0,191
331623.838347,379966.554004,0,144
331472.46483,380218.834178,0,409
331462.112012,380270.291497,0,332
331612.576143,380069.465186,0,103
331557.900543,380116.606902,0,730
331719.062794,380010.141132,0,730
331366.823367,380148.500334,0,730
331437.429567,380212.599138,0,730
331641.548767,379970.716719,0,519
331453.858768,380195.607021,0,730
331528.125568,380166.41986,0,730
331525.260439,380137.876649,0,730
331519.3175,380268.132049,0,730
331699.076295,380032.582076,0,207
331582.496055,380058.125081,0,730
331672.797258,379907.383937,0,730
331564.032219,380219.666983,0,730
331492.567831,380267.127927,0,602
331439.355111,380228.978041,0,82
331311.532058,380240.187799,0,640
331634.227089,380095.998148,0,694
331426.348369,380215.599818,0,672
331541.40865,380211.274816,0,267
331672.005571,379923.100283,0,730
331492.580122,380199.740375,0,730
331649.35439,380088.938688,0,523
331558.045203,380238.120664,0,730
331480.209351,380272.311213,0,681
331638.152795,380058.335217,0,257
331509.264329,380150.684926,0,371
331440.614717,380208.187174,0,86
331691.04934,380014.301899,0,730
331379.969326,380198.955279,0,637
331679.033562,380058.135901,0,730
331572.403407,380220.425466,0,730
331727.086733,380010.21662,0,730
331665.354721,380025.548436,0,730
331666.751882,379967.060741,0,730
331269.426104,380238.753611,0,265
331600.740461,380002.415424,0,258
331369.342356,380226.607246,0,634
331615.635172,380167.511431,0,312
331324.640971,380210.180168,0,730
331315.656306,380213.59182,0,730
331477.254939,380245.288406,0,730
331568.854831,380176.36408,0,141
331649.844905,379921.596778,0,730
331563.435494,380182.530612,0,635
331642.310458,380063.071733,0,605
331564.117385,380205.19531,0,220
331529.037088,380244.161356,0,730
331734.691628,379942.002456,0,565
331499.700997,380154.98878,0,438
331450.929056,380266.659616,0,318
331596.755083,380154.026467,0,730
331705.556839,380066.218244,0,139
331662.460049,379967.124919,0,730
331545.833777,380096.105265,0,730
331385.152186,380138.691212,0,730
331601.5269,379954.288949,0,730
331306.682296,380210.341798,0,730
331521.927144,380221.611054,0,730
331350.065851,380231.410027,0,730
331691.828459,379997.044569,0,510
331710.777003,379955.833978,0,730
331495.054201,380177.541653,0,209
331460.791278,380228.547953,0,124
331519.141083,380190.048506,0,633
331710.135198,380068.447946,0,730
331577.348165,380226.734991,0,292
331650.509711,380141.207254,0,713
331358.493078,380243.334549,0,425
331369.854009,380207.767411,0,56
331569.525472,380040.8373,0,730
331670.096774,380005.627557,0,92
331398.530367,380260.465924,0,435
331465.731395,380206.968013,0,357
331455.91055,380081.776223,0,96
331536.350361,380269.955705,0,730
331438.081499,380093.595699,0,730
331281.052471,380206.359031,0,730
331733.776112,379970.572386,0,730
331595.67478,380024.447355,0,730
331610.534645,380160.156501,0,730
331752.743261,379979.447758,0,16
331652.162394,379914.740412,0,730
331480.088454,380271.390222,0,494
331557.270436,380184.968056,0,707
331451.5529,380126.873426,0,526
331558.582024,379999.52643,0,730
331449.376214,380169.727834,0,730
331718.305921,380047.265574,0,449
331545.209182,380074.443646,0,418
331555.504796,380164.274419,0,69
331551.378026,380001.299903,0,730
331516.207007,380074.198512,0,730
331677.105687,380015.923126,0,606
331455.219823,380120.363046,0,730
331553.679506,380221.974322,0,685
331369.437468,380211.927371,0,504
331611.762786,380079.919063,0,730
331449.786535,380151.511065,0,61
331433.783784,380245.062539,0,730
331556.544562,380131.970307,0,34
331455.624682,380248.060248,0,482
331718.76018,380043.50204,0,343
331525.494652,380084.90037,0,730
331322.926814,380221.062163,0,153
331559.234048,380003.890764,0,730
331679.246116,380000.327185,0,397
331636.139108,380088.985979,0,730
331486.144365,380273.408391,0,501
331456.872422,380106.47679,0,500
331626.322089,379976.941686,0,730
331521.91214,380187.946081,0,307
331485.988738,380112.625382,0,665
331524.523686,380196.640798,0,730
331442.80396,380141.370518,0,730
331541.667266,380274.812645,0,730
331346.590526,380184.671461,0,730
331377.960329,380195.723694,0,95
331490.888545,380044.164633,0,268
331548.719318,380137.497657,0,730
331583.490373,379967.349631,0,702
331561.94702,380028.297728,0,260
331715.636737,380034.11829,0,373
331454.444249,380225.738192,0,730
331556.652138,380162.659273,0,45
331730.256674,379995.239142,0,730
331676.01892,379949.048463,0,730
331620.511196,380035.341074,0,730
331549.728234,380188.209711,0,730
331701.364279,380040.703626,0,520
331667.54403,379981.19524,0,320
331556.417993,380117.101308,0,273
331418.966553,380094.943387,0,730
331382.402068,380254.735784,0,491
331404.88015,380158.14403,0,255
331729.033501,380015.176436,0,551
331358.801492,380223.404385,0,676
331401.223459,380126.558546,0,730
331649.772182,379925.34133,0,360
331469.316722,380154.124038,0,64
331348.85257,380171.134497,0,309
331543.860075,380204.997061,0,253
331350.867076,380191.501231,0,77
331446.12119,380086.412351,0,341
331263.75449,380226.880786,0,730
331518.294888,380112.436215,0,366
331676.349929,380024.169554,0,620
331462.396323,380233.692825,0,730
331669.967134,379958.22381,0,261
331598.116261,380085.859925,0,730
331686.373527,380032.655888,0,376
331580.431897,380239.46079,0,730
331681.014324,380037.825844,0,730
331366.502152,380224.650723,0,599
331593.089125,380022.388217,0,730
331609.476542,380115.66466,0,730
331438.820221,380247.739476,0,730
331628.447625,379928.043423,0,730
331364.273135,380198.14443,0,730
331548.375646,380127.350458,0,730
331642.257514,380073.093743,0,730
331773.013897,379994.471605,0,730
331337.306951,380237.15417,0,315
331443.415023,380161.853918,0,459
331577.064174,380209.446466,0,730
331641.662132,379973.768639,0,730
331686.259266,379983.990522,0,730
331416.767846,380108.346007,0,163
331656.061282,379938.273475,0,698
331655.926614,379922.350073,0,730
331418.519857,380164.666678,0,311
331530.959881,380108.214319,0,730
331481.105648,380159.052719,0,730
331529.660655,380167.661469,0,730
331369.480769,380208.99997,0,730
331590.386837,380165.670502,0,464
331469.508244,380268.024869,0,289
331501.061052,380100.371307,0,670
331559.030305,380255.079148,0,730
331336.369105,380171.046264,0,563
331440.336026,380100.086839,0,730
331590.610872,380205.257612,0,730
331418.195835,380113.932355,0,730
331725.924674,380030.61739,0,730
331416.967001,380133.711521,0,625
331676.94171,379923.9171,0,178
331494.317367,380121.951424,0,428
331691.972014,379890.292356,0,730
331417.103144,380138.057572,0,730
331584.385988,380033.700699,0,730
331449.607364,380098.51977,0,51
331445.400839,380124.619387,0,611
331608.545384,379992.059879,0,730
331407.217799,380244.213076,0,567
331744.947121,379956.971872,0,672
331394.287702,380170.02699,0,305
331579.737733,380217.358765,0,730
331494.358267,380109.609179,0,730
331277.109924,380221.28157,0,730
331547.86573,380070.170391,0,730
331335.492153,380170.909236,0,730
331630.524737,380114.854336,0,238
331374.750197,380227.015275,0,730
331609.802845,380139.776467,0,730
331575.420445,379976.453667,0,730
331722.172036,379953.447258,0,730
331517.416434,380040.20834,0,688
331611.544932,380160.62225,0,730
331543.861804,380183.755593,0,661
331628.466038,379964.874911,0,49
331661.391092,379961.463304,0,730
331569.443157,380229.583798,0,730
331505.067439,380212.761918,0,730
331578.783359,380188.019556,0,730
331586.171783,380200.53003,0,730
331605.679766,380090.953557,0,730
331507.895544,380231.644601,0,125
331715.657835,379942.348625,0,600
331747.777837,380001.536117,0,730
331289.990032,380225.953927,0,663
331570.507723,380189.21012,0,521
331383.447768,380187.086085,0,417
331781.15522,380002.055924,0,730
331550.172866,380243.164655,0,330
331710.148302,380068.164179,0,108
331582.631627,380082.674486,0,695
331658.642694,380074.979346,0,110
331552.750863,380255.785202,0,730
331696.687028,380019.493733,0,730
331477.208928,380147.963919,0,730
331639.991892,379938.527884,0,730
331501.551545,380260.79621,0,730
331469.590826,380243.761357,0,497
331528.037897,380263.720265,0,730
331708.882125,379963.362526,0,122
331397.578934,380253.422961,0,127
331370.741133,380168.328105,0,654
331591.459997,380118.459379,0,441
331605.971618,380135.953737,0,730
331626.341655,379935.127239,0,629
331668.834673,380050.182051,0,380
331383.60452,380166.561504,0,730
331728.114054,380001.840661,0,730
331502.713469,380170.550928,0,730
331595.890778,379993.431031,0,730
331428.142529,380234.591805,0,730
331348.830942,380198.613994,0,730
331638.059605,380080.187944,0,532
331454.666767,380232.48571,0,730
331597.715838,380128.002246,0,532
331534.755249,380027.69943,0,392
331712.756236,380062.752482,0,730
331662.351685,379908.561295,0,730
331335.272042,380232.924335,0,730
331336.890527,380217.641117,0,359
331712.190602,380070.915258,0,730
331616.122675,380123.627399,0,730
331514.647575,380233.550934,0,701
331437.932224,380109.09559,0,301
331401.558481,380111.872208,0,730
331454.9826,380105.356982,0,730
331669.327007,379975.371628,0,730
331481.872807,380235.743622,0,730
331586.478879,380233.659683,0,730
331569.130619,380148.682674,0,539
331637.579819,380098.763585,0,730
331771.080763,380001.536453,0,679
331312.196183,380177.240743,0,400
331530.382957,380251.86798,0,163
331530.354997,380021.310383,0,730
331618.493534,380169.088613,0,730
331575.383419,380151.953523,0,206
331486.418865,380107.126163,0,613
331699.386189,379944.475494,0,730
331411.97212,380134.919048,0,730
331736.822292,380021.132208,0,730
331529.480465,380261.508622,0,730
331535.694752,380079.110493,0,569
331330.255497,380196.021278,0,214
331533.553871,380081.925779,0,538
331504.270628,380178.055123,0,730
331402.884129,380128.566145,0,699
331643.361075,380141.079659,0,592
331514.312555,380221.538289,0,718
331573.403876,380095.104956,0,730
331556.700062,380217.434692,0,730
331552.076723,380099.164964,0,374
331578.728492,379993.165848,0,300
331608.292054,380069.449808,0,730
331355.317175,380247.830276,0,730
331403.269588,380251.382946,0,730
331374.926421,380181.156071,0,730
331384.319882,380212.115838,0,730
331479.338089,380089.703882,0,730
331574.439987,380016.011213,0,730
331692.053106,380040.516822,0,453
331561.584031,380159.927443,0,730
331575.62528,380132.550198,0,574
331508.111166,380133.834017,0,348
331624.858914,379934.798098,0,730
331546.708954,380276.011569,0,117
331496.171028,380272.305181,0,730
331519.385744,380017.021078,0,189
331640.519069,380022.922792,0,384
331613.66034,380167.901508,0,730
331670.579303,380103.1766,0,115
331766.784959,380008.477259,0,730
331601.499981,379974.455225,0,328
331442.768288,380267.229962,0,730
331467.791092,380159.878445,0,652
331253.616015,380230.004426,0,373
331413.118473,380240.006752,0,730
331612.434777,380152.343889,0,730
331495.396487,380252.978316,0,730
331503.467216,380042.307422,0,680
331397.921806,380245.489274,0,730
331749.382851,379959.809493,0,730
331686.332015,379998.123655,0,657
331319.938187,380226.374345,0,480
331546.012717,380033.724984,0,684
331340.884878,380217.520752,0,353
331555.355369,380136.251224,0,499
331640.007959,380106.326245,0,730
331684.259231,379888.268099,0,109
331647.069135,380094.102659,0,730
331570.857428,380182.208479,0,730
331544.098025,380285.078397,0,434
331612.625635,379977.800856,0,430
331670.233728,380098.167754,0,600
331571.695487,380243.296187,0,730
331740.730215,380036.04052,0,730
331332.99972,380196.648983,0,730
331470.13631,380154.199837,0,730
331463.957023,380159.452715,0,730
331572.038861,380222.214621,0,730
331607.876234,380100.62496,0,436
331565.930241,380234.121333,0,193
331616.848038,380168.08498,0,346
331702.293111,379922.914758,0,730
331339.039648,380231.710076,0,730
331667.882323,379945.24422,0,730
331424.580679,380116.936786,0,365
331673.011466,379974.348676,0,709
331593.685056,380162.9938,0,730
331463.512127,380112.422873,0,123
331702.62932,379933.321953,0,156
331519.105779,380243.333101,0,212
331394.997492,380220.079479,0,730
331615.151351,380075.50032,0,730
331703.975081,379903.272348,0,547
331684.121032,379916.181331,0,730
331309.62915,380187.410508,0,730
331540.441453,380188.736598,0,241
331557.063138,380076.168172,0,730
331607.3531,380206.464752,0,730
331681.893034,380028.440898,0,730
331594.958293,380039.426703,0,312
331615.130535,380097.398383,0,730
331578.851106,380183.619372,0,231
331715.781292,379986.232962,0,474
331352.622813,380181.337614,0,730
331293.939635,380211.178712,0,83
331553.626217,380153.80352,0,531
331593.857837,380097.659453,0,386
331373.220913,380149.753493,0,71
331475.501252,380053.072021,0,418
331688.736904,380064.553375,0,278
331387.623189,380126.471598,0,730
331397.828504,380140.600365,0,322
331730.02873,379979.67702,0,662
331484.363627,380167.958425,0,699
331504.044823,380248.036367,0,730
331409.246646,380245.4167,0,352
331757.456033,380009.305224,0,213
331556.489683,380148.148212,0,615
331443.337142,380090.027687,0,120
331685.891932,380056.689364,0,195
331494.710271,380055.968948,0,730
331745.902374,380014.866377,0,704
331445.981702,380122.82622,0,730
331642.696891,379954.965045,0,730
331668.965325,380046.181118,0,730
331668.92182,380058.69421,0,36
331543.551094,380223.342154,0,730
331742.062653,379978.740754,0,50
331441.064214,380166.106263,0,276
331500.006004,380039.332392,0,730
331572.918495,380124.578413,0,143
331558.215587,380080.328192,0,27
331595.579301,380177.357221,0,52
331268.776749,380215.101347,0,730
331536.349949,380245.912495,0,730
331345.230914,380180.096688,0,730
331457.314299,380265.441513,0,730
331483.507736,380269.560305,0,730
331422.095156,380203.191985,0,730
331419.227014,380237.904583,0,730
331676.023053,379935.666801,0,641
331468.285988,380081.163628,0,730
331625.783466,379936.427466,0,730
331707.460952,379936.428652,0,730
331517.626345,380086.608121,0,184
331585.022612,379993.786472,0,730
331573.029084,379995.780125,0,610
331690.731021,380073.203537,0,730
331671.087368,380001.785934,0,730
331586.737075,380163.381068,0,3
331728.665926,380001.8941,0,730
331667.188724,379940.641172,0,730
331590.221863,379962.210195,0,730
331676.020728,379895.231103,0,606
331571.968836,380116.486549,0,730
331533.951904,380112.443035,0,730
331683.706389,380080.713041,0,612
331305.423155,380240.621116,0,730
331501.287398,380137.004383,0,650
331631.865022,380017.638192,0,730
331611.296603,380102.408811,0,730
331681.634238,379999.045529,0,594
331507.28828,380131.450996,0,259
331549.165835,380195.384416,0,530
331385.318939,380241.710278,0,566
331577.952583,380210.310343,0,47
331404.045641,380247.673902,0,730
331517.381699,380126.21764,0,700
331499.436944,380157.205989,0,314
331591.764183,379987.084875,0,111
331398.266916,380177.072448,0,668
331666.883757,380086.920159,0,651
331490.994007,380109.372673,0,151
331463.052425,380117.301939,0,416
331658.254399,379935.726689,0,730
331685.84873,380002.168126,0,33
331556.117582,380042.557008,0,730
331513.688163,380052.712545,0,659
331614.807734,379942.921319,0,580
331518.192199,380205.771276,0,730
331541.068858,380164.259142,0,730
331716.684088,380017.328021,0,730
331459.73398,380231.13011,0,730
331707.27075,380049.736919,0,44
331451.698536,380233.260331,0,730
331668.328444,380055.253778,0,730
331677.944818,379900.649971,0,539
331480.803419,380083.238911,0,691
331610.499435,380015.984853,0,730
331412.761103,380101.866736,0,461
331514.933023,380163.031227,0,422
331302.217934,380204.877963,0,730
331448.119338,380114.311292,0,488
331599.402709,380105.559416,0,730
331755.685013,380021.738564,0,730
331659.249529,379933.519673,0,243
331532.936907,380171.941427,0,730
331516.878674,380105.82564,0,730
331411.989673,380256.7461,0,235
331683.243992,379921.797798,0,730
331610.196426,380163.046611,0,91
331690.300715,379906.52642,0,214
331539.737156,380156.382437,0,730
331484.070123,380176.237073,0,730
331590.209503,380186.62139,0,730
331690.850465,379984.409878,0,671
331609.507685,380045.335927,0,97
331335.762715,380205.429887,0,658
331484.497339,380234.476406,0,730
331291.469817,380241.637375,0,730
331632.752155,380001.055553,0,730
331695.870816,379962.504059,0,730
331395.400034,380217.322807,0,730
331601.359888,380141.182195,0,402
331593.753129,379984.198657,0,730
331278.236282,380205.297471,0,106
331470.344615,380138.1596,0,667
331562.369788,380220.798449,0,730
331245.323476,380238.717273,0,124
331548.387234,379991.031768,0,161
331605.499322,379951.880586,0,730
331507.101477,380232.910573,0,82
331472.687696,380174.22085,0,730
331705.023417,379971.666432,0,581
331701.624296,379934.784947,0,730
331706.646837,379929.193771,0,223
331456.341043,380081.037884,0,15
331653.736558,379937.023901,0,730
331712.049362,380022.026584,0,692
331329.605353,380222.689041,0,730
331317.04424,380179.141984,0,505
331479.482352,380088.376211,0,423
331405.158919,380143.860025,0,673
331632.178982,379937.968849,0,575
331512.11942,380080.725874,0,730
331443.068814,380202.093093,0,730
331639.784079,379972.2448,0,527
331428.832042,380265.313932,0,487
331736.417982,379999.460578,0,730
331683.025388,380039.750498,0,564
331401.516901,380261.339782,0,25
331333.578201,380200.832076,0,599
331707.954271,380056.425117,0,730
331629.660803,380002.092518,0,101
331636.8598,380139.199604,0,439
331592.395743,380062.974087,0,695
331503.335903,380120.812822,0,730
331374.672817,380232.393676,0,730
331359.434605,380183.609201,0,730
331431.41879,380161.562668,0,730
331465.080226,380256.75565,0,483
331511.306889,380242.661051,0,159
331582.270902,380235.327607,0,404
331507.571425,380122.440261,0,430
331530.43043,380035.24836,0,730
331681.368901,380100.251548,0,730
331526.875878,380197.201885,0,397
331340.571325,380220.988722,0,730
331618.648885,380040.555595,0,730
331367.15086,380200.74563,0,730
331500.154337,380222.387908,0,730
331445.316432,380168.034369,0,655
331389.991216,380214.398112,0,360
331508.020498,380084.37025,0,487
331460.735176,380143.510985,0,451
331509.804543,380258.63625,0,730
331381.247507,380258.60045,0,730
331493.774832,380168.172318,0,730
331411.647042,380155.095506,0,304
331518.468386,380191.492735,0,730
331514.72139,380038.320628,0,608
331621.17566,379977.114194,0,505
331547.190024,380134.376868,0,730
331493.818059,380074.575074,0,730
331562.469559,380047.334181,0,730
331669.313804,379983.556308,0,730
331679.235787,380084.635396,0,8
331683.617959,380092.396228,0,730
331535.41493,380020.918859,0,132
331441.441442,380092.373397,0,522
331643.896635,380043.527988,0,730
331698.825064,379903.147372,0,730
331598.89441,380095.134142,0,730
331579.324088,380102.470357,0,730
331630.594086,379967.228006,0,224
331658.742161,379956.282015,0,727
331597.761273,380180.567002,0,667
331414.485527,380124.494745,0,730
331509.937063,380251.457624,0,665
331724.037563,379993.190593,0,730
331377.439294,380146.492831,0,730
331534.67959,380155.444554,0,617
331460.881175,380243.322826,0,730
331490.637743,380090.032337,0,391
331414.595706,380130.546787,0,730
331586.495392,380078.159653,0,203
331752.349917,379980.861951,0,730
331647.515248,379951.149447,0,329
331596.078893,380067.794421,0,623
331472.841207,380109.710775,0,607
331369.095978,380181.647418,0,730
331552.699231,380231.447067,0,730
331622.521418,380071.830409,0,137
331665.702684,380000.976127,0,601
331630.315442,379970.907088,0,730
331640.501027,380063.420961,0,283
331635.829641,379979.069188,0,730
331704.901011,379943.256131,0,25
331495.949032,380191.781652,0,730
331439.527009,380156.82039,0,226
331546.88951,380091.824651,0,208
331509.075398,380095.801394,0,730
331369.70551,380254.780837,0,730
331535.74326,380094.170284,0,730
331440.41767,380118.156897,0,730
331396.123278,380193.230234,0,730
331381.675024,380230.784027,0,295
331358.9376,380203.496784,0,84
331413.70582,380185.085702,0,730
331681.583501,380059.40605,0,424
331538.526912,380072.781239,0,730
331435.71565,380167.981178,0,730
331272.080411,380229.586414,0,708
331485.033748,380086.770396,0,730
331663.959813,380112.424992,0,730
331507.16137,380264.267441,0,450
331444.36874,380130.026958,0,730
331603.391978,379978.342489,0,730
331624.999248,380131.875667,0,703
331614.915512,380131.792545,0,730
331382.742375,380174.337829,0,730
331388.473614,380136.73851,0,730
331427.628583,380194.559505,0,393
331700.027818,379913.466771,0,270
331550.856359,380098.74966,0,730
331708.082907,380065.471989,0,446
331449.160214,380191.300365,0,730
331323.641657,380197.552185,0,204
331662.495169,380088.782061,0,140
331598.032923,380113.14269,0,730
331318.284018,380238.320909,0,730
331309.408102,380223.734301,0,730
331592.157045,380079.723948,0,730
331466.29606,380065.644141,0,730
331607.762557,380001.908263,0,454
331599.796814,379969.538367,0,730
331521.100779,380047.83247,0,730
331494.099854,380233.532975,0,730
331672.355059,379934.632952,0,730
331491.653701,380107.592784,0,424
331480.678737,380107.43142,0,444
331391.200136,380137.651073,0,730
331427.615617,380236.196435,0,730
331630.366134,380060.665685,0,411
331547.671512,380078.480792,0,730
331541.021793,380161.55946,0,730
331537.370349,380064.236045,0,484
331594.942568,380021.664061,0,730
331748.220168,379992.915661,0,449
331613.750842,379940.693942,0,730
331582.517413,380024.832137,0,730
331538.4148,380176.872514,0,586
331569.037658,380020.121691,0,730
331382.815308,380237.070477,0,730
331376.5374,380194.983909,0,730
331646.550432,380045.836728,0,677
331689.858889,380045.779628,0,730
331474.843925,380130.743187,0,616
331508.779176,380277.957682,0,300
331546.787449,380202.476718,0,475
331514.169314,380183.746464,0,516
331520.296076,380030.527642,0,219
331508.422315,380164.434738,0,730
331604.22551,380102.73,0,460
331452.001636,380136.510762,0,730
331705.18123,380000.708942,0,730
331359.253414,380156.050332,0,395
331618.824782,380033.710652,0,730
331334.557584,380244.197404,0,53
331536.122269,380142.067207,0,730
331672.503545,379904.168171,0,630
331556.807079,380159.713859,0,303
331631.485443,380031.040427,0,730
331347.933361,380242.616186,0,730
331597.291308,380046.62901,0,721
331441.985124,380082.798726,0,730
331485.526165,380108.100576,0,377
331586.364096,380191.933135,0,730
331601.997461,380132.624946,0,730
331628.121737,380085.184158,0,730
331400.298739,380176.833842,0,534
331312.341291,380241.913952,0,730
331353.10232,380153.376292,0,730
331652.471851,379979.222913,0,730
331440.854321,380204.435356,0,730
331629.600541,380100.132891,0,304
331622.093777,380146.105227,0,195
331545.822242,380253.148537,0,85
331502.801743,380137.191332,0,568
331625.092099,380071.974603,0,730
331545.921048,380166.88465,0,730
331523.803745,380036.227547,0,730
331657.807611,380123.193445,0,520
331586.774103,379978.417984,0,730
331601.524091,379982.361768,0,730
331741.867185,379949.163037,0,730
331447.964666,380070.583171,0,730
331593.266359,380192.847596,0,636
331653.55995,380006.068799,0,730
331586.67079,380210.343529,0,730
331357.755147,380188.291361,0,471
331547.215029,380087.114946,0,730
331464.23942,380114.3722,0,730
331664.318302,380000.157865,0,730
331549.72193,380007.983177,0,730
331484.94357,380251.849027,0,22
331718.850073,379972.93453,0,730
331708.155847,379985.059027,0,730
331584.919229,380108.119945,0,730
331685.67721,380063.219035,0,730
331583.759551,380022.94009,0,293
331686.55093,379967.211935,0,730
331526.863498,380080.074007,0,730
331388.515084,380207.340349,0,63
331673.983488,379950.904239,0,730
331482.98634,380223.255174,0,730
331592.099273,380213.5973,0,302
331758.061168,380019.865976,0,730
331574.765295,380224.443759,0,719
331704.390877,379958.980979,0,728
331514.486269,380023.284404,0,730
331499.005748,380077.366837,0,295
331611.656134,380108.369827,0,730
331634.512436,380070.514472,0,574
331476.079925,380163.069753,0,500
331710.166442,379977.868801,0,730
331721.628423,379981.477554,0,730
331430.004762,380161.681234,0,730
331773.229008,380004.865723,0,7
331689.306395,379897.42654,0,377
331547.496384,380127.497691,0,355
331591.553043,380104.933799,0,730
331360.132585,380226.387798,0,266
331481.394708,380164.420793,0,730
331407.343663,380209.837802,0,632
331509.380954,380265.781945,0,730
331484.948191,380252.710546,0,730
331548.821861,380022.049654,0,730
331481.368134,380269.550629,0,730
331732.16081,379978.058467,0,281
331633.904036,380158.866802,0,730
331616.471317,380146.058184,0,685
331562.995512,380032.556809,0,642
331579.288712,380009.298717,0,680
331693.304465,379995.830405,0,390
331631.731301,380061.230851,0,352
331538.459389,380119.58061,0,730
331716.38215,379954.38433,0,730
331702.474548,379941.661831,0,730
331492.534979,380155.202538,0,593
331606.50017,380004.705007,0,730
331293.036884,380208.157589,0,730
331607.263357,380143.975778,0,613
331710.691187,380054.061722,0,512
331708.233183,379988.357507,0,480
331504.43542,380102.291312,0,730
331531.366406,380122.967507,0,730
331650.236162,379981.622009,0,719
331591.535607,380173.71669,0,730
331663.953837,379955.084398,0,730
331749.05076,379986.862137,0,730
331631.243038,379990.017707,0,730
331723.105317,380018.924945,0,730
331743.163383,380004.375572,0,722
331451.743235,380267.410421,0,730
331372.674148,380171.63717,0,730
331594.882708,380131.584715,0,730
331650.349789,380113.467797,0,730
331648.613095,380127.277099,0,381
331503.855314,380199.00362,0,730
331583.160363,380236.388723,0,421
331441.285775,380114.455512,0,87
331672.569983,380109.863679,0,607
331530.168939,380214.679886,0,330
331451.111088,380164.202897,0,675
331547.150107,380283.107522,0,730
331571.622884,380139.524947,0,730
331683.586162,380051.198059,0,730
331374.45904,380218.306971,0,730
331589.836642,380066.155881,0,175
331572.418778,379990.085913,0,621
331660.89123,380110.965839,0,537
331639.090441,379972.345187,0,705
331767.544703,380011.344639,0,730
331592.246167,380053.637528,0,730
331292.578895,380219.534401,0,130
331664.955588,379976.000494,0,730
331588.773625,380161.819062,0,730
331498.111893,380175.249749,0,730
331474.46335,380244.342648,0,342
331653.750429,380096.000742,0,730
331730.817374,380049.171247,0,730
331601.260859,380184.450627,0,654
331482.241941,380160.198205,0,730
331410.839418,380097.13503,0,730
331631.334258,380031.299531,0,272
331661.676095,379929.744241,0,327
331679.776926,380037.638861,0,730
331583.961938,380197.369886,0,730
331520.758478,380102.204488,0,730
331420.630037,380164.464205,0,730
331300.915824,380210.249452,0,349
331294.662785,380202.895205,0,730
331520.434162,380156.868406,0,632
331519.862793,380261.908157,0,730
331723.643957,379979.562182,0,537
331555.366839,380150.936627,0,172
331682.71721,380095.870539,0,730
331399.036089,380200.343918,0,720
331316.719591,380227.891411,0,730
331704.204137,379965.4238,0,372
331704.178233,379953.282347,0,730
331447.765266,380184.656368,0,519
331320.216637,380224.030632,0,134
331625.695826,380028.795831,0,727
331574.080817,380076.077911,0,432
331478.876569,380164.451373,0,730
331448.309254,380220.477972,0,559
331548.938038,380172.823123,0,105
331305.934646,380213.682823,0,730
331589.081584,380140.581602,0,730
331355.827275,380186.7481,0,43
331502.856749,380088.026842,0,524
331353.354405,380223.556021,0,710
331440.74037,380247.414601,0,153
331477.662713,380058.995825,0,546
331594.596822,380212.049108,0,433
331614.125982,380049.996346,0,730
331709.385706,379919.147279,0,730
331678.109913,380091.558268,0,670
331369.31682,380240.841078,0,587
331582.232521,380065.786856,0,730
331598.540775,380157.564298,0,730
331433.044455,380185.689066,0,730
331321.114952,380234.069159,0,399
331455.799911,380233.809427,0,730
331494.024365,380164.828318,0,254
331633.433374,380058.861851,0,638
331533.555056,380032.3944,0,106
331405.12533,380185.246619,0,83
331600.777109,380035.077991,0,188
331381.485946,380184.275002,0,730
331494.19527,380116.837629,0,730
331527.52138,380221.521372,0,730
331579.552568,380102.535498,0,653
331635.029051,380158.36178,0,730
331503.374158,380229.324604,0,730
331698.459253,379959.237603,0,429
331352.392895,380170.494106,0,730
331751.398276,379987.354658,0,730
331685.812848,380055.513485,0,128
331645.678069,380095.274361,0,730
331647.98351,379961.141094,0,48
331614.254283,380182.468725,0,314
331635.185949,380062.995503,0,730
331401.330986,380131.457209,0,730
331618.029006,380112.169209,0,730
331426.452412,380220.49125,0,468
331669.459715,379940.814928,0,393
331362.57997,380158.075309,0,621
331542.943429,380064.273963,0,75
331672.346406,379962.919078,0,730
331704.44265,380013.460661,0,730
331378.765289,380228.729076,0,175
331670.932333,379972.322689,0,730
331507.637872,380097.851556,0,730
331637.275078,380155.103366,0,107
331424.851154,380107.895211,0,648
331452.352865,380225.639324,0,117
331494.007231,380136.798963,0,730
331476.757655,380093.551742,0,730
331570.997479,380105.988218,0,730
331699.857793,379945.326699,0,730
331646.056168,380053.258887,0,730
331669.84928,379972.183462,0,730
331478.262933,380125.508163,0,730
331663.249446,379929.441794,0,730
331581.162623,380161.749193,0,730
331613.329631,379954.794465,0,68
331360.21568,380211.72959,0,730
331719.459633,380034.039904,0,609
331470.311312,380073.374018,0,730
331484.671251,380089.060003,0,730
331421.145043,380145.707076,0,193
331407.084096,380253.899159,0,571
331572.668291,380138.453946,0,730
331509.973203,380144.874787,0,289
331279.399867,380224.567632,0,206
331707.679495,379999.507909,0,182
331730.489361,379959.313537,0,588
331406.919155,380221.855449,0,730
331446.078623,380101.613577,0,470
331566.263224,380127.805013,0,730
331523.00722,380144.475964,0,730
331590.906708,380095.046336,0,730
331620.603605,380025.493336,0,730
331345.206278,380244.604657,0,730
331465.209244,380252.490946,0,730
331560.100934,380070.477301,0,20
331267.207718,380222.229588,0,730
331359.768309,380240.385471,0,510
331446.499182,380229.729346,0,730
331614.070081,380121.709363,0,408
331564.238697,380119.448073,0,730
331652.656606,380017.502899,0,730
331641.837802,380039.801478,0,462
331329.092552,380196.163144,0,730
331681.17662,380023.983437,0,122
331636.445886,379970.293163,0,730
331615.823219,379946.898002,0,668
331463.219107,380111.564381,0,730
331500.658315,380059.461512,0,60
331551.378295,380219.939502,0,187
331631.225981,379936.060662,0,730
331604.856735,380173.48907,0,730
331397.245744,380153.340219,0,730
331583.2253,380167.883562,0,730
331385.82379,380188.212622,0,396
331484.003136,380162.918175,0,285
331513.831177,380227.826749,0,148
331359.470649,380238.567633,0,730
331612.198172,380030.317919,0,518
331568.349337,380060.387936,0,687
331398.108297,380118.039955,0,730
331768.345733,379983.75099,0,730
331635.901251,380051.128281,0,730
331688.354042,380060.765771,0,730
331632.980577,380013.670437,0,686
331372.832801,380130.415861,0,730
331628.494847,379934.538085,0,730
331578.625249,380244.175146,0,231
331512.125204,380044.877022,0,92
331626.513537,379988.704368,0,730
331456.66104,380134.343338,0,57
331375.890574,380251.884207,0,180
331567.116639,380006.79047,0,68
331587.334544,380134.251667,0,508
331442.876788,380179.836583,0,268
331317.276209,380185.039077,0,549
331640.787986,380125.928084,0,730
331646.011471,379974.380601,0,730
331605.683193,379996.347576,0,730
331626.127182,380160.981454,0,730
331672.378664,379947.860843,0,616
331571.756555,380249.131573,0,559
331533.328133,380078.257789,0,261
331766.397836,379981.469911,0,172
331306.905447,380185.911361,0,623
331525.835634,380280.541348,0,540
331491.325059,380065.809699,0,398
331480.578548,380256.034487,0,186
331584.794022,380181.274847,0,730
331564.929417,380193.73152,0,730
331583.591666,380053.808021,0,619
331532.340121,380227.312324,0,342
331660.493165,380047.471505,0,730
331492.751091,380192.270266,0,104
331742.569079,380026.73728,0,730
331448.803354,380187.333006,0,730
331372.095851,380208.952107,0,730
331438.860414,380153.872618,0,730
331415.090641,380213.40827,0,730
331383.274468,380160.766738,0,674
331410.894273,380217.738508,0,730
331697.033001,379993.064531,0,492
331496.444946,380171.82676,0,420
331570.649958,379980.146652,0,730
331669.405762,380056.684105,0,730
331646.445865,380026.932185,0,420
331325.268057,380175.162965,0,730
331503.218485,380076.592031,0,730
331542.059128,379996.539586,0,497
331646.609491,380033.090237,0,577
331537.166338,380013.26931,0,730
331407.360133,380127.15163,0,79
331619.479336,380177.947209,0,598
331503.962181,380265.462998,0,730
331503.288814,380163.190387,0,730
331565.9083,380108.969916,0,615
331462.682186,380127.794086,0,690
331665.30683,380078.422635,0,730
331353.462658,380145.657875,0,730
331574.720906,380020.613148,0,154
331667.843039,380084.331271,0,730
331523.855491,380211.123402,0,239
331456.710873,380111.256511,0,293
331414.553348,380209.273259,0,361
331612.270853,380179.393952,0,730
331553.345655,380175.318572,0,143
331562.221896,379995.383653,0,730
331600.219096,379952.414155,0,730
331748.869985,379989.823496,0,431
331482.545862,380108.171887,0,730
331460.64186,380213.98471,0,730
331540.912355,380173.840712,0,730
331408.324064,380236.883697,0,730
331303.312612,380193.587391,0,183
331412.953908,380122.085977,0,730
331466.347503,380143.330252,0,210
331695.49687,379943.115545,0,730
331726.907939,380051.1421,0,86
331671.314309,379957.187284,0,39
331433.1685,380237.020521,0,132
331536.317542,380103.022759,0,730
331708.705179,380002.11102,0,646
331676.581346,380048.571934,0,504
331510.112284,380053.499394,0,730
331319.165829,380229.724104,0,274
331608.110696,379950.212009,0,524
331494.506462,380253.395972,0,730
331758.86378,380001.069633,0,730
331475.153341,380216.392755,0,730
331626.897685,380139.268031,0,514
331615.552498,380073.749077,0,523
331701.234672,379981.155671,0,730
331689.439557,380021.723984,0,730
331580.577915,380088.743267,0,730
331612.739455,379948.754568,0,562
331673.165701,380067.763075,0,730
331719.200113,380049.965384,0,730
331623.12071,379938.426504,0,556
331579.159393,380068.742582,0,730
331288.398991,380225.596769,0,514
331645.870649,379977.736655,0,696
331501.370347,380120.959912,0,730
331485.02195,380086.026849,0,730
331629.006993,380004.16586,0,730
331468.11809,380090.583302,0,138
331479.909892,380049.21978,0,723
331399.621946,380120.282474,0,730
331485.205913,380262.81722,0,724
331540.213321,380125.94126,0,624
331684.331878,380049.626742,0,730
331615.806644,380018.808619,0,725
331378.884039,380237.073227,0,165
331377.797888,380220.064773,0,730
331651.233402,380055.390792,0,730
331462.476899,380265.934891,0,112
331603.00773,380072.472741,0,730
331365.688433,380185.858423,0,133
331310.76503,380231.445131,0,730
331487.222867,380212.301132,0,730
331408.267683,380220.128273,0,730
331679.54647,380019.710228,0,369
331433.68005,380143.692287,0,730
331570.390084,380120.013458,0,576
331526.628925,380064.045683,0,644
331578.936645,380235.801492,0,253
331330.496066,380245.314681,0,730
331503.366202,380189.698249,0,730
331534.450511,380038.426731,0,730
331315.29825,380203.965061,0,502
331739.553016,379999.101521,0,730
331667.519187,379926.310467,0,730
331588.621674,379981.892329,0,730
331520.050071,380085.178578,0,730
331716.948733,380019.610013,0,645
331418.740076,380101.585487,0,730
331366.78565,380194.721994,0,577
331309.778222,380189.824015,0,355
331353.788536,380164.791102,0,156
331749.321549,380028.4085,0,465
331553.170966,380087.519465,0,730
331520.30382,380172.701665,0,730
331681.06617,380045.458339,0,730
331473.291924,380151.95171,0,730
331697.333245,379990.010879,0,730
331706.374486,380039.436699,0,730
331616.006778,380088.898324,0,730
331368.854301,380220.94765,0,730
331554.991788,380145.139954,0,730
331678.269675,379953.5023,0,602
331611.387168,380127.988215,0,720
331403.611024,380150.794393,0,693
331590.113376,380137.786673,0,54
331606.966077,379955.288709,0,398
331496.399615,380153.923608,0,643
331709.408681,380000.104076,0,730
331678.449082,380029.981231,0,470
331666.454127,379925.031882,0,730
331528.597371,380175.517334,0,89
331619.018105,380053.581894,0,266
331737.476962,380012.859879,0,399
331413.03252,380115.121618,0,472
331562.093288,380202.561076,0,730
331696.002167,380017.784611,0,730
331583.574779,380201.186139,0,280
331646.303082,380047.359618,0,313
331346.216367,380222.297804,0,48
331651.070763,380134.779151,0,14
331487.12899,380240.859968,0,730
331353.85018,380195.376032,0,325
331557.936189,380230.175756,0,248
331685.714543,379994.102261,0,730
331715.552279,380040.059055,0,17
331398.471196,380235.797371,0,730
331439.908994,380240.484153,0,730
331461.853041,380058.750458,0,730
331346.873702,380156.390484,0,730
331586.608946,380176.698956,0,658
331519.177036,380147.804643,0,385
331511.153163,380113.39194,0,730
331627.514596,380087.93306,0,108
331457.327268,380135.355126,0,455
331499.977012,380161.100422,0,712
331625.372664,380008.961414,0,730
331541.813322,380125.698967,0,644
331614.550077,380049.678079,0,730
331689.065878,379885.447671,0,626
331698.846414,380030.223589,0,416
331690.316303,380005.227021,0,730
331610.422729,380114.098874,0,730
331626.111524,380082.575227,0,730
331683.717283,380077.908294,0,730
331271.759426,380216.723419,0,730
331355.411857,380171.289908,0,730
331503.588048,380048.479022,0,128
331760.019272,380020.11839,0,587
331432.381084,380260.118048,0,595
331615.49689,380063.676861,0,730
331602.889064,380158.748758,0,413
331363.340024,380138.43732,0,730
331460.95695,380233.485942,0,694
331432.163088,380265.551422,0,730
331498.166366,380069.548077,0,730
331299.687677,380188.365455,0,245
331611.88526,380136.830276,0,730
331518.647289,380176.609441,0,730
331466.742727,380096.995101,0,730
331401.188538,380156.017126,0,730
331487.805064,380224.608799,0,730
331528.747184,380136.089453,0,687
331496.22412,380100.565064,0,501
331558.549127,380226.874714,0,730
331517.230048,380027.714726,0,246
331608.313718,380190.351434,0,730
331616.637106,379999.479481,0,493
331622.60572,380148.083082,0,630
331356.326159,380244.44151,0,730
331499.882682,380237.727164,0,730
331372.548194,380234.965866,0,657
331505.409196,380263.915033,0,730
331753.341571,379978.658157,0,730
331735.699856,379950.385273,0,730
331451.07582,380225.040964,0,703
331568.240552,380056.823254,0,730
331672.588398,379927.084739,0,67
331646.757341,380131.502226,0,730
331442.277412,380085.529585,0,230
331643.846109,379956.807977,0,585
331434.295218,380255.501187,0,209
331650.445138,379980.200265,0,730
331479.013197,380181.822956,0,730
331390.920241,380163.47611,0,730
331552.057711,380063.044721,0,425
331572.897499,379997.277504,0,243
331594.325067,379961.386852,0,730
331563.403176,380261.561033,0,190
331540.842889,380257.00477,0,730
331541.217635,380251.179489,0,730
331564.968492,380145.241326,0,730
331353.006844,380214.158788,0,730
331513.262264,380078.849827,0,730
331501.993251,380049.401227,0,162
331347.053039,380229.382562,0,730
331757.471064,380014.143385,0,730
331453.39837,380102.054614,0,405
331421.372268,380101.107099,0,488
331420.32282,380166.440016,0,308
331584.411409,379975.21965,0,673
331567.344133,380189.648169,0,730
331528.761385,380218.325342,0,730
331476.039889,380247.761875,0,730
331551.381943,380238.317446,0,730
331627.337562,379972.144916,0,730
331636.42764,380017.82001,0,476
331741.929922,379956.352808,0,730
331543.925919,380263.191503,0,323
331646.561995,379954.483025,0,159
331576.889487,380096.234578,0,730
331281.395026,380202.239296,0,638
331457.513834,380111.707187,0,76
331501.129049,380236.241055,0,730
331365.151242,380193.067972,0,445
331580.147246,380001.286178,0,257
331581.490796,379982.04228,0,378
331354.291583,380241.010866,0,730
331336.332497,380180.444925,0,730
331380.87768,380226.40865,0,730
331290.039453,380220.286212,0,730
331522.047727,380198.372422,0,306
331534.122452,380238.946529,0,555
331538.284266,380181.619669,0,536
331537.629754,380228.799473,0,730
331727.462676,379945.339801,0,150
331758.599376,380018.225087,0,730
331600.240753,380144.523749,0,560
331289.535685,380234.78386,0,730
331524.774153,380243.100712,0,457
331592.542129,379958.374091,0,730
331469.672579,380191.332975,0,730
331656.093969,379959.81038,0,730
331725.504587,379993.581138,0,730
331573.371404,380199.204615,0,251
331690.333226,379914.503314,0,482
331339.334559,380169.065038,0,730
331712.100127,380008.639316,0,730
331510.424832,380098.184446,0,730
331565.81385,380143.773269,0,711
331636.382267,380099.530388,0,583
331562.397676,380034.888939,0,238
331370.899743,380223.747492,0,134
331627.786299,379949.718701,0,730
331699.444586,379978.053363,0,730
331326.781209,380225.871823,0,711
331630.415037,380055.401351,0,730
331523.281933,380070.594097,0,730
331562.752364,380205.446375,0,647
331417.326711,380094.859269,0,730
331487.959776,380109.974747,0,713
331585.405123,380096.030753,0,570
331638.280316,380085.234269,0,730
331626.330804,379963.735495,0,730
331595.214317,380088.031795,0,492
331327.379584,380220.058665,0,730
331348.594813,380223.769035,0,689
331348.136801,380246.230443,0,730
331468.143437,380061.504998,0,730
331563.017528,380043.584042,0,730
331461.65812,380197.1275,0,730
331558.759126,380024.802132,0,730
331507.548701,380170.531661,0,604
331526.245744,380196.806757,0,614
331571.060341,379976.129927,0,410
331541.859179,380200.047973,0,194
331535.057664,380190.280686,0,271
331480.175742,380078.360144,0,187
331357.031978,380173.090201,0,730
331544.605636,380056.423298,0,730
331703.186108,379967.48187,0,730
331737.242032,379962.788896,0,730
331664.524618,379963.287647,0,730
331586.479978,380209.624287,0,171
331507.11388,380042.669936,0,730
331571.21114,380215.206313,0,730
331592.261363,379984.268868,0,617
331375.588245,380250.0148,0,730
331468.24615,380176.873741,0,301
331422.194433,380200.065969,0,536
331502.522579,380098.837815,0,730
331549.770916,380275.683893,0,730
331701.274847,379941.675131,0,730
331584.793,380021.92317,0,565
331650.373607,380119.165975,0,714
331554.166805,380135.467134,0,730
331403.684303,380231.524425,0,80
331642.565665,380089.008581,0,730
331651.655076,380073.829751,0,730
331673.256758,379926.832177,0,400
331653.471973,380075.250886,0,614
331546.673909,380194.068883,0,362
331421.621597,380134.352141,0,730
331677.693674,379965.723331,0,730
331328.883531,380201.214643,0,730
331449.935403,380229.157108,0,730
331517.464918,380228.220534,0,730
331480.643994,380187.692834,0,205
331461.462105,380136.750003,0,650
331475.41461,380167.45747,0,258
331420.01995,380097.358789,0,730
331447.266373,380112.369097,0,730
331646.973761,380109.757892,0,730
331677.961383,379894.888104,0,730
331345.918538,380212.563004,0,44
331448.140104,380117.191033,0,730
331490.601517,380213.513103,0,730
331417.416793,380229.735498,0,321
331656.524909,380026.36218,0,730
331632.972378,380100.774788,0,730
331410.192656,380168.615766,0,730
331483.464501,380126.898728,0,730
331477.926429,380223.883743,0,249
331501.973661,380253.188034,0,730
331738.941188,380032.881566,0,730
331360.878497,380154.552424,0,679
331728.458061,379989.163106,0,661
331508.948948,380248.213291,0,730
331590.926414,380021.753848,0,164
331547.395808,380070.870848,0,730
331629.285902,379961.184297,0,645
331651.52888,379974.098736,0,551
331295.53409,380230.512636,0,730
331648.839381,380019.954119,0,422
331712.741314,379939.230138,0,730
331487.03001,380176.834098,0,730
331492.36233,380161.426168,0,706
331664.213689,379902.701783,0,730
331507.647293,380187.415767,0,274
331609.735113,380168.780946,0,232
331588.419739,380079.989541,0,730
331341.921651,380206.846413,0,730
331756.069384,379975.786644,0,730
331357.570354,380198.741302,0,297
331669.748065,379936.022069,0,730
331485.731941,380223.670224,0,290
331551.475338,380091.715062,0,438
331537.920341,380020.283029,0,316
331547.068273,379999.555228,0,730
331517.319347,380144.375267,0,730
331451.249693,380116.719708,0,730
331706.088041,380044.265154,0,730
331537.578034,380261.464247,0,730
331553.21214,380152.538455,0,730
331466.922948,380060.606001,0,256
331409.726083,380105.601889,0,730
331767.740677,380014.456268,0,517
331663.315168,380087.179998,0,730
331596.081008,380104.112381,0,730
331576.462535,380197.726195,0,554
331654.544051,379983.272248,0,730
331673.158184,380093.225388,0,336
331402.60696,380157.22021,0,338
331505.553421,380141.497211,0,730
331728.390289,380039.155791,0,110
331705.052431,380074.658443,0,730
331550.480357,380101.558488,0,281
331342.54399,380226.116879,0,730
331328.53658,380180.917673,0,173
331386.920356,380182.237586,0,380
331381.556352,380165.13045,0,730
331336.124104,380229.51859,0,204
331321.04572,380234.141566,0,730
331563.325577,380205.912113,0,730
331478.453703,380064.80153,0,365
331511.627795,380122.303537,0,730
331429.900182,380259.445276,0,730
331354.76885,380160.234917,0,730
331442.09487,380262.418756,0,730
331619.130699,380171.835217,0,643
331619.649211,380055.865088,0,730
331460.150894,380061.400712,0,730
331581.74946,380207.097581,0,730
331481.957651,380162.419644,0,361
331341.383795,380188.576788,0,493
331546.011178,380178.686988,0,95
331464.83916,380095.575293,0,717
331477.918272,380247.620406,0,730
331649.939904,379919.790588,0,730
331562.142951,380199.741062,0,730
331438.368211,380132.990355,0,726
331392.053457,380159.740784,0,730
331602.582754,380143.686425,0,677
331537.456539,380035.134054,0,730
331647.330584,379999.200868,0,730
331522.740956,380235.239814,0,730
331421.734739,380099.645253,0,89
331692.558845,380037.37545,0,730
331554.856447,380256.85982,0,708
331538.00158,380059.298081,0,730
331636.871599,379972.96421,0,168
331604.467097,380060.559692,0,319
331321.448507,380215.4417,0,285
331566.432069,380098.20721,0,730
331686.726679,380067.111365,0,311
331495.673082,380251.492345,0,581
331572.415548,379992.804539,0,649
331364.072361,380142.107575,0,730
331686.617491,379908.742843,0,730
331621.575744,380088.180975,0,642
331378.235514,380152.507648,0,730
331601.655455,379963.187912,0,407
331589.077266,380115.034257,0,730
331450.55349,380212.339252,0,724
331641.539601,379921.664425,0,575
331590.597832,380171.791684,0,265
331385.739988,380244.885518,0,376
331609.533879,380133.21839,0,94
331614.788489,380049.375857,0,730
331578.35117,380048.895888,0,730
331600.982089,380045.922581,0,564
331572.71506,380039.217681,0,730
331646.750233,379920.363426,0,730
331623.95273,380162.231124,0,686
331371.610891,380212.156333,0,6
331636.470325,380018.554567,0,730
331633.497256,379949.246467,0,584
331623.37394,380148.365546,0,730
331668.806644,379926.033983,0,730
331462.090899,380237.156272,0,730
331492.804188,380244.059923,0,730
331560.346532,380205.335656,0,101
331546.027493,380072.829505,0,437
331354.604349,380250.912691,0,730
331570.958654,379998.129606,0,457
331512.829362,380068.444874,0,674
331386.7681,380219.432003,0,730
331647.039874,379954.701105,0,730
331598.889008,380144.770959,0,556
331682.461385,379935.271625,0,730
331671.358126,380049.748579,0,730
331550.395263,380126.128744,0,730
331540.824936,380210.872385,0,715
331649.118428,379959.440823,0,730
331587.350637,380164.335892,0,730
331694.258865,379975.215785,0,262
331571.02533,380067.916368,0,730
331603.347767,380058.292623,0,730
331705.762247,379987.692658,0,730
331583.609791,380072.959874,0,730
331353.47371,380186.927561,0,184
331354.406296,380147.713445,0,730
331521.579446,380020.708964,0,541
331522.995236,380258.153284,0,730
331685.199179,379929.768092,0,730
331589.750368,380113.643992,0,656
331555.456881,379995.289391,0,730
331438.40179,380176.900745,0,730
331645.569238,380042.147099,0,730
331604.941802,380197.304937,0,730
331500.982908,380178.908765,0,730
331641.521028,380149.764203,0,471
331423.57771,380178.127766,0,726
331480.157709,380223.525323,0,270
331420.145568,380092.832244,0,730
331611.07981,379990.657656,0,730
331537.985328,380209.526041,0,698
331610.605402,379988.085803,0,730
331408.9384,380249.614693,0,730
331575.686389,380055.655094,0,543
331563.724929,380260.19023,0,730
331467.02664,380109.917006,0,401
331671.07512,379967.174912,0,730
331599.687593,380105.009366,0,469
331447.089284,380175.279692,0,145
331591.911611,380115.784458,0,730
331675.348819,380011.898425,0,77
331612.967953,380192.871308,0,730
331457.427267,380175.386479,0,730
331339.827757,380241.785898,0,730
331534.107359,380166.853716,0,730
331465.355114,380227.334126,0,697
331431.902523,380167.849082,0,437
331590.35158,380144.977789,0,730
331662.020199,379915.143209,0,20
331279.67745,380208.684612,0,597
331464.835371,380263.97853,0,730
331592.275052,380062.16009,0,440
331350.875208,380184.9377,0,109
331475.361,380221.483831,0,730
331758.059539,379969.581802,0,730
331649.843743,379920.738042,0,730
331609.286346,380168.983051,0,730
331719.514558,379966.855337,0,730
331703.395477,379991.761419,0,730
331692.879301,380025.909718,0,454
331542.374423,380056.907092,0,730
331700.406597,380056.402921,0,730
331593.343439,380102.883063,0,45
331643.106086,379956.821299,0,403
331330.055452,380171.908671,0,730
331733.412089,380017.924141,0,730
331376.087389,380146.260465,0,70
331483.311049,380157.435771,0,391
331602.18584,380033.910906,0,730
331495.535876,380215.068321,0,473
331547.501324,380243.283544,0,392
331433.663694,380156.963236,0,730
331768.269081,379987.678738,0,730
331647.860437,379927.712563,0,203
331671.927142,379937.944762,0,684
331639.543965,379995.885704,0,730
331572.659772,379977.081219,0,730
331543.275455,380071.088026,0,730
331574.225978,380001.853414,0,552
331404.102385,380210.466421,0,534
331683.345406,380086.622609,0,730
331574.540182,380162.009937,0,11
331588.472437,380075.481436,0,34
331536.933337,380283.761738,0,730
331675.410031,379976.387115,0,730
331658.780135,379987.537285,0,730
331383.960966,380215.961194,0,319
331663.776704,379996.577734,0,382
331361.57325,380155.11591,0,730
331537.618575,380049.556701,0,512
331704.486168,379904.514217,0,730
331518.278208,380197.169355,0,705
331598.414155,379952.67124,0,730
331429.314395,380142.746132,0,730
331673.118569,380015.476452,0,620
331514.156767,380236.114646,0,239
331598.698808,380148.808664,0,730
331268.694036,380210.774687,0,191
331578.126317,380032.196326,0,350
331481.56091,380133.383681,0,625
331632.510508,380060.106137,0,585
331503.061313,380111.430312,0,442
331633.473581,380006.132335,0,704
331558.388983,379992.933681,0,276
331422.737997,380096.062835,0,730
331647.30384,380129.688783,0,730
331669.668447,379916.892708,0,348
331303.860094,380199.353751,0,550
331618.341843,380014.311922,0,730
331567.847107,380090.094413,0,730
331557.384354,380235.541282,0,730
331655.571885,379939.849103,0,199
331573.107666,379983.63293,0,263
331306.796239,380238.966791,0,730
331597.886736,380020.987588,0,730
331579.987852,380058.070318,0,666
331714.891343,379930.126107,0,730
331644.482902,380042.720325,0,730
331608.152135,380082.22191,0,730
331501.847448,380033.894615,0,730
331499.766454,380120.119215,0,730
331403.216984,380204.026569,0,38
331515.915791,380055.172653,0,730
331347.003982,380246.899824,0,730
331489.764425,380047.188703,0,579
331578.136116,380112.843845,0,247
331504.891991,380062.939242,0,730
331703.789634,380036.348876,0,730
331411.452206,380197.603624,0,730
331670.916346,380095.072463,0,730
331500.168948,380093.944921,0,366
331381.642037,380255.011786,0,730
331716.290039,380047.362363,0,730
331393.910402,380187.073988,0,730
331589.32087,380121.188154,0,730
