331802.622902,380761.558583,0,345
331492.241567,380491.086172,0,730
331609.690886,380404.744953,0,730
331567.557789,380444.788399,0,730
331687.309458,380755.807232,0,730
331614.861354,380490.989966,0,730
331828.449687,380696.783125,0,730
331814.224639,380753.549203,0,624
331850.190367,380697.716775,0,638
331565.635394,380385.29607,0,730
331793.378147,380679.764404,0,728
331585.765757,380397.116245,0,730
331690.944185,380779.636299,0,371
331595.343216,380497.099185,0,730
331625.118263,380642.861708,0,154
331664.165803,380702.133516,0,730
331637.021555,380378.476464,0,84
331570.775843,380308.583166,0,286
331607.978983,380619.649439,0,699
331755.453098,380699.735889,0,43
331688.280549,380716.3438,0,730
331743.830037,380614.643854,0,730
331710.537739,380545.590232,0,370
331719.953554,380618.304274,0,616
331612.170618,380489.805182,0,730
331641.51393,380382.126239,0,536
331632.898892,380463.949732,0,730
331766.266933,380607.875522,0,730
331682.005413,380617.556948,0,120
331511.09543,380433.811547,0,730
331573.165647,380583.244562,0,730
331853.952853,380721.497163,0,408
331713.690849,380650.961801,0,730
331782.317681,380760.408106,0,730
331530.345735,380500.069714,0,311
331693.860004,380529.427388,0,730
331721.744777,380659.903784,0,730
331726.216132,380739.139237,0,730
331613.884775,380660.032887,0,730
331761.962674,380711.95859,0,79
331564.435236,380463.118175,0,730
331612.561627,380335.577131,0,730
331655.237077,380533.687408,0,730
331544.61113,380561.445088,0,305
331673.977778,380641.478703,0,730
331542.058645,380358.899216,0,730
331473.870434,380410.521291,0,300
331603.930183,380460.953111,0,730
331600.972464,380444.937321,0,118
331511.054142,380432.183137,0,349
331712.611103,380519.490585,0,730
331693.63318,380511.520556,0,730
331660.915479,380618.197086,0,730
331625.842511,380395.038285,0,730
331588.106823,380303.94849,0,730
331558.539602,380576.933311,0,730
331696.982289,380723.459055,0,730
331744.91991,380595.044457,0,385
331634.144123,380558.517814,0,730
331636.427112,380471.211261,0,570
331668.442074,380745.157914,0,730
331538.661264,380315.905126,0,730
331755.723937,380604.042334,0,522
331790.39597,380692.893288,0,730
331533.371735,380548.063314,0,582
331749.821396,380644.822309,0,730
331592.163168,380453.009578,0,730
331521.151883,380425.594083,0,730
331459.443702,380428.576241,0,548
331557.602678,380537.279191,0,730
331604.991702,380644.739603,0,260
331722.733228,380559.593124,0,730
331631.003069,380441.195074,0,331
331594.466784,380573.239773,0,730
331720.854856,380610.049739,0,709
331534.765606,380498.749109,0,730
331752.140568,380622.794991,0,335
331644.312832,380700.879261,0,730
331674.965005,380532.680628,0,405
331765.875114,380714.769858,0,730
331818.033294,380660.561201,0,639
331705.739759,380786.758788,0,522
331677.460839,380660.909642,0,45
331602.265427,380508.215049,0,389
331809.336742,380706.939933,0,230
331724.255735,380719.699043,0,730
331667.182531,380635.761399,0,730
331548.859739,380339.534353,0,730
331600.461069,380583.821823,0,528
331721.874221,380742.827264,0,730
331718.701551,380557.736856,0,730
331803.396635,380632.531162,0,730
331583.124741,380358.276301,0,730
331642.360039,380484.662885,0,730
331466.558338,380427.205361,0,730
331570.524925,380349.461674,0,730
331553.614812,380335.63033,0,658
331547.733716,380394.301175,0,730
331643.758789,380465.665085,0,730
331622.903465,380401.455107,0,730
331557.597933,380475.334465,0,730
331710.553858,380740.589462,0,730
331565.960725,380502.29194,0,666
331524.406049,380463.522717,0,179
331635.265054,380370.143988,0,730
331643.21435,380468.646258,0,730
331662.27035,380502.920589,0,730
331560.392065,380503.401641,0,631
331683.777839,380551.561654,0,730
331662.482551,380584.037004,0,382
331558.546661,380305.727746,0,730
331728.893627,380566.769501,0,730
331736.091428,380665.435438,0,730
331839.189114,380749.995522,0,730
331781.233663,380680.963617,0,730
331516.904312,380491.780407,0,730
331577.008471,380393.313361,0,730
331649.985641,380460.668508,0,449
331656.360274,380449.175649,0,311
331764.976818,380716.768328,0,730
331690.825778,380705.406413,0,730
331730.657555,380734.62823,0,730
331666.52218,380666.769543,0,730
331619.41603,380630.860775,0,666
331728.556251,380705.95343,0,730
331802.52096,380748.321012,0,315
331610.951475,380656.429909,0,730
331631.18662,380486.333981,0,730
331647.419345,380700.605241,0,222
331501.487684,380501.227143,0,730
331663.591306,380554.646332,0,730
331653.378408,380419.568958,0,312
331674.715445,380605.753722,0,704
331846.7434,380701.866917,0,730
331745.519031,380742.839001,0,730
331586.097271,380514.433968,0,730
331587.802132,380355.862463,0,554
331753.650367,380630.345587,0,730
331800.364041,380664.665838,0,551
331733.562815,380649.903521,0,730
331584.663511,380470.86943,0,730
331522.075662,380440.706267,0,504
331719.894316,380647.1721,0,336
331605.283893,380511.236653,0,730
331580.40521,380486.67965,0,730
331601.658198,380502.94354,0,452
331597.37275,380367.4534,0,174
331831.116684,380707.726749,0,730
331613.990314,380375.92839,0,197
331611.451873,380362.081243,0,538
331567.272663,380321.834151,0,730
331584.271815,380465.707735,0,730
331646.949854,380711.976235,0,437
331818.017976,380668.71774,0,730
331595.547772,380579.045224,0,730
331517.263423,380450.243077,0,730
331649.025447,380499.400844,0,297
331539.264495,380371.059687,0,730
331589.194765,380338.537584,0,259
331594.410485,380561.407004,0,44
331841.711161,380714.083003,0,730
331558.2819,380576.984934,0,29
331498.806505,380438.873875,0,730
331831.95206,380704.12843,0,730
331746.241394,380719.773314,0,730
331776.760547,380618.122679,0,274
331499.289851,380415.38449,0,730
331587.190279,380532.215842,0,699
331643.085207,380457.81361,0,730
331613.0391,380559.26351,0,431
331608.480423,380541.855036,0,730
331520.695279,380478.607976,0,581
331780.738082,380613.186135,0,683
331724.649593,380613.812169,0,539
331682.821378,380642.976351,0,689
331619.23927,380649.239974,0,730
331723.775037,380696.323029,0,730
331684.977125,380595.307974,0,580
331527.601597,380340.033858,0,54
331675.234695,380446.37577,0,527
331703.999085,380491.684952,0,730
331479.764318,380436.218949,0,598
331540.796031,380396.949243,0,730
331627.510812,380649.361397,0,416
331720.629037,380631.20624,0,730
331769.50189,380600.393831,0,730
331679.805495,380638.939018,0,672
331683.641404,380642.439861,0,610
331644.174775,380640.035105,0,730
331493.261615,380465.095609,0,730
331724.347521,380685.23245,0,633
331801.888146,380631.569703,0,730
331679.161978,380720.077894,0,730
331819.304047,380745.019883,0,730
331577.272464,380464.798654,0,730
331679.087693,380452.092601,0,293
331686.859696,380673.57523,0,428
331509.951911,380338.943045,0,730
331676.857295,380594.327634,0,730
331700.080188,380716.653304,0,469
331657.124386,380708.219491,0,82
331726.983451,380768.238046,0,59
331729.670798,380528.392832,0,730
331602.463437,380419.96369,0,578
331658.293175,380610.431899,0,730
331618.644767,380462.970393,0,730
331733.881918,380580.293913,0,730
331522.948303,380471.798775,0,674
331571.240545,380568.945225,0,730
331789.433472,380762.419581,0,730
331670.343452,380754.378335,0,730
331642.397509,380507.144073,0,384
331740.580535,380606.897429,0,730
331588.563713,380326.495666,0,730
331729.877937,380568.721167,0,730
331547.939857,380400.371417,0,480
331663.68134,380715.501126,0,92
331626.745428,380537.179646,0,730
331634.196385,380697.739067,0,730
331809.566303,380660.584183,0,400
331625.957925,380371.706211,0,730
331732.024566,380555.580703,0,730
331638.387254,380701.723428,0,662
331710.182971,380516.250557,0,730
331796.629361,380632.170599,0,730
331596.844999,380565.217071,0,730
331626.457117,380463.50084,0,730
331525.835292,380428.92466,0,730
331724.202144,380730.839497,0,664
331769.158957,380708.039074,0,730
331636.766702,380385.446921,0,191
331588.782204,380562.20166,0,62
331483.333786,380420.768175,0,696
331781.471303,380771.241157,0,83
331595.357103,380384.485174,0,730
331775.168043,380777.495821,0,579
331655.843854,380524.145633,0,645
331707.076026,380609.565423,0,719
331720.179748,380724.229722,0,730
331727.75195,380770.78195,0,730
331553.594939,380413.806031,0,730
331753.473774,380640.640959,0,730
331759.966867,380751.391943,0,47
331757.266858,380584.693165,0,730
331673.937587,380474.232521,0,573
331626.653722,380675.345024,0,44
331820.0306,380728.548048,0,730
331675.694878,380439.221178,0,730
331542.878658,380555.252002,0,532
331773.901423,380586.098569,0,730
331502.888228,380459.469309,0,730
331537.4947,380415.0516,0,712
331682.697753,380556.422572,0,395
331646.590237,380421.070064,0,730
331722.732552,380517.897941,0,730
331612.838152,380567.473535,0,730
331786.053453,380661.702415,0,710
331639.621838,380521.84859,0,134
331639.032506,380521.207727,0,730
331809.348257,380687.712302,0,209
331658.357389,380649.557826,0,730
331830.158397,380714.612189,0,490
331694.497821,380726.451652,0,730
331798.989637,380676.655407,0,730
331578.412308,380382.353785,0,730
331548.179521,380518.578363,0,730
331654.528939,380431.968121,0,730
331865.314661,380734.582106,0,730
331673.047627,380473.397086,0,730
331541.153085,380465.143991,0,429
331663.09418,380680.726649,0,730
331713.019169,380791.782486,0,730
331680.184678,380512.426316,0,730
331722.016609,380537.351311,0,357
331829.642048,380732.630574,0,468
331699.194514,380526.89355,0,730
331715.153588,380799.021344,0,730
331582.731569,380526.610206,0,730
331626.070447,380456.130659,0,194
331697.423584,380468.892328,0,117
331525.431795,380399.554441,0,410
331664.142483,380516.445977,0,479
331556.454624,380364.126688,0,514
331707.036189,380585.960027,0,730
331752.313028,380712.229203,0,730
331574.710753,380392.709276,0,730
331654.08773,380612.576183,0,730
331715.282997,380694.494377,0,730
331730.257324,380636.293318,0,508
331510.801956,380420.02085,0,8
331720.185532,380543.32911,0,398
331495.043198,380370.371153,0,398
331595.240966,380479.185577,0,730
331554.200563,380498.373831,0,730
331733.086583,380768.276081,0,694
331828.018859,380709.508367,0,730
331787.252417,380620.185992,0,29
331746.910954,380624.786169,0,730
331642.173273,380655.092164,0,375
331657.581968,380515.623324,0,730
331611.159179,380366.221974,0,243
331796.952494,380650.045171,0,621
331680.139373,380716.831267,0,719
331781.773111,380754.278388,0,588
331727.652587,380783.756461,0,242
331615.92883,380349.713606,0,730
331748.122764,380586.672853,0,638
331593.225585,380510.266349,0,503
331550.866372,380508.988814,0,730
331639.600167,380533.634864,0,488
331691.866001,380654.991174,0,173
331572.234704,380564.141553,0,730
331810.607806,380755.015584,0,730
331607.467634,380502.451654,0,730
331700.803525,380644.644688,0,460
331534.296899,380465.127929,0,730
331579.529735,380314.222572,0,730
331488.791896,380381.803697,0,471
331687.299524,380665.744133,0,571
331664.081094,380430.612125,0,730
331508.830447,380402.560647,0,730
331646.700508,380542.725501,0,632
331853.78758,380711.790206,0,730
331493.588109,380456.022859,0,726
331746.276721,380662.18704,0,432
331680.716816,380611.133055,0,730
331687.176382,380662.950909,0,730
331698.213406,380685.964264,0,730
331558.3031,380418.403965,0,487
331655.68223,380422.59547,0,420
331664.004247,380702.531167,0,676
331785.119261,380736.258151,0,206
331549.951218,380307.459754,0,730
331747.468575,380633.429888,0,424
331812.020707,380677.845661,0,730
331652.930048,380666.852055,0,364
331782.212816,380603.377667,0,72
331477.499482,380456.907751,0,314
331682.937552,380681.7477,0,730
331651.090492,380677.150385,0,730
331526.681012,380513.833886,0,730
331769.65915,380729.153888,0,50
331772.646283,380770.927877,0,3
331684.613437,380630.543024,0,730
331683.488481,380733.328701,0,692
331726.794606,380710.52411,0,730
331501.516254,380492.198412,0,328
331815.4669,380723.291248,0,327
331560.148853,380471.856731,0,578
331686.069764,380454.742214,0,253
331588.310795,380534.850561,0,730
331522.256187,380320.573058,0,730
331580.847578,380615.985093,0,730
331738.727021,380642.661598,0,730
331620.133055,380396.140852,0,730
331778.08915,380589.375893,0,730
331518.010267,380473.98126,0,431
331828.038802,380702.879283,0,730
331663.797644,380457.151368,0,730
331469.592717,380453.9952,0,446
331735.05697,380700.21635,0,730
331647.606323,380567.173749,0,730
331650.369246,380678.92878,0,730
331720.65398,380518.353489,0,730
331689.024078,380775.489854,0,730
331665.075093,380580.483603,0,730
331585.838291,380381.149312,0,334
331765.379138,380699.570794,0,730
331521.066539,380488.537144,0,730
331736.038291,380746.077268,0,730
331626.986825,380414.770655,0,730
331708.964102,380531.064738,0,99
331658.659478,380574.434609,0,730
331575.498659,380433.186093,0,730
331581.63879,380602.733044,0,353
331762.936001,380576.360742,0,606
331768.328878,380713.068754,0,219
331596.555231,380588.70718,0,280
331490.495633,380469.72353,0,730
331720.83123,380670.402312,0,164
331692.266454,380716.596852,0,24
331660.066277,380705.94955,0,730
331477.375373,380390.337966,0,730
331468.230713,380399.01504,0,730
331549.156018,380576.968868,0,416
331576.650657,380357.633053,0,730
331582.450226,380499.366703,0,730
331791.096838,380630.475383,0,78
331622.243602,380413.790132,0,696
331719.161066,380777.75354,0,49
331663.239086,380484.547863,0,730
331531.731216,380517.576866,0,730
331560.845867,380298.130731,0,430
331543.398542,380539.576471,0,114
331529.095048,380450.024494,0,84
331678.932917,380692.537774,0,730
331678.23379,380592.817344,0,730
331606.402331,380365.791652,0,730
331653.754204,380650.101909,0,730
331563.840533,380592.588306,0,391
331715.935783,380629.029877,0,132
331583.534506,380388.756401,0,730
331651.469348,380662.591796,0,730
331609.165374,380549.393499,0,342
331579.932968,380300.88508,0,730
331625.552063,380669.531681,0,730
331647.939827,380547.191668,0,586
331611.354206,380642.739313,0,730
331788.470265,380742.404949,0,40
331649.289005,380678.671148,0,388
331517.805074,380529.361683,0,730
331610.237214,380479.958496,0,627
331627.344383,380691.556833,0,730
331648.325381,380630.949208,0,730
331492.978406,380450.600373,0,674
331779.887795,380748.570814,0,730
331602.800692,380558.066027,0,149
331626.159871,380556.779531,0,366
331696.293714,380471.662224,0,730
331827.759265,380729.489553,0,211
331622.609225,380558.54157,0,104
331611.662762,380429.896318,0,730
331691.20108,380577.171456,0,67
331835.18891,380731.320491,0,519
331633.249147,380446.310728,0,69
331598.774421,380317.827209,0,163
331604.015152,380617.274948,0,730
331709.666023,380733.213846,0,15
331546.122237,380547.510628,0,631
331569.407834,380460.588948,0,717
331574.696864,380491.642037,0,620
331548.153362,380391.97638,0,730
331547.024585,380473.521083,0,145
331695.213885,380535.620862,0,282
331796.472296,380655.754164,0,730
331822.801827,380713.564482,0,730
331659.850152,380468.164781,0,396
331675.624529,380527.243527,0,730
331695.787558,380582.597305,0,730
331591.668599,380535.957632,0,730
331550.148129,380317.730588,0,730
331709.489495,380637.950064,0,192
331703.129478,380551.876933,0,591
331626.516708,380364.808621,0,413
331790.915664,380741.087594,0,642
331671.947461,380642.660041,0,730
331622.21435,380493.364636,0,169
331797.472272,380736.594442,0,730
331791.541642,380742.223345,0,730
331653.267229,380665.296671,0,133
331678.674306,380484.173544,0,645
331465.444843,380427.640014,0,684
331614.984285,380479.535057,0,730
331736.401308,380794.060862,0,210
331774.078388,380618.830875,0,730
331661.12041,380497.665095,0,730
331568.967343,380568.411135,0,730
331614.565801,380633.299944,0,730
331615.928843,380361.886159,0,196
331535.673953,380461.010997,0,730
331725.466789,380727.15533,0,187
331644.050269,380492.330117,0,310
331530.333001,380328.000142,0,285
331796.151566,380636.48673,0,462
331679.392255,380584.827147,0,585
331815.497416,380683.887514,0,624
331656.346504,380659.702487,0,730
331776.345216,380715.367702,0,202
331549.201596,380454.282027,0,730
331665.511404,380568.30741,0,730
331518.686009,380376.353697,0,238
331761.891545,380648.666886,0,730
331670.834272,380638.976083,0,730
331574.555514,380530.422797,0,697
331759.610978,380656.528774,0,730
331604.542213,380532.361758,0,730
331773.770601,380653.596717,0,730
331613.276643,380621.780031,0,726
331470.48587,380408.983427,0,630
331738.460652,380740.895599,0,730
331626.41424,380570.425274,0,730
331790.532421,380755.818563,0,730
331693.303318,380786.741053,0,580
331610.142874,380375.679741,0,224
331728.811302,380664.116306,0,730
331538.229809,380304.132018,0,533
331781.6466,380655.022051,0,730
331719.023765,380635.541704,0,231
331594.490956,380507.581412,0,730
331685.583205,380533.02332,0,730
331579.435613,380458.607185,0,730
331771.247459,380740.332818,0,730
331567.585913,380601.125655,0,659
331594.954842,380567.213201,0,730
331531.107642,380505.136843,0,453
331698.834511,380791.192164,0,730
331576.051011,380419.873494,0,730
331712.83975,380548.4288,0,730
331685.096291,380690.295286,0,446
331600.964214,380397.611625,0,730
331704.086285,380508.541749,0,730
331674.885934,380497.21546,0,730
331782.131614,380727.292734,0,730
331642.816608,380609.907561,0,730
331558.390622,380515.547207,0,76
331570.599769,380513.476569,0,730
331677.627779,380623.516054,0,644
331579.025962,380496.466298,0,730
331661.420831,380579.950437,0,600
331712.42191,380522.050528,0,695
331592.212359,380543.988587,0,730
331640.857837,380711.623115,0,730
331809.782591,380641.231653,0,730
331645.253213,380424.93399,0,730
331818.01857,380712.79062,0,297
331612.849128,380543.462944,0,419
331505.46684,380389.67527,0,730
331650.485154,380405.491358,0,48
331654.869081,380722.513205,0,730
331568.216807,380383.126284,0,730
331755.876077,380672.22623,0,730
331539.270749,380296.298273,0,392
331659.128577,380421.093291,0,730
331665.260254,380464.871643,0,730
331622.216242,380596.209353,0,440
331741.888796,380574.223864,0,604
331630.926402,380411.678984,0,730
331668.834331,380533.245373,0,730
331559.569966,380301.990928,0,648
331558.933202,380388.16823,0,203
331487.727796,380453.561436,0,271
331499.117054,380356.838001,0,235
331546.012473,380397.72849,0,76
331681.111205,380646.105798,0,678
331852.587555,380720.058807,0,243
331810.731953,380652.108566,0,730
331749.56357,380758.004191,0,466
331677.369939,380740.925023,0,730
331685.351808,380543.982265,0,730
331525.492765,380348.730542,0,730
331602.013612,380395.805634,0,238
331776.852753,380762.065148,0,730
331838.524204,380748.67934,0,730
331487.330129,380435.952987,0,226
331686.06051,380734.186488,0,730
331535.991868,380476.128402,0,730
331500.357831,380433.89237,0,730
331842.851999,380688.241331,0,567
331648.01993,380554.758022,0,730
331768.844729,380730.101243,0,585
331648.423455,380684.990023,0,730
331770.881348,380656.071491,0,730
331685.743176,380654.987735,0,730
331555.726613,380520.336739,0,730
331565.873021,380297.573455,0,611
331509.431088,380488.931405,0,730
331755.504734,380607.251186,0,730
331746.061208,380630.335091,0,467
331679.570245,380548.697341,0,185
331700.512446,380503.623609,0,711
331488.583967,380390.712759,0,701
331650.925814,380703.298835,0,730
331620.76069,380518.755614,0,644
331597.863153,380618.230766,0,277
331611.52197,380353.529118,0,165
331622.831644,380374.502816,0,730
331630.418748,380396.568236,0,466
331837.294715,380729.63617,0,730
331491.241582,380442.051872,0,496
331736.910727,380549.761127,0,730
331626.731767,380571.763438,0,730
331492.730755,380448.696159,0,718
331674.011176,380718.571298,0,268
331514.148419,380492.696912,0,595
331637.345831,380471.890965,0,427
331618.883145,380634.026362,0,730
331753.881802,380580.124433,0,691
331549.696115,380347.066555,0,730
331630.984968,380652.154069,0,730
331596.685396,380580.137639,0,730
331583.507794,380527.534937,0,730
331801.731212,380623.574974,0,730
331527.522877,380411.582391,0,673
331681.157087,380634.342953,0,730
331799.028745,380683.495858,0,730
331629.163266,380522.113166,0,234
331800.157969,380718.191419,0,730
331652.750859,380601.446876,0,730
331752.195991,380666.048245,0,498
331595.518469,380446.458087,0,348
331724.278742,380508.301324,0,730
331648.503535,380413.921009,0,115
331702.689192,380795.931146,0,730
331628.204488,380490.309843,0,730
331505.15279,380439.126191,0,730
331565.640278,380396.22899,0,730
331552.313962,380424.233984,0,163
331741.254667,380697.957325,0,730
331514.322451,380412.870527,0,343
331618.504251,380613.627056,0,667
331623.968089,380655.148998,0,730
331716.574724,380793.712584,0,540
331703.431966,380521.591629,0,57
331648.295576,380486.176629,0,730
331595.142828,380532.94386,0,77
331773.635934,380605.856214,0,730
331717.172098,380686.642869,0,728
331660.710511,380703.93826,0,730
331683.529043,380501.502234,0,483
331640.216294,380700.380077,0,17
331642.237339,380551.749116,0,730
331512.827994,380496.081989,0,369
331723.51023,380567.064263,0,730
331723.392801,380729.135298,0,672
331545.352187,380497.661485,0,636
331526.805317,380354.412576,0,254
331548.584724,380293.625389,0,730
331522.575133,380487.935022,0,730
331501.799212,380356.855694,0,445
331683.944188,380637.583135,0,25
331719.264066,380631.001856,0,730
331483.002957,380381.081706,0,730
331463.797016,380444.840025,0,730
331660.557282,380554.298326,0,730
331617.405719,380462.158971,0,730
331566.223845,380483.224345,0,730
331764.103266,380755.720865,0,730
331553.166871,380420.645831,0,730
331597.617339,380440.725441,0,730
331573.233015,380335.594999,0,730
331482.879394,380423.191203,0,730
331522.075502,380350.612408,0,215
331811.045673,380719.54197,0,730
331681.75211,380630.627729,0,194
331564.085315,380349.263319,0,301
331782.804821,380647.860747,0,288
331711.078107,380563.892218,0,267
331809.738347,380690.182307,0,63
331750.150195,380746.434601,0,5
331752.038412,380639.680053,0,730
331728.840407,380653.020489,0,730
331555.346656,380489.798898,0,601
331807.875543,380710.59228,0,730
331571.300592,380433.033173,0,9
331578.660748,380604.198396,0,730
331559.749345,380488.57879,0,463
331618.012748,380467.273169,0,730
331718.904902,380523.296079,0,718
331575.85752,380528.649484,0,730
331700.66599,380479.721348,0,730
331467.457716,380429.397516,0,730
331624.10413,380669.319739,0,730
331703.32924,380502.806892,0,730
331688.616385,380492.091187,0,717
331580.856422,380368.387775,0,730
331827.258287,380694.523889,0,730
331693.744361,380500.053751,0,730
331688.958286,380614.614177,0,516
331638.73242,380395.874681,0,88
331649.95625,380434.265368,0,197
331554.210023,380309.908123,0,304
331613.580221,380659.05455,0,476
331601.27108,380491.497605,0,379
331737.64893,380529.155789,0,144
331641.177238,380519.664865,0,730
331830.577402,380751.502953,0,730
331612.681376,380468.643987,0,730
331646.820987,380675.065344,0,730
331765.614275,380766.563668,0,730
331690.858104,380674.990791,0,179
331693.951963,380614.330445,0,602
331758.119148,380757.231062,0,669
331663.527084,380678.784155,0,659
331517.842854,380384.889483,0,730
331519.305852,380419.620719,0,730
331629.032814,380380.455069,0,33
331593.941831,380623.511902,0,730
331735.156571,380556.946552,0,730
331664.087828,380619.248871,0,369
331657.357918,380480.729229,0,730
331585.28874,380427.45171,0,730
331561.571076,380429.601468,0,543
331775.249239,380678.478024,0,648
331827.141582,380700.905311,0,73
331461.736433,380427.404948,0,730
331704.428045,380783.048685,0,730
331698.060347,380508.792867,0,730
331795.603147,380656.301565,0,630
331736.67923,380590.912235,0,730
331544.010715,380352.852422,0,628
331727.550406,380597.410783,0,730
331652.887255,380490.948018,0,730
331614.814853,380380.874247,0,730
331648.03748,380414.280699,0,255
331722.242187,380506.514286,0,730
331636.758441,380409.354525,0,730
331776.68471,380590.606912,0,730
331640.145755,380516.164639,0,363
331524.531524,380360.229652,0,730
331701.665528,380619.462902,0,730
331683.022493,380530.030705,0,227
331588.612374,380383.192898,0,706
331719.796186,380527.373611,0,334
331623.104542,380430.245417,0,730
331737.397357,380777.538231,0,160
331538.512633,380539.582402,0,395
331663.415767,380507.626451,0,730
331666.716766,380729.036211,0,500
331707.676149,380670.254322,0,730
331659.073246,380482.038343,0,640
331557.666792,380418.102218,0,730
331748.341159,380716.879315,0,730
331561.373522,380588.468692,0,730
331647.255474,380651.154054,0,730
331675.123336,380517.167305,0,730
331613.34043,380492.688858,0,730
331581.562815,380498.68059,0,432
331662.24142,380411.918189,0,664
331616.439604,380479.235659,0,730
331479.21801,380433.791543,0,584
331572.661137,380589.03502,0,507
331577.313089,380365.776559,0,730
331592.747973,380352.968888,0,563
331537.121931,380512.062405,0,681
331619.426636,380619.881209,0,594
331841.98099,380735.414082,0,730
331593.10585,380360.214713,0,730
331577.953505,380470.881756,0,730
331817.702121,380656.153821,0,730
331489.939843,380380.69839,0,715
331785.426124,380773.139,0,535
331489.558359,380440.716369,0,321
331604.319554,380350.481772,0,513
331623.273756,380417.072952,0,322
331702.647672,380521.188342,0,692
331705.040898,380806.534001,0,607
331635.451253,380407.002818,0,730
331695.796543,380713.977195,0,730
331590.28345,380387.448306,0,730
331577.054957,380300.616703,0,412
331600.175094,380333.253359,0,730
331608.696017,380562.738783,0,730
331643.386822,380405.359536,0,524
331654.313902,380472.348728,0,730
331583.301217,380455.582452,0,730
331558.57731,380555.703538,0,649
331527.120224,380472.583693,0,730
331720.598497,380507.338916,0,124
331663.463247,380677.591696,0,677
331617.540519,380505.669731,0,30
331639.409364,380522.196547,0,730
331516.658641,380459.481583,0,278
331604.744929,380479.592668,0,730
331546.316353,380373.683229,0,730
331596.588517,380417.441719,0,442
331640.85872,380526.855228,0,339
331511.579166,380468.854861,0,673
331627.325773,380475.98534,0,730
331783.984679,380681.160473,0,730
331697.897345,380578.927751,0,690
331511.272055,380379.772635,0,730
331575.623999,380560.474192,0,15
331698.215849,380565.806068,0,556
331575.00013,380447.930042,0,730
331651.259891,380443.014162,0,498
331469.893127,380446.56663,0,730
331764.78724,380627.785103,0,407
331765.940062,380663.696889,0,637
331692.594669,380550.659998,0,730
331636.653105,380373.607683,0,497
331634.384567,380577.289809,0,730
331748.892132,380779.956432,0,404
331616.974411,380566.318594,0,619
331702.498977,380659.796094,0,730
331609.534526,380625.013592,0,730
331684.546134,380457.772514,0,730
331738.22569,380556.920452,0,143
331707.218856,380775.172197,0,730
331723.412672,380672.790732,0,730
331546.287179,380411.349352,0,730
331704.701164,380560.700608,0,730
331761.903743,380720.279937,0,581
331660.801396,380464.913358,0,730
331697.586357,380479.902767,0,509
331739.809656,380738.343812,0,730
331608.2499,380570.164054,0,261
331623.17626,380374.023472,0,547
331525.265135,380458.173521,0,721
331718.334683,380515.93473,0,138
331702.042104,380697.769198,0,730
331520.138117,380473.184459,0,418
331526.180031,380335.357908,0,689
331680.226351,380665.720403,0,373
331604.350194,380484.282816,0,730
331526.82569,380515.36109,0,730
331773.273915,380760.600799,0,730
331749.283992,380613.303997,0,730
331576.632825,380297.548655,0,526
331518.63203,380487.652605,0,414
331545.080621,380446.808892,0,730
331605.867799,380525.45866,0,730
331468.761969,380425.399075,0,97
331801.309806,380752.768878,0,730
331674.434209,380729.370519,0,730
331580.322967,380363.222784,0,730
331737.947122,380694.234087,0,730
331590.180051,380308.595325,0,730
331477.448989,380465.526919,0,592
331683.30517,380643.631617,0,730
331711.961501,380647.540235,0,730
331641.652238,380481.958254,0,730
331592.375081,380588.513925,0,542
331569.982553,380587.888904,0,730
331649.998578,380433.006506,0,730
331694.109927,380592.115157,0,730
331627.969075,380592.485511,0,423
331735.59905,380596.500087,0,308
331785.045106,380643.930474,0,264
331508.621187,380512.049921,0,730
331515.007325,380524.808954,0,421
331736.722002,380620.162494,0,352
331802.049134,380749.195533,0,618
331692.053224,380501.208431,0,730
331766.02275,380667.249646,0,730
331608.263774,380563.207972,0,663
331537.216127,380439.480104,0,615
331517.131995,380406.677478,0,724
331709.062079,380591.816921,0,230
331609.390128,380510.950905,0,730
331784.637664,380729.1629,0,730
331515.589028,380369.181158,0,730
331728.434284,380768.798603,0,730
331553.92276,380400.646364,0,730
331651.909367,380624.721306,0,730
331583.527143,380397.979451,0,730
331512.626455,380411.325874,0,147
331765.816442,380758.671796,0,730
331584.06085,380383.458647,0,475
331709.927447,380759.804195,0,525
331660.184602,380486.528123,0,730
331605.357509,380506.097079,0,455
331670.284064,380626.215637,0,730
331810.221597,380721.801498,0,730
331719.184113,380742.208886,0,454
331535.075342,380482.432985,0,89
331707.104934,380538.119183,0,663
331689.215144,380597.240589,0,499
331664.342156,380665.791715,0,137
331555.878564,380385.119245,0,730
331593.533675,380514.838327,0,730
331631.63143,380398.147894,0,730
331728.848234,380541.204715,0,730
331507.860918,380443.80858,0,730
331743.779702,380783.938907,0,374
331678.167583,380669.651613,0,730
331694.825927,380478.62285,0,155
331612.048974,380349.332142,0,601
331568.45006,380335.766701,0,683
331808.58222,380745.09812,0,13
331682.032518,380745.37828,0,440
331594.270546,380551.001678,0,470
331485.226233,380376.225027,0,485
331566.670991,380568.421037,0,730
331527.804029,380418.952433,0,277
331789.602948,380637.448786,0,730
331647.81256,380402.408662,0,730
331509.880935,380386.683308,0,213
331784.13379,380655.220732,0,730
331525.418782,380451.320204,0,730
331849.403487,380727.330388,0,730
331664.638344,380651.570721,0,730
331731.99158,380714.826014,0,609
331525.134155,380537.985469,0,494
331653.16957,380573.553466,0,730
331576.013555,380371.142038,0,222
331584.602773,380621.826679,0,730
331618.900017,380356.267889,0,730
331520.474777,380359.055889,0,730
331786.398901,380710.798025,0,249
331671.496475,380479.260427,0,730
331623.925412,380461.016685,0,730
331502.551794,380369.342391,0,730
331584.736378,380484.008563,0,354
331689.024328,380507.257274,0,8
331632.116454,380513.489652,0,453
331705.787286,380492.79938,0,730
331711.346464,380743.387834,0,730
331783.025904,380612.057776,0,45
331673.459729,380597.35554,0,655
331581.322991,380300.220063,0,565
331577.779963,380532.569407,0,380
331717.445554,380646.470688,0,367
331615.277278,380571.040644,0,501
331550.972837,380566.835798,0,730
331524.706728,380418.261288,0,730
331558.512738,380324.662624,0,730
331539.261787,380552.464277,0,730
331565.892904,380572.719963,0,237
331555.583114,380547.079861,0,730
331499.871321,380446.347695,0,730
331742.738684,380752.128985,0,730
331675.380473,380581.864504,0,464
331553.269257,380331.165525,0,132
331762.11956,380687.178734,0,312
331562.422919,380442.717514,0,503
331560.820142,380376.389304,0,612
331453.769118,380434.070512,0,510
331710.676919,380757.647824,0,730
331603.718224,380528.600653,0,730
331606.728249,380477.587281,0,730
331749.035865,380641.967872,0,77
331614.148779,380414.507227,0,730
331672.351348,380718.212169,0,730
331513.673276,380524.229731,0,730
331674.377399,380586.479975,0,708
331718.95986,380605.210489,0,730
331745.142493,380738.962918,0,434
331680.39504,380550.002071,0,730
331517.483529,380406.149965,0,678
331821.69498,380757.557394,0,730
331616.530195,380655.56387,0,730
331724.608972,380720.722699,0,685
331627.172302,380523.687214,0,354
331456.867778,380414.11254,0,217
331730.239069,380633.155716,0,730
331802.902093,380697.228975,0,404
331583.775673,380378.773182,0,730
331696.41,380773.838527,0,730
331633.361415,380473.338374,0,730
331683.61995,380457.418751,0,730
331594.754466,380627.926933,0,730
331584.019508,380604.365138,0,595
331578.185434,380479.556711,0,426
331710.998931,380516.082565,0,730
331767.616815,380630.870964,0,262
331721.755185,380611.845323,0,730
331486.497244,380438.840538,0,730
331556.86245,380333.145995,0,448
331676.909139,380738.985917,0,730
331558.651462,380506.317425,0,406
331646.330182,380505.936323,0,730
331800.73484,380665.132741,0,730
331621.209033,380486.108228,0,730
331558.752017,380521.353709,0,730
331759.757343,380595.496868,0,28
331478.427351,380383.834966,0,49
331638.888538,380561.378217,0,730
331605.52784,380355.010527,0,244
331599.328644,380462.410066,0,730
331723.694804,380552.422926,0,445
331760.59351,380761.541186,0,262
331532.323508,380384.146857,0,586
331793.921129,380700.062497,0,730
331639.076864,380496.192659,0,370
331622.540827,380669.253046,0,730
331589.133278,380413.779419,0,730
331643.574774,380695.721513,0,379
331757.841909,380585.190161,0,422
331685.585302,380573.074217,0,362
331682.108402,380669.812088,0,131
331689.217719,380550.8614,0,121
331605.00131,380423.115464,0,730
331732.596797,380784.648231,0,730
331718.849921,380783.279135,0,112
331595.855075,380387.650387,0,730
331734.404251,380662.048601,0,660
331617.830215,380567.896404,0,730
331691.637733,380460.22957,0,559
331617.421307,380375.098546,0,730
331768.577018,380695.760878,0,656
331604.556806,380615.67137,0,417
331516.960823,380377.648874,0,730
331590.513841,380559.66873,0,730
331606.168864,380656.975111,0,158
331711.178967,380669.358783,0,620
331649.875717,380452.899381,0,552
331485.573185,380422.955336,0,342
331714.436559,380739.412304,0,246
331575.272471,380601.877485,0,730
331751.618851,380668.666626,0,681
331765.286171,380701.851325,0,123
331833.776113,380734.751696,0,730
331675.704576,380665.061922,0,125
331708.508371,380727.627438,0,730
331634.142343,380508.849977,0,680
331742.376985,380713.184845,0,730
331641.211234,380589.481354,0,70
331815.148443,380729.662973,0,730
331583.252104,380577.815385,0,730
331717.772306,380611.200755,0,730
331702.001496,380772.343082,0,730
331817.407228,380653.483441,0,177
331542.719486,380328.286904,0,730
331630.377468,380602.141121,0,730
331534.502406,380376.942138,0,722
331600.45084,380472.78131,0,249
331619.019402,380486.336211,0,496
331723.873129,380691.700789,0,146
331591.829433,380469.153801,0,111
331617.708168,380663.286732,0,730
331766.337204,380735.003424,0,152
331644.473066,380610.339609,0,724
331454.78327,380431.317418,0,576
331719.235279,380610.479522,0,553
331559.004765,380328.434671,0,730
331669.22681,380669.055786,0,730
331651.986305,380628.943908,0,730
331804.371347,380718.906443,0,730
331798.352212,380658.434523,0,730
331510.785414,380378.907633,0,730
331678.177375,380578.347434,0,730
331661.339045,380671.56711,0,730
331598.442544,380563.372396,0,730
331822.985834,380690.080366,0,730
331703.338083,380621.6693,0,637
331611.290765,380497.706415,0,730
331687.563174,380533.112441,0,730
331765.208272,380776.028027,0,730
331625.962478,380535.449926,0,707
331778.616539,380712.378725,0,730
331763.19141,380661.391152,0,730
331661.61518,380527.17193,0,730
331590.118235,380379.5533,0,730
331518.169164,380394.87896,0,236
331783.35017,380761.254903,0,730
331536.706356,380378.838848,0,492
331694.861278,380523.683859,0,337
331528.887697,380327.63379,0,730
331514.125474,380386.681362,0,730
331587.498244,380339.391905,0,730
331534.626993,380324.502536,0,359
331480.246858,380461.877524,0,730
331563.103697,380536.290959,0,235
331646.741963,380711.968143,0,730
331741.491348,380662.805702,0,554
331651.694399,380414.152401,0,730
331835.324939,380736.551197,0,345
331663.064919,380636.590003,0,562
331709.714104,380536.262137,0,730
331765.728958,380715.728833,0,730
331797.320609,380719.247685,0,730
331735.531349,380580.975143,0,730
331703.523094,380654.104658,0,730
331573.679708,380610.156687,0,730
331613.827243,380600.759536,0,71
331714.141,380579.001818,0,730
331606.976398,380356.245745,0,730
331653.409165,380534.043194,0,512
331565.577695,380358.571581,0,730
331729.526041,380587.730968,0,730
331713.497931,380794.779449,0,730
331649.318525,380450.669072,0,714
331543.39511,380400.298428,0,730
331521.519939,380442.299323,0,270
331701.614415,380608.901097,0,189
331583.034809,380478.110855,0,730
331702.728108,380490.892691,0,622
331522.706591,380351.385806,0,730
331521.664289,380440.337315,0,700
331587.688625,380307.77929,0,730
331706.38837,380714.956247,0,730
331542.863191,380313.127222,0,723
331554.433129,380397.337368,0,730
331846.416347,380723.071929,0,408
331729.072724,380728.498658,0,328
331701.523457,380591.350451,0,730
331555.401743,380581.826611,0,730
331715.545356,380572.620222,0,730
331662.240417,380563.75071,0,730
331660.521134,380440.269235,0,378
331649.789441,380490.991064,0,626
331534.374134,380489.560469,0,730
331610.588903,380613.285641,0,477
331731.280103,380635.928313,0,730
331737.21267,380768.452801,0,730
331609.551198,380640.63314,0,493
331753.985604,380728.440972,0,730
331852.354454,380708.54869,0,565
331718.031364,380643.824748,0,730
331547.244868,380538.683624,0,730
331587.783398,380498.319445,0,730
331506.705527,380347.568584,0,472
331703.267442,380625.502126,0,730
331586.639432,380497.072115,0,730
331560.72051,380443.000361,0,730
331576.813425,380305.104743,0,730
331490.207014,380461.548698,0,21
331542.440396,380373.997072,0,730
331496.796552,380439.877177,0,520
331670.309821,380662.365901,0,713
331599.087406,380494.078998,0,545
331524.956543,380390.253647,0,555
331725.593694,380697.805803,0,372
331644.253176,380696.632029,0,730
331549.684325,380354.522659,0,181
331797.647211,380740.785254,0,730
331782.671046,380664.069187,0,730
331783.296722,380743.14329,0,730
331772.469027,380676.096083,0,462
331705.096806,380587.491301,0,730
331743.16663,380676.900551,0,92
331706.241685,380538.997008,0,730
331584.336971,380326.695902,0,730
331675.653035,380712.473538,0,730
331817.016052,380723.609928,0,606
331681.357193,380675.388924,0,730
331723.917316,380616.866063,0,613
331710.20582,380768.751896,0,730
331817.780689,380680.976624,0,346
331561.732697,380383.404102,0,640
331555.474025,380323.921065,0,730
331586.415696,380594.155807,0,730
331609.823364,380607.912931,0,700
331715.869473,380699.559809,0,409
331534.466663,380448.679587,0,730
331721.492823,380501.520597,0,730
331588.688388,380368.250076,0,184
331486.53537,380454.646173,0,730
331670.932814,380442.064148,0,338
331555.279146,380383.574062,0,730
331644.521946,380550.096165,0,390
331640.339585,380592.009138,0,730
331669.013813,380463.942205,0,730
331606.989507,380618.457758,0,730
331649.244464,380509.779523,0,373
331630.596431,380623.126849,0,687
331615.657809,380673.177136,0,280
331719.429397,380752.700526,0,730
331636.372545,380687.545827,0,730
331790.873662,380725.445323,0,727
331551.593253,380448.242513,0,730
331517.049141,380517.25271,0,174
331669.660853,380572.730821,0,730
331718.369395,380525.319617,0,330
331674.73909,380451.536836,0,730
331779.252028,380733.058661,0,300
331636.806544,380648.048972,0,596
331583.861975,380563.483118,0,730
331608.33792,380602.786602,0,110
331552.315175,380541.587132,0,730
331649.643413,380530.697753,0,157
331536.779895,380502.298871,0,549
331748.781037,380606.379636,0,730
331559.685886,380362.608677,0,704
331493.851008,380431.332299,0,152
331583.27009,380393.413829,0,730
331570.528204,380403.668324,0,526
331696.274568,380588.396161,0,730
331847.96456,380695.454896,0,269
331860.963964,380737.405526,0,458
331600.521791,380607.498057,0,472
331620.818708,380411.913863,0,212
331685.128481,380605.511535,0,414
331721.224125,380569.625249,0,190
331498.284948,380491.723996,0,730
331714.362284,380584.203314,0,730
331784.399364,380697.858764,0,730
331606.802257,380421.230191,0,730
331788.602497,380673.974051,0,730
331581.425422,380461.045729,0,730
331689.966019,380775.507105,0,730
331579.211456,380553.44297,0,368
331665.940098,380591.948824,0,313
331471.047527,380445.630228,0,662
331572.367447,380433.951914,0,697
331711.078817,380535.581032,0,668
331630.333333,380466.840769,0,730
331578.471448,380347.856093,0,730
331583.070628,380338.722107,0,443
331757.432018,380740.540487,0,730
331699.488674,380613.038789,0,730
331623.829861,380592.58163,0,730
331560.316495,380460.269633,0,730
331622.170031,380556.487841,0,730
331501.119055,380459.619584,0,677
331569.70224,380418.16189,0,730
331820.08268,380711.64438,0,730
331659.581063,380640.671148,0,730
331658.094686,380523.411137,0,730
331604.149845,380498.49484,0,730
331815.810988,380748.286554,0,730
331708.833463,380776.618631,0,730
331587.103345,380405.833997,0,730
331698.874704,380794.816073,0,730
331665.350521,380678.878129,0,730
331709.357889,380637.927594,0,730
331524.437617,380539.400316,0,730
331760.94476,380737.338696,0,730
331698.425838,380661.518309,0,524
331656.922446,380577.64259,0,100
331835.617367,380711.983242,0,686
331619.209571,380382.458813,0,615
331671.660577,380559.988144,0,730
331650.099564,380430.978457,0,730
331598.016673,380629.681779,0,730
331767.414121,380683.714713,0,584
331520.85821,380518.019398,0,351
331761.043363,380775.733722,0,501
331623.785731,380418.492376,0,730
331607.899806,380502.042611,0,167
331594.881018,380488.2255,0,730
331509.934132,380485.505543,0,730
331693.111354,380470.07689,0,372
331708.161807,380678.257159,0,546
331652.305307,380507.566619,0,510
331641.910596,380606.040974,0,730
331710.453868,380514.772202,0,730
331833.242922,380732.218447,0,730
331627.52229,380556.95054,0,730
331623.749103,380428.123761,0,384
331702.283384,380644.804054,0,730
331537.865168,380311.458064,0,730
331819.680193,380721.260441,0,695
331551.437395,380293.303195,0,93
331806.638363,380640.625413,0,649
331666.646304,380633.880951,0,730
331529.255243,380421.505801,0,730
331687.024623,380705.344334,0,730
331520.436454,380463.608539,0,730
331602.265886,380346.336404,0,730
331696.712809,380619.011336,0,641
331566.914492,380556.557384,0,730
331468.768136,380440.761386,0,1
331852.231658,380716.948833,0,541
331791.286153,380668.582899,0,730
331670.650369,380437.650395,0,531
331799.093881,380645.521803,0,285
331735.503242,380560.158865,0,720
331706.691111,380789.04853,0,730
331743.525963,380776.585767,0,333
331737.636092,380549.783628,0,730
331665.586449,380742.755896,0,125
331771.486352,380611.086148,0,319
331705.931574,380743.062765,0,730
331645.154467,380396.623376,0,730
331709.891412,380677.364544,0,730
331742.068841,380561.955755,0,730
331745.604228,380674.144463,0,730
331578.138314,380447.756689,0,708
331739.201359,380535.645369,0,155
331694.812062,380478.40318,0,78
331475.182722,380415.355074,0,396
331823.536563,380715.830287,0,730
331477.525555,380407.378692,0,730
331635.382543,380605.980687,0,730
331564.825577,380579.941723,0,730
331621.734368,380449.745568,0,23
331500.133243,380405.31307,0,523
331510.986998,380400.422313,0,212
331731.800779,380732.925925,0,653
331717.544553,380571.724892,0,730
331520.019748,380524.142247,0,730
331701.029233,380761.81728,0,730
331620.218698,380534.382047,0,730
331695.28621,380778.249705,0,730
331557.290566,380345.508609,0,730
331793.701638,380749.453225,0,608
331696.415771,380672.718163,0,730
331553.334258,380425.154925,0,281
331674.002982,380713.84722,0,86
331640.940532,380457.46889,0,730
331561.46962,380323.850716,0,730
331772.295793,380645.438684,0,572
331650.245581,380623.957207,0,450
331771.624925,380736.322337,0,434
331648.212679,380485.94679,0,240
331552.025247,380551.93577,0,730
331550.535036,380362.421867,0,730
331654.685127,380404.705499,0,730
331686.475637,380566.442785,0,730
331555.108329,380318.158561,0,299
331780.85211,380692.55358,0,90
331619.486882,380388.980981,0,516
331675.324285,380596.711268,0,730
331628.180159,380621.071866,0,626
331691.242564,380580.746887,0,459
331719.56786,380658.633453,0,730
331688.388247,380609.080507,0,558
331787.856985,380697.617804,0,619
331600.431571,380537.743631,0,730
331721.391615,380566.586177,0,618
331554.688883,380543.184898,0,481
331664.996914,380548.634739,0,730
331651.878817,380430.673199,0,730
331616.753953,380560.810808,0,730
331841.497392,380714.53588,0,256
331530.613167,380356.849317,0,730
331713.87182,380635.896808,0,730
331719.758908,380742.132019,0,614
331778.168098,380752.67058,0,730
331571.771512,380350.114429,0,517
331478.611775,380419.213289,0,730
331534.78787,380426.366704,0,730
331573.226621,380542.551788,0,320
331469.215537,380452.042568,0,730
331585.094277,380543.025115,0,730
331572.965028,380355.749754,0,730
331631.073954,380657.656071,0,27
331544.218546,380541.453614,0,730
331669.631107,380491.691284,0,730
331614.854774,380494.457112,0,730
331729.535281,380671.411688,0,730
331642.192346,380434.385998,0,225
331746.754451,380563.399093,0,730
331740.696269,380743.361028,0,730
331645.420495,380458.551173,0,6
331634.272851,380479.075452,0,107
331741.357708,380775.469756,0,730
331631.041443,380642.954862,0,730
331496.902922,380479.281993,0,730
331613.267646,380370.203297,0,730
331536.372007,380356.789809,0,730
331472.253499,380404.935578,0,550
331598.111224,380501.785936,0,436
331815.706586,380714.013359,0,548
331799.465011,380636.933165,0,730
331793.837293,380728.942945,0,730
331800.234527,380680.904263,0,622
331553.27742,380482.153163,0,730
331497.179673,380416.338988,0,730
331677.430912,380611.836512,0,730
331578.219548,380473.581391,0,730
331521.298174,380373.462976,0,730
331635.224765,380497.299857,0,730
331657.018672,380733.520302,0,730
331551.014946,380426.063413,0,730
331687.535205,380584.836261,0,210
331625.720695,380667.19896,0,323
331712.935127,380510.412803,0,382
331501.272443,380452.486061,0,730
331504.022146,380453.179767,0,483
331780.952354,380610.774539,0,289
331635.331309,380553.039764,0,95
331547.338881,380509.899194,0,730
331692.391463,380603.082715,0,168
331553.699756,380344.883338,0,730
331652.182398,380457.093822,0,730
331715.602177,380703.706816,0,658
331608.021283,380411.580307,0,730
331663.990813,380434.273414,0,730
331759.750074,380713.871211,0,730
331796.018107,380710.540278,0,730
331716.006356,380767.705685,0,502
331703.580414,380663.849193,0,540
331715.150723,380552.927677,0,730
331675.35997,380605.665867,0,730
331507.0701,380415.176308,0,730
331632.857909,380492.227667,0,625
331546.065939,380346.271306,0,207
331602.298516,380518.309613,0,730
331573.661933,380399.118173,0,430
331836.279955,380731.268807,0,175
331646.022653,380574.388655,0,730
331690.764346,380643.773178,0,730
331562.529731,380586.464345,0,564
331841.630104,380683.511894,0,730
331540.111577,380533.246167,0,730
331648.085753,380628.697117,0,730
331811.402799,380714.595231,0,730
331716.462493,380524.688131,0,66
331544.607778,380292.628251,0,730
331640.82057,380432.525433,0,415
331535.250788,380451.715695,0,730
331836.87641,380683.410859,0,730
331694.82591,380695.526374,0,603
331721.870667,380616.831795,0,730
331488.930505,380394.437579,0,679
331627.787028,380653.468745,0,730
331531.386197,380459.435175,0,216
331596.50513,380553.899887,0,75
331643.124698,380460.180214,0,730
331517.448977,380328.399299,0,486
331791.546079,380734.051781,0,730
331709.061017,380527.819821,0,730
331604.224065,380650.972219,0,109
331571.701671,380562.865317,0,730
331565.456405,380564.88993,0,730
331850.190225,380713.410386,0,635
331744.692482,380783.31194,0,730
331688.648302,380720.195767,0,730
331568.32074,380378.876655,0,730
331518.849325,380395.18516,0,730
331641.34061,380681.468609,0,316
331522.695589,380399.141609,0,128
331705.228546,380696.047736,0,180
331800.723058,380639.083218,0,730
331589.502992,380488.797586,0,685
331541.835041,380461.786927,0,730
331624.293402,380414.132948,0,730
331523.511957,380431.107039,0,730
331815.015105,380702.667901,0,730
331534.020659,380428.235206,0,527
331618.973931,380625.057993,0,730
331698.078074,380610.657732,0,632
331777.064375,380663.252354,0,661
331727.660454,380619.359111,0,730
331813.856198,380679.630538,0,425
331629.083049,380619.404179,0,730
331724.07972,380700.564021,0,520
331834.688075,380676.030948,0,657
331632.998211,380626.930652,0,730
331624.214315,380459.285191,0,730
331606.22216,380407.107028,0,730
331532.174863,380326.742888,0,711
331814.745076,380687.130631,0,461
331729.124136,380742.149861,0,730
331686.016886,380717.52422,0,730
331706.034716,380519.214894,0,730
331569.130269,380516.214733,0,610
331555.608246,380432.285486,0,730
331784.578188,380640.556678,0,730
331614.224049,380376.059335,0,670
331750.648794,380621.72411,0,730
331526.619397,380488.236054,0,730
331666.215377,380702.929567,0,461
331800.65932,380755.413277,0,535
331652.925936,380450.989722,0,294
331542.203984,380542.93307,0,303
331618.076381,380551.249994,0,537
331790.081028,380696.035733,0,215
331579.976065,380339.709452,0,730
331593.286091,380498.276508,0,265
331716.736516,380535.480846,0,730
331719.666149,380591.23536,0,730
331651.917165,380488.728146,0,287
331632.679606,380506.192227,0,730
331827.153028,380744.02687,0,730
331531.919166,380316.776335,0,730
331736.011333,380542.7261,0,730
331825.737928,380678.570157,0,730
331669.280404,380676.218962,0,113
331695.373796,380769.620117,0,730
331515.663101,380484.754438,0,730
331652.190448,380402.685237,0,730
331704.666472,380505.39765,0,587
331658.726445,380669.222996,0,679
331807.585631,380677.817494,0,676
331740.81558,380769.34746,0,629
331576.796623,380510.860886,0,730
331522.615968,380448.520265,0,87
331624.408167,380468.471242,0,730
331803.902311,380739.562439,0,730
331650.103677,380451.440943,0,730
331630.251182,380392.108576,0,730
331471.362483,380422.626417,0,730
331803.173186,380626.868608,0,730
331677.638282,380673.358923,0,730
331532.57482,380430.457742,0,730
331756.122893,380554.824649,0,730
331618.049628,380475.678463,0,195
331567.128999,380458.649542,0,438
331669.177206,380504.853478,0,418
331653.774892,380619.394566,0,730
331500.269329,380488.08133,0,603
331762.494586,380588.346383,0,730
331668.770146,380605.157856,0,730
331634.02015,380624.452994,0,730
331526.666,380526.928568,0,730
331800.364219,380658.831421,0,154
331707.067286,380521.211224,0,162
331563.056794,380349.784798,0,533
331704.501536,380676.786776,0,142
331683.401748,380692.844147,0,470
331604.125244,380649.769735,0,730
331655.915671,380665.308041,0,730
331695.637724,380786.452044,0,730
331566.619217,380592.8376,0,489
331710.16272,380743.701897,0,229
331563.311793,380531.126571,0,730
331607.622114,380661.039682,0,730
331528.907964,380342.240288,0,730
331713.677258,380657.937566,0,435
331660.798512,380677.101799,0,730
331642.24807,380563.620726,0,491
331550.196684,380378.896674,0,218
331691.604057,380660.742211,0,701
331549.44586,380382.618327,0,730
331543.352028,380449.126561,0,730
331723.28618,380600.545799,0,636
331498.960478,380463.157459,0,730
331708.780993,380674.150688,0,58
331590.125184,380613.936012,0,730
331730.244698,380536.974383,0,120
331623.737887,380560.629658,0,135
331719.114282,380598.405677,0,730
331590.36317,380379.210145,0,730
331826.073911,380730.579407,0,730
331713.309118,380591.511846,0,730
331711.865364,380752.031611,0,539
331642.558261,380461.474578,0,730
331716.916787,380522.953223,0,730
331709.901877,380761.420679,0,730
331570.297447,380401.667381,0,730
331564.661327,380452.127744,0,725
331785.968835,380744.92267,0,103
331577.929564,380570.670309,0,647
331641.842179,380522.502668,0,228
331755.00509,380566.36145,0,65
331495.535195,380462.189585,0,474
331679.231538,380517.873354,0,108
331623.80689,380559.280678,0,730
331526.35959,380481.291579,0,18
331618.089333,380658.685572,0,593
331729.893861,380611.725187,0,730
331671.400032,380576.442378,0,323
331694.326317,380739.762307,0,730
331707.265614,380762.885579,0,730
331737.969939,380636.613897,0,730
331612.829061,380365.61138,0,482
331550.242253,380507.963226,0,730
331746.821381,380561.046584,0,730
331774.813479,380750.197338,0,730
331779.31109,380702.227352,0,730
331556.526669,380307.249564,0,730
331556.841784,380450.110922,0,247
331661.811536,380417.765687,0,730
331642.453953,380647.69536,0,413
331605.865306,380645.347567,0,730
331644.512448,380519.818748,0,706
331638.792729,380488.954097,0,730
331533.321665,380359.487782,0,730
331592.855704,380606.377058,0,80
331547.11333,380438.975056,0,162
331683.992366,380469.399791,0,156
331564.442234,380471.01099,0,730
331671.794774,380715.371419,0,730
331506.756725,380383.891416,0,569
331557.232323,380323.574713,0,730
331657.324705,380498.106286,0,669
331522.460068,380514.839769,0,730
331572.976451,380412.885862,0,730
331574.71303,380604.278133,0,478
331623.059179,380453.971487,0,730
331545.282664,380426.567415,0,730
331459.959986,380430.570938,0,730
331703.539435,380497.159352,0,730
331629.01216,380483.859864,0,730
331754.840728,380562.528959,0,730
331624.831637,380628.065157,0,402
331711.712335,380561.903002,0,322
331656.984088,380661.558113,0,192
331644.598092,380548.018968,0,730
331699.117944,380635.588152,0,228
331487.698056,380424.998069,0,647
331559.365442,380557.169588,0,327
331724.51533,380598.20256,0,730
331609.248878,380380.28779,0,727
331643.39031,380495.4904,0,730
331705.604867,380615.88094,0,534
331610.688436,380421.450864,0,730
331655.264076,380491.843296,0,730
331685.026674,380703.715117,0,70
331599.368255,380622.672933,0,301
331588.416488,380371.187872,0,730
331693.159546,380656.406263,0,730
331542.953199,380324.629564,0,668
331775.853809,380625.134061,0,730
331504.319802,380419.513216,0,594
331714.115299,380800.767681,0,591
331647.78451,380485.225581,0,587
331580.038336,380613.037646,0,730
331494.713475,380394.712774,0,730
331675.561685,380658.945921,0,730
331790.710698,380650.752729,0,560
331523.278619,380432.162348,0,730
331575.216404,380473.740309,0,730
331717.230658,380658.463256,0,566
331788.092957,380707.557065,0,93
331719.310604,380554.079383,0,141
331534.746733,380383.139126,0,476
331776.569032,380627.831748,0,518
331747.967693,380641.873246,0,730
331826.903944,380730.526226,0,730
331618.857866,380592.870399,0,377
331555.075804,380371.362672,0,730
331828.211601,380710.251675,0,730
331669.912237,380676.14129,0,730
331768.401841,380705.365319,0,730
331595.172137,380347.994537,0,710
331805.559107,380665.813494,0,730
331601.030681,380426.355214,0,226
331669.996742,380647.011886,0,730
331548.023273,380312.141742,0,244
331720.97276,380729.335503,0,652
331614.798866,380405.638365,0,730
331553.012937,380506.398226,0,730
331739.886602,380638.161879,0,207
331652.11112,380465.539791,0,730
331645.333572,380606.18323,0,642
331683.061958,380638.456843,0,730
331480.571753,380459.359088,0,730
331669.766078,380683.705248,0,707
331555.532747,380474.138582,0,730
331684.738506,380735.073691,0,730
331713.131286,380602.555987,0,730
331736.411118,380727.718282,0,266
331544.073499,380498.838796,0,694
331693.684277,380723.897727,0,634
331580.042943,380566.395498,0,730
331613.497789,380627.296043,0,730
331532.538758,380381.817654,0,730
331622.888923,380558.990442,0,730
331724.134916,380712.823297,0,561
331556.070606,380357.816273,0,553
331546.490593,380558.572392,0,730
331536.783461,380452.246685,0,140
331617.340832,380539.932578,0,730
331751.450718,380649.023346,0,730
331512.024636,380464.333869,0,598
331697.578456,380471.741436,0,730
331536.436063,380436.697451,0,307
331527.936607,380341.2996,0,730
331652.719607,380649.65433,0,433
331611.057852,380588.959293,0,730
331543.262951,380553.302151,0,657
331671.171037,380755.219145,0,730
331532.996653,380404.103345,0,715
331711.806045,380701.791205,0,730
331650.127507,380413.667623,0,403
331548.672691,380439.442409,0,730
331684.960032,380459.208416,0,688
331700.1689,380629.773124,0,730
331567.083138,380475.811947,0,730
331513.191708,380469.279965,0,583
331656.497598,380709.614481,0,730
331564.623088,380407.873622,0,635
331599.954237,380374.737974,0,292
331676.627202,380511.966419,0,538
331714.680108,380748.057175,0,730
331598.471958,380352.567101,0,730
331705.67717,380567.358234,0,730
331603.501222,380586.164939,0,186
331531.646057,380375.223918,0,730
331763.770032,380689.87021,0,730
331575.750405,380514.3729,0,730
331577.723293,380595.443404,0,730
331721.110752,380738.995996,0,270
331725.684697,380683.426025,0,371
331715.314496,380528.209941,0,46
331693.545815,380770.842808,0,419
331688.193167,380667.784103,0,730
331631.348671,380696.781082,0,730
331528.110016,380521.262145,0,274
331722.608925,380515.938647,0,621
331693.790371,380515.545182,0,605
331778.918208,380679.310695,0,730
331581.303835,380616.486629,0,730
331729.861261,380795.567669,0,161
331694.86717,380695.652573,0,9
331668.628024,380457.014709,0,105
331752.963415,380658.300633,0,730
331852.112359,380705.702489,0,406
331517.307745,380479.507151,0,730
331630.787171,380418.306661,0,730
331682.810756,380658.225872,0,241
331695.300447,380608.954259,0,131
331770.401147,380712.732641,0,544
331537.404345,380558.503758,0,294
331582.641041,380593.614759,0,730
331511.847047,380414.851818,0,504
331729.95362,380659.010801,0,350
331755.37137,380668.311442,0,549
331646.572336,380491.12207,0,532
331585.916221,380356.006103,0,525
331574.787178,380298.993718,0,221
331752.152999,380564.124694,0,730
331748.933487,380561.35792,0,730
331688.743727,380662.895847,0,730
331744.818155,380620.9973,0,263
331718.306371,380694.75801,0,730
331523.653502,380329.485236,0,730
331703.258627,380786.961573,0,528
331738.873253,380679.18549,0,730
331719.627272,380643.302661,0,730
331666.043672,380479.527089,0,730
331715.913648,380762.87737,0,730
331614.649605,380663.22896,0,730
331716.773388,380708.214804,0,233
331536.635775,380400.703333,0,730
331825.182497,380744.690604,0,730
331532.037247,380514.085265,0,251
331856.15485,380705.15265,0,465
331685.081834,380567.987739,0,321
331580.047552,380453.990785,0,730
331806.045113,380669.692061,0,550
331615.662403,380410.948991,0,730
331669.167086,380564.792939,0,380
331537.320622,380326.894341,0,730
331591.740325,380320.249396,0,730
331605.160481,380451.653031,0,730
331661.972421,380577.871811,0,730
331602.929494,380561.485558,0,590
331708.915478,380642.028374,0,593
331566.991106,380601.816444,0,257
331637.23686,380381.750084,0,730
331516.034336,380373.161689,0,730
331573.028391,380426.538683,0,730
331619.401207,380406.982882,0,214
331542.93808,380452.631441,0,687
331600.263644,380624.404633,0,730
331498.729092,380478.795416,0,141
331572.064574,380341.229057,0,355
331529.995634,380482.846118,0,320
331818.739306,380704.875956,0,730
331807.605987,380668.477957,0,641
331593.654255,380479.837485,0,284
331687.736467,380746.154313,0,551
331794.913889,380678.004608,0,730
331616.122029,380432.383322,0,246
331762.470936,380586.081084,0,665
331834.416812,380673.121893,0,588
331694.202866,380589.052699,0,577
331640.305151,380605.725721,0,457
331686.547419,380744.062629,0,730
331719.369197,380703.077388,0,730
331681.553707,380772.221831,0,730
331689.48811,380572.339226,0,494
331639.699832,380541.272155,0,730
331533.971011,380440.614669,0,599
331631.84869,380385.454376,0,730
331849.110254,380744.325903,0,730
331660.515777,380639.862604,0,730
331618.440781,380401.249632,0,730
331758.391653,380673.295775,0,147
331586.45786,380588.155599,0,730
331759.426196,380595.301202,0,730
331641.569208,380567.351445,0,39
331676.2001,380679.113518,0,730
331667.878366,380697.364919,0,698
331658.495137,380647.480897,0,730
331590.894706,380387.773541,0,730
331629.041656,380540.343295,0,80
331616.690708,380555.36136,0,667
331654.308516,380456.834443,0,730
331571.321731,380319.763605,0,730
331554.946215,380303.283133,0,255
331615.861057,380544.554589,0,136
331582.201642,380607.414451,0,200
331667.711779,380463.621051,0,730
331569.041789,380391.825233,0,730
331793.546442,380610.535676,0,487
331562.884533,380493.422288,0,730
331497.903794,380369.089105,0,730
331767.127503,380602.677865,0,730
331798.886891,380759.002883,0,529
331545.161091,380458.506754,0,730
331802.407751,380648.655781,0,730
331511.191939,380457.918242,0,730
331806.888602,380671.871683,0,730
331773.03417,380730.595745,0,589
331678.211353,380766.961691,0,407
331638.007219,380451.790967,0,164
331571.47463,380601.735726,0,730
331699.207232,380693.908694,0,730
331604.297238,380353.016181,0,394
331530.080936,380488.321975,0,562
331794.483208,380693.403319,0,705
331662.200947,380440.014105,0,730
331732.490764,380610.334664,0,208
331729.428146,380785.410749,0,730
331728.397041,380788.776106,0,730
331630.909919,380542.16564,0,730
331663.695412,380494.045013,0,175
331585.660954,380533.433687,0,597
331501.715008,380406.967476,0,438
331626.75867,380599.186932,0,531
331659.354875,380646.419188,0,258
331622.180166,380426.127498,0,730
331752.64206,380783.296667,0,557
331730.551824,380709.347909,0,218
331661.435066,380523.057363,0,730
331560.040582,380529.911647,0,63
331809.720844,380725.197096,0,457
331560.257211,380400.00458,0,358
331585.447245,380439.762125,0,368
331639.082514,380425.947003,0,730
331596.196557,380383.183532,0,730
331636.711595,380596.691533,0,730
331528.773978,380494.431836,0,730
331651.730438,380499.409548,0,206
331712.781811,380709.22493,0,730
331655.427335,380666.137795,0,730
331534.019806,380501.817335,0,730
331812.343098,380734.9251,0,730
331698.210738,380533.64823,0,730
331564.039255,380507.354697,0,521
331586.6841,380595.035461,0,730
331834.223282,380752.645188,0,361
331500.573757,380400.22843,0,523
331683.837934,380587.477422,0,173
331759.58974,380644.958818,0,109
331718.120875,380503.189708,0,435
331655.856673,380632.340727,0,730
331613.691649,380614.383688,0,730
331786.677659,380701.894017,0,730
331494.532499,380441.822535,0,64
331535.682333,380304.582706,0,22
331709.844536,380526.181712,0,729
331554.22166,380300.880319,0,730
331581.103866,380429.535426,0,730
331531.540435,380375.875667,0,176
331563.502761,380409.81557,0,730
331512.024863,380505.705772,0,569
331536.831482,380502.383465,0,273
331652.250567,380682.018075,0,730
331580.224887,380301.046983,0,730
331769.669415,380780.800198,0,397
331660.126581,380535.292454,0,381
331587.34832,380467.276673,0,720
331705.075521,380518.824953,0,730
331523.283067,380523.998154,0,730
331546.567278,380492.865131,0,730
331645.95519,380469.777429,0,730
331577.331325,380324.630317,0,688
331668.671859,380483.491549,0,555
331487.223009,380379.260992,0,730
331549.79996,380293.268104,0,181
331518.264585,380467.404594,0,100
331660.030625,380561.212036,0,412
331496.355652,380357.822745,0,730
331715.997077,380793.639326,0,730
331544.326389,380452.978895,0,429
331759.301618,380673.509679,0,730
331686.956565,380751.505526,0,474
331577.557894,380556.093646,0,19
331700.400457,380715.930837,0,730
331573.566814,380520.639632,0,730
331571.13826,380385.977523,0,273
331600.61861,380526.614059,0,730
331453.401036,380429.57897,0,170
331724.041268,380593.119437,0,730
331573.750784,380388.349621,0,730
331670.719851,380745.473634,0,304
331586.898256,380341.045404,0,670
331654.542208,380431.74801,0,730
331674.762374,380432.988347,0,730
331790.222878,380710.92635,0,730
331506.375535,380423.139261,0,730
331675.076883,380476.606841,0,250
331594.648359,380617.146312,0,730
331583.193994,380371.234869,0,730
331810.398511,380706.039834,0,172
331535.020796,380329.944541,0,730
331516.238824,380420.907137,0,730
331736.796088,380655.318856,0,279
331641.355554,380546.407979,0,198
331696.690668,380626.118597,0,11
331543.748256,380537.450229,0,730
331629.239053,380548.568963,0,730
331717.574924,380718.436771,0,730
331669.350135,380503.037973,0,730
331564.311402,380361.181888,0,730
331799.049451,380640.510433,0,259
331698.91715,380718.783401,0,703
331695.606599,380564.381075,0,623
331672.269393,380483.771041,0,730
331579.392761,380500.533231,0,730
331749.382392,380587.079034,0,730
331673.826957,380455.044774,0,730
331694.212059,380668.867634,0,730
331535.796309,380467.111725,0,730
331793.648588,380733.916886,0,583
331682.691141,380703.178482,0,730
331658.441773,380650.050349,0,730
331619.983893,380449.366191,0,492
331655.753016,380529.297462,0,730
331589.259189,380360.970855,0,386
331648.542063,380472.816771,0,296
331714.026095,380517.564822,0,484
331526.058151,380500.511558,0,196
331487.075535,380370.413332,0,607
331528.343017,380495.106208,0,675
331655.158348,380568.068818,0,335
331650.437428,380650.801438,0,471
331669.36023,380735.050822,0,693
331588.437573,380481.679366,0,730
331753.802315,380642.119992,0,730
331856.49496,380733.12259,0,730
331630.985649,380451.277684,0,730
331599.218337,380434.676097,0,589
331703.610497,380628.384504,0,639
331573.037757,380485.861251,0,138
331696.534859,380565.095105,0,730
331660.134542,380542.544224,0,730
331620.663874,380547.775733,0,730
331733.88926,380665.92896,0,730
331797.32229,380666.459452,0,730
331813.256546,380705.163069,0,442
331474.406903,380396.882673,0,557
331670.046553,380619.517029,0,730
331715.181421,380663.766222,0,730
331771.645859,380725.78496,0,564
331717.266616,380686.510181,0,140
331726.527895,380695.815951,0,556
331599.698989,380595.169691,0,730
331610.978247,380362.197308,0,730
331716.897306,380786.673408,0,507
331533.282806,380469.623995,0,730
331732.745179,380749.194484,0,709
331683.342579,380733.061947,0,730
331772.443711,380744.412075,0,730
331822.225716,380689.842733,0,730
331496.525916,380404.187251,0,263
331751.036654,380657.917151,0,730
331738.351022,380567.832082,0,202
331666.326066,380668.471968,0,248
331858.039839,380717.536742,0,47
331676.521294,380686.297732,0,730
331758.684333,380696.215056,0,6
331559.569667,380542.341363,0,730
331584.167347,380331.742781,0,340
331693.181809,380587.632477,0,634
331733.956098,380703.057633,0,148
331613.27874,380543.878473,0,582
331634.249237,380522.374812,0,530
331773.402601,380779.43661,0,730
331624.981552,380450.422748,0,730
331690.248968,380588.019997,0,566
331667.36742,380682.207629,0,712
331636.589724,380616.376041,0,730
331750.793602,380573.1502,0,439
331663.616627,380461.797888,0,73
331777.075376,380592.446677,0,394
331791.496326,380733.76068,0,530
331568.583492,380444.03553,0,730
331491.973482,380489.959538,0,426
331499.474421,380462.336616,0,730
331498.782412,380435.43246,0,671
331610.397616,380652.532232,0,730
331620.767534,380677.902023,0,730
331599.445094,380502.78229,0,302
331637.193418,380598.900063,0,106
331513.472938,380467.248483,0,730
331702.580506,380677.426129,0,730
331662.200475,380417.445524,0,691
331749.068875,380663.048427,0,730
331636.857299,380401.918158,0,730
331497.785565,380499.592865,0,264
331516.064534,380503.66731,0,441
331643.714393,380713.857103,0,730
331725.738011,380793.336126,0,730
331557.762874,380541.390424,0,730
331575.711888,380600.246425,0,180
331712.905651,380785.227389,0,402
331548.200757,380396.70778,0,135
331710.801484,380744.352611,0,473
331640.577294,380525.428957,0,627
331673.038279,380470.612325,0,505
331640.570269,380516.268686,0,646
331697.624213,380582.514014,0,730
331573.466276,380298.606168,0,730
331541.342407,380498.621858,0,671
331628.327757,380574.669817,0,730
331702.500758,380694.436255,0,730
331746.619052,380743.553859,0,11
331526.236845,380325.425804,0,730
331774.099037,380674.079934,0,423
331687.945223,380650.255878,0,521
331612.628015,380486.843835,0,730
331733.425322,380760.460969,0,730
331643.036932,380616.319099,0,42
331794.187308,380725.385007,0,376
331631.870694,380383.083316,0,730
331751.27379,380737.984755,0,571
331488.423277,380384.964985,0,716
331758.853037,380599.711529,0,730
331586.794734,380465.17375,0,317
331695.701529,380732.658611,0,730
331672.473906,380735.302205,0,353
331664.164922,380668.991504,0,730
331715.746229,380605.928495,0,730
331510.370934,380376.682449,0,150
331516.298451,380357.380025,0,730
331541.895087,380304.276699,0,519
331590.103439,380451.024811,0,730
331692.780065,380485.804755,0,730
331664.526704,380676.662417,0,730
331709.845909,380511.218121,0,730
331701.740004,380630.710844,0,730
331616.051556,380539.562269,0,730
331623.82632,380506.381173,0,650
331810.284076,380741.269102,0,568
331634.349896,380586.19243,0,600
331542.967936,380533.401092,0,723
331809.267581,380655.568837,0,362
331596.279936,380391.240868,0,730
331797.155014,380702.492668,0,34
331541.646856,380522.181497,0,730
331749.269093,380585.935225,0,265
331598.476719,380414.812943,0,411
331614.282609,380515.95076,0,313
331484.718021,380425.200553,0,730
331676.452066,380610.369541,0,730
331676.226949,380708.493251,0,730
331541.388432,380431.324432,0,730
331664.274087,380647.312079,0,730
331783.108278,380770.760035,0,61
331711.335923,380663.525248,0,730
331546.18475,380500.647966,0,420
331687.328646,380690.184079,0,682
331756.328319,380747.804068,0,730
331591.170735,380401.640673,0,139
331755.493428,380618.598028,0,54
331681.503171,380658.51472,0,730
331772.704761,380773.811628,0,730
331501.715035,380490.999736,0,730
331545.82673,380440.234102,0,291
331685.514754,380596.869785,0,4
331536.77984,380305.844397,0,511
331758.547708,380626.6077,0,529
331854.490841,380706.940531,0,485
331590.308093,380546.785346,0,730
331655.646728,380405.342643,0,730
331530.719808,380457.699181,0,295
331759.973427,380677.016465,0,91
331587.211799,380596.729433,0,730
331617.818019,380605.507255,0,289
331553.12567,380415.679536,0,730
331706.152055,380711.999467,0,730
331648.028713,380588.165375,0,730
331531.031357,380339.134807,0,561
331674.488423,380648.847587,0,27
331773.719328,380745.694284,0,713
331857.157247,380705.860213,0,730
331619.891859,380424.211256,0,730
331639.094827,380593.900232,0,421
331672.012715,380647.194464,0,730
331596.514819,380380.472024,0,348
331680.946439,380564.536032,0,730
331673.80735,380731.726645,0,730
331528.217943,380413.3285,0,730
331678.152278,380532.562788,0,730
331773.003966,380640.804994,0,721
331784.755515,380741.234565,0,7
331653.722782,380527.561417,0,702
331617.561688,380593.932012,0,730
331713.70128,380630.682102,0,646
331592.483817,380334.316035,0,730
331515.467388,380367.186837,0,441
331617.493628,380449.036583,0,730
331578.207619,380550.156057,0,130
331735.501057,380730.739435,0,730
331779.792507,380747.083514,0,325
331577.665734,380616.475032,0,643
331638.66071,380604.86112,0,314
331591.598796,380633.498713,0,424
331740.820059,380530.526424,0,730
331511.742302,380338.0154,0,730
331616.401953,380471.611251,0,216
331758.664096,380584.929517,0,730
331535.347557,380523.009214,0,730
331728.773991,380607.03368,0,730
331586.444533,380314.337824,0,730
331755.550818,380644.617566,0,730
331801.074014,380687.428612,0,478
331494.596483,380440.829269,0,515
331653.006546,380412.300985,0,730
331791.118552,380617.956836,0,511
331785.26519,380649.990071,0,730
331561.438652,380374.54863,0,730
331711.561353,380542.458323,0,730
331644.682791,380713.955942,0,730
331650.297159,380550.297692,0,730
331753.088643,380549.524881,0,730
331667.983707,380740.137839,0,433
331635.747407,380482.173061,0,651
331671.187477,380586.533497,0,10
331649.395987,380714.003712,0,730
331711.087976,380604.125275,0,730
331754.030432,380726.948708,0,730
331543.092067,380380.516019,0,623
331669.239046,380477.034155,0,730
331813.237098,380648.859849,0,211
331549.927879,380481.357283,0,730
331651.17868,380519.70788,0,444
331664.575961,380544.197134,0,730
331690.506635,380713.069101,0,604
331599.023417,380443.770904,0,730
331677.488986,380563.975148,0,628
331561.059873,380530.806829,0,518
331686.339899,380770.825844,0,730
331685.166219,380531.241241,0,730
331662.500872,380704.084485,0,730
331603.156053,380467.624497,0,156
331502.986495,380429.063562,0,730
331785.124669,380627.479728,0,730
331582.101517,380421.277655,0,730
331802.198701,380697.301192,0,730
331626.530417,380547.783821,0,730
331611.227259,380420.379113,0,352
331585.824066,380419.99633,0,730
331814.156906,380758.83933,0,730
331693.230856,380486.798446,0,159
331477.741057,380468.622627,0,227
331675.641527,380620.943587,0,660
331687.986022,380709.99326,0,290
331486.757893,380382.122579,0,654
331684.280055,380764.805329,0,730
331554.836873,380483.384273,0,730
331515.880131,380448.957148,0,655
331741.720899,380591.157683,0,730
331698.81488,380585.932072,0,730
331549.120363,380400.431422,0,730
331677.196501,380542.712992,0,730
331692.237314,380584.630585,0,730
331787.388862,380614.659851,0,490
331517.485814,380358.181604,0,225
331694.922928,380765.716102,0,268
331524.783039,380536.992502,0,730
331565.230306,380329.808474,0,730
331514.683256,380413.844891,0,730
331707.347719,380510.94622,0,730
331817.760955,380705.983187,0,96
331698.140403,380739.054689,0,575
331500.469003,380436.271979,0,350
331731.998083,380763.009595,0,730
331592.643872,380543.383048,0,329
331590.500832,380436.123578,0,451
331639.300291,380698.582236,0,579
331652.00085,380704.572758,0,157
331501.964248,380470.752109,0,546
331658.497393,380688.278244,0,730
331532.759084,380406.19921,0,705
331719.254352,380552.234295,0,730
331580.770963,380573.855046,0,730
331677.106713,380731.169091,0,302
331526.197944,380465.780982,0,392
331789.346942,380641.61584,0,730
331776.253476,380697.226901,0,730
331631.091544,380542.813316,0,730
331637.559709,380522.260818,0,730
331783.04549,380670.149222,0,12
331635.476258,380485.310362,0,456
331721.907247,380605.71778,0,730
331542.680913,380374.847715,0,730
331669.705526,380676.935846,0,730
331508.15213,380401.224946,0,609
331676.498255,380529.380797,0,730
331601.195716,380344.424691,0,730
331588.92511,380589.450691,0,730
331533.976671,380362.360609,0,81
331545.952303,380567.607816,0,730
331717.838921,380754.773216,0,730
331564.206397,380497.066193,0,730
331482.704342,380421.454569,0,298
331631.151679,380366.360931,0,730
331605.287599,380399.207876,0,25
331619.882748,380371.930323,0,730
331762.845408,380744.604016,0,730
331661.849152,380682.901184,0,449
331650.102384,380589.844447,0,730
331634.825653,380505.918232,0,730
331743.774202,380616.818304,0,21
331689.047026,380685.833102,0,714
331522.714278,380455.754968,0,730
331605.070151,380531.836463,0,730
331592.193592,380424.729984,0,730
331543.713818,380537.730738,0,690
331674.975452,380600.891656,0,730
331566.81838,380372.268244,0,577
331804.116882,380696.148434,0,481
331696.154507,380711.84122,0,730
331537.267848,380323.830966,0,730
331740.560753,380603.917464,0,401
331507.546255,380383.57644,0,271
331634.723409,380389.658371,0,730
331624.152873,380413.087742,0,730
331693.210064,380590.402881,0,730
331572.847067,380585.141394,0,730
331751.969659,380630.274797,0,283
331765.155951,380679.792352,0,684
331693.254454,380691.234404,0,730
331692.007919,380572.366511,0,730
331849.287646,380734.258892,0,608
331647.040745,380574.326132,0,730
331699.015258,380488.230725,0,730
331521.074921,380370.077187,0,467
331703.315723,380803.428495,0,250
331803.440976,380636.171859,0,43
331698.796201,380493.568923,0,730
331805.974827,380716.925091,0,730
331565.189977,380471.911016,0,654
331548.089588,380551.835783,0,730
331734.904219,380733.761201,0,573
331504.956814,380431.862273,0,730
331537.155978,380525.120566,0,730
331672.84341,380563.392878,0,730
331535.640691,380399.142504,0,161
331753.697772,380684.666843,0,91
331782.189399,380708.159946,0,611
331785.450803,380768.918025,0,730
331658.218945,380638.301476,0,730
331658.343211,380542.627021,0,325
331674.879677,380721.690166,0,730
331729.414692,380559.384328,0,82
331563.820879,380516.624417,0,730
331528.254655,380312.682898,0,351
331683.973525,380530.000626,0,284
331563.475636,380364.184098,0,702
331506.839467,380377.624603,0,388
331686.14906,380599.691119,0,364
331531.955759,380358.597563,0,693
331785.274844,380604.082448,0,730
331824.810949,380665.324804,0,730
331825.273339,380678.544534,0,730
331579.188871,380405.120434,0,405
331734.40551,380771.191371,0,730
331779.520526,380776.42803,0,104
331773.703572,380606.237443,0,730
331597.282504,380464.751192,0,730
331804.494564,380643.673193,0,366
331571.36658,380593.839465,0,698
331675.247386,380762.783965,0,730
331745.677477,380750.69128,0,144
331548.376448,380460.341806,0,422
331734.266856,380661.491972,0,176
331562.794757,380459.442893,0,537
331614.030499,380564.999844,0,560
331742.024223,380699.627685,0,730
