327286.778542,375062.371854,0,624
327047.461711,375157.682314,0,730
327047.534086,375169.26641,0,587
327267.822349,375036.93696,0,600
327208.558157,375128.323892,0,674
327179.986357,375155.536273,0,730
327285.459324,375096.464658,0,540
327277.212707,375055.077245,0,712
327179.719943,375102.277437,0,730
327213.25679,375054.928769,0,730
327241.296228,375030.848857,0,603
327295.338323,375029.816094,0,730
327266.341358,375101.691824,0,637
327227.31597,375139.783518,0,110
327187.870594,375048.559129,0,67
327261.878442,374997.74853,0,730
327245.674203,375018.076739,0,423
327152.721582,375128.899592,0,566
327278.665677,375069.926986,0,730
327271.238421,375058.145656,0,730
327248.571643,375109.313437,0,665
327258.842791,375041.798579,0,422
327161.863161,375148.94542,0,201
327150.043297,375108.645204,0,730
327278.774033,375010.538259,0,730
327264.805573,375044.915232,0,730
327261.719021,375048.502508,0,20
327273.77393,374986.464895,0,609
327211.806678,375122.91303,0,730
327228.70326,375155.299655,0,730
327239.52642,375026.190698,0,625
327164.89646,375100.097202,0,730
327165.221682,375149.934745,0,730
327120.311452,375100.554472,0,631
327226.062579,375069.591495,0,601
327292.970948,375014.102526,0,730
327250.566607,375031.591452,0,730
327244.279007,375107.374117,0,567
327291.525035,375028.92912,0,726
327277.957867,375099.35144,0,730
327241.85685,375024.238353,0,290
327153.247419,375117.966391,0,329
327170.306309,375135.731778,0,618
327258.758066,375119.261772,0,730
327289.846027,375094.777779,0,730
327227.19553,375125.473284,0,258
327116.603779,375102.358674,0,168
327042.976724,375166.223133,0,687
327281.412781,375053.327803,0,705
327294.542547,375037.637368,0,730
327121.855027,375157.364534,0,392
327151.225283,375071.653466,0,102
327076.418025,375136.058292,0,265
327149.796105,375123.878132,0,603
327295.208439,375015.055973,0,432
327269.262036,375054.919894,0,730
327055.510451,375149.371738,0,534
327275.587623,375069.87895,0,730
327188.345118,375123.594754,0,730
327183.783491,375075.36031,0,730
327194.992583,375036.318366,0,730
327054.736314,375161.151122,0,266
327249.855339,374996.137865,0,730
327094.104471,375168.911832,0,730
327202.154502,375080.935891,0,166
327247.829955,375024.074798,0,516
327107.704285,375136.854558,0,730
327158.614777,375067.291439,0,478
327261.798473,375119.11875,0,493
327186.640358,375062.42355,0,628
327128.610145,375114.462799,0,730
327267.595713,375012.61006,0,730
327094.327457,375133.395494,0,730
327145.566074,375132.484,0,15
327034.711233,375176.354208,0,191
327215.559346,375119.634701,0,730
327135.850926,375086.128301,0,692
327261.511359,375018.284932,0,638
327207.241083,375139.942958,0,730
327253.918138,375119.732586,0,730
327218.839216,375040.474542,0,368
327119.618006,375100.754278,0,583
327043.184839,375177.876301,0,730
327102.754018,375132.195155,0,730
327239.053398,375120.949141,0,730
327172.777901,375142.036643,0,423
327275.357236,374981.628197,0,175
327265.951703,375089.891371,0,730
327271.071817,374987.119988,0,700
327275.016816,375117.833307,0,730
327088.340641,375155.151277,0,597
327072.735631,375133.875022,0,730
327283.012013,375147.553895,0,576
327266.285275,374990.729216,0,182
327213.368792,375052.982537,0,730
327247.983477,375036.205595,0,730
327295.265433,375025.463616,0,730
327183.50226,375089.234351,0,553
327178.047551,375122.857889,0,730
327249.406065,375025.282029,0,730
327286.662473,375069.071686,0,48
327095.898264,375158.13779,0,300
327069.116734,375151.165947,0,730
327211.202279,375118.176692,0,406
327176.607628,375163.469207,0,730
327075.439798,375170.743844,0,730
327180.745664,375164.974417,0,388
327260.70723,375037.681448,0,675
327222.712953,375078.192705,0,92
327210.261449,375093.651731,0,560
327234.194624,375039.034031,0,730
327272.137737,375026.111826,0,730
327254.046191,375081.598424,0,372
327054.719462,375167.309875,0,730
327223.41701,375136.029215,0,229
327219.845439,375022.840973,0,730
327168.509955,375058.370578,0,730
327284.43071,374984.463542,0,730
327203.783813,375034.713091,0,693
327101.549434,375171.316913,0,730
327227.00505,375082.923995,0,413
327281.911924,375142.745878,0,730
327144.795655,375085.239017,0,522
327249.156218,375009.105421,0,730
327149.911076,375148.445576,0,242
327044.646331,375164.223271,0,162
327263.29739,374994.150093,0,730
327244.403112,375004.667236,0,730
327201.342536,375060.781435,0,652
327238.778559,375048.829293,0,730
327177.571428,375123.066176,0,720
327256.212529,375033.451675,0,730
327190.109437,375044.462006,0,17
327244.709398,375098.778748,0,69
327204.92017,375134.4751,0,468
327199.813887,375139.918694,0,108
327275.429037,375004.150132,0,575
327284.071263,375109.285459,0,727
327172.385222,375086.360673,0,140
327144.214877,375077.47282,0,417
327285.56174,375139.390851,0,730
327177.909928,375049.636978,0,730
327090.373461,375146.534771,0,730
327101.490372,375116.287128,0,730
327236.90801,375144.095632,0,726
327244.294929,375062.171777,0,223
327198.435609,375061.651586,0,99
327211.076267,375117.272332,0,578
327260.290698,374993.844976,0,730
327244.729628,375123.49864,0,730
327238.384018,375035.644734,0,216
327151.204161,375145.903555,0,730
327191.063884,375049.599887,0,730
327272.206102,375007.419632,0,252
327268.32885,375147.850507,0,179
327235.067406,375159.288967,0,72
327253.837711,375025.932738,0,160
327275.913443,374987.896157,0,595
327160.217819,375098.00865,0,234
327236.578345,375033.448466,0,730
327110.274994,375119.246247,0,730
327296.77132,375012.44833,0,608
327223.098734,375060.241091,0,347
327103.318591,375151.868601,0,730
327190.340712,375109.446731,0,213
327255.542835,375082.012855,0,289
327092.960658,375123.369937,0,661
327145.091851,375110.314803,0,97
327125.670559,375116.049219,0,730
327194.650357,375090.417833,0,730
327259.854579,375129.052223,0,730
327063.342089,375151.986029,0,326
327145.829527,375140.02146,0,730
327203.804426,375038.28822,0,730
327264.40419,375100.362263,0,652
327258.127347,375036.022923,0,714
327111.415535,375110.372469,0,730
327116.874719,375135.32539,0,256
327162.238848,375167.641286,0,338
327285.474484,374974.271837,0,730
327254.307926,375101.156215,0,730
327062.213653,375152.678151,0,730
327174.770237,375069.706441,0,730
327233.135763,375105.051674,0,244
327272.986574,375053.400359,0,730
327127.227162,375149.58365,0,443
327259.086122,375068.710881,0,464
327092.698432,375137.728521,0,559
327287.09971,375124.190713,0,730
327286.408227,375014.792661,0,730
327253.516363,375006.909537,0,348
327088.355583,375127.453596,0,730
327135.043739,375100.014351,0,730
327131.494505,375146.821608,0,730
327278.714147,375044.531855,0,618
327277.513853,375136.017008,0,176
327119.779986,375127.426755,0,730
327252.691927,375036.72324,0,125
327260.874508,375067.23561,0,730
327214.364211,375119.669467,0,373
327216.035649,375048.870222,0,730
327165.565287,375156.199793,0,730
327123.641276,375116.353246,0,51
327228.591942,375029.523197,0,71
327252.583305,375091.167353,0,730
327275.040013,375138.276242,0,730
327258.611602,375026.397273,0,730
327254.943905,375025.770313,0,730
327196.86456,375144.500607,0,730
327109.868402,375113.319032,0,379
327251.970492,375149.061919,0,394
327134.927834,375167.292828,0,730
327084.345785,375163.215352,0,730
327212.806379,375088.511702,0,730
327204.322313,375102.338689,0,730
327259.78571,375131.695055,0,48
327263.654496,375006.7088,0,434
327058.469001,375146.216644,0,730
327192.90807,375142.661431,0,730
327287.184467,374998.041672,0,103
327282.106736,375000.400506,0,730
327180.729503,375077.292851,0,730
327216.489132,375094.654412,0,312
327155.572551,375162.70025,0,730
327215.505311,375100.164714,0,730
327194.16821,375072.889777,0,207
327141.109068,375112.767236,0,163
327128.131994,375138.686099,0,620
327225.322938,375153.412198,0,328
327275.556263,375129.55333,0,730
327162.471204,375161.687345,0,407
327167.078559,375059.388764,0,730
327129.593251,375167.508864,0,686
327267.466823,374989.908734,0,730
327115.628987,375123.591542,0,730
327190.88438,375080.392681,0,196
327079.682188,375162.078886,0,512
327258.791972,375140.767461,0,626
327287.701586,374986.370944,0,679
327179.593057,375070.059987,0,730
327114.612802,375144.243451,0,283
327212.902104,375108.670605,0,401
327055.030725,375162.229481,0,730
327133.28518,375113.36293,0,730
327075.35179,375169.950147,0,730
327148.623824,375129.11172,0,429
327113.096056,375122.86945,0,239
327182.236935,375111.07257,0,485
327074.148637,375157.830888,0,339
327217.182857,375113.443279,0,467
327154.713239,375148.115327,0,589
327263.819564,375037.451464,0,730
327106.397629,375131.769089,0,470
327276.152762,375058.878287,0,730
327294.255344,374962.999964,0,730
327239.063153,375159.12528,0,730
327193.290686,375159.869774,0,730
327289.636612,375038.317158,0,191
327193.49009,375137.923977,0,658
327287.463642,375054.178483,0,379
327239.515707,375001.581324,0,555
327202.719652,375057.202243,0,730
327213.730954,375107.424713,0,730
327278.388078,375136.149621,0,730
327123.051017,375123.205925,0,719
327224.474958,375107.160485,0,258
327260.717226,375116.216314,0,544
327087.931082,375138.576415,0,730
327197.617392,375123.844058,0,183
327193.173103,375110.056526,0,247
327187.808207,375156.416509,0,730
327181.738777,375069.490672,0,494
327273.193756,375101.664792,0,730
327157.007654,375113.223777,0,730
327226.833089,375125.746064,0,535
327219.677102,375017.735444,0,278
327194.846823,375128.933058,0,249
327132.171114,375141.976632,0,27
327186.626791,375051.418809,0,420
327271.204564,375115.5579,0,664
327232.201906,375115.437805,0,22
327217.52824,375042.461485,0,213
327065.594261,375172.351195,0,730
327207.501236,375068.078106,0,87
327064.07708,375172.195775,0,730
327207.090507,375036.908265,0,306
327296.579814,374994.557932,0,730
327226.395168,375028.872051,0,110
327194.427237,375151.869781,0,232
327293.970102,375009.77647,0,730
327203.335344,375130.874596,0,730
327234.72245,375151.592581,0,502
327204.323694,375074.525284,0,245
327286.255754,375058.542062,0,730
327250.352737,375140.639334,0,730
327177.483919,375131.207734,0,730
327279.618534,375113.210631,0,463
327199.800594,375158.103235,0,688
327260.983266,374996.261928,0,54
327176.554393,375121.442545,0,730
327149.580431,375126.068095,0,722
327245.90558,375150.293533,0,730
327220.973181,375094.084283,0,730
327203.916426,375123.978826,0,730
327222.576942,375058.252287,0,611
327051.030151,375175.519153,0,730
327287.43572,375065.498139,0,453
327273.270324,375146.733469,0,318
327182.704212,375052.669455,0,449
327288.896341,375090.318183,0,558
327175.570361,375137.73399,0,557
327197.614885,375080.991286,0,730
327182.309631,375104.06122,0,583
327134.084056,375137.196399,0,730
327242.440977,375017.601039,0,730
327128.71454,375114.645935,0,730
327244.471114,375149.667252,0,730
327262.298131,375057.472914,0,707
327233.820646,375122.841788,0,607
327191.360378,375138.562434,0,114
327228.368748,375094.385611,0,218
327274.200857,374986.661793,0,730
327279.444595,375120.464347,0,572
327165.230783,375078.775659,0,730
327116.757586,375159.282324,0,659
327156.71898,375088.163845,0,653
327250.154368,375029.768313,0,322
327127.07356,375119.763931,0,730
327242.220221,375116.704804,0,497
327259.729756,374998.285744,0,518
327259.173111,375067.903424,0,572
327121.08713,375093.111837,0,407
327153.07106,375076.290042,0,730
327231.470561,375015.507707,0,597
327202.022099,375145.495985,0,730
327187.808647,375055.296998,0,541
327159.796631,375089.636672,0,291
327268.485648,375146.940018,0,730
327122.249988,375109.759173,0,59
327293.125923,374968.216941,0,306
327243.187928,375032.525397,0,366
327237.504535,375005.952456,0,730
327240.206137,375127.271487,0,121
327160.761555,375095.398679,0,145
327170.080408,375107.925885,0,730
327188.658324,375161.528672,0,730
327268.513404,375096.12642,0,630
327264.27494,375054.017988,0,730
327263.687822,375054.474106,0,46
327095.768193,375123.364828,0,730
327188.422411,375132.769156,0,730
327239.858358,375014.379799,0,699
327276.70376,374981.547869,0,692
327114.120123,375104.997795,0,701
327131.767857,375161.960582,0,350
327148.225383,375145.174347,0,730
327181.368214,375150.383909,0,109
327092.246414,375149.169958,0,548
327224.295353,375097.321189,0,667
327157.153238,375138.620478,0,643
327159.85063,375122.304567,0,730
327284.711794,375133.889299,0,730
327199.72598,375041.553111,0,730
327261.387011,375128.690858,0,533
327292.584603,374981.243193,0,730
327263.02623,375103.462938,0,730
327158.422998,375073.510796,0,654
327061.244815,375155.140311,0,564
327270.542166,375096.871687,0,703
327240.190726,375047.588483,0,647
327277.38248,375139.226481,0,57
327267.707146,374980.491926,0,705
327212.277951,375106.478537,0,730
327221.003892,375043.685993,0,168
327260.925559,375062.826145,0,605
327275.77405,375151.660835,0,12
327200.88285,375043.759132,0,262
327249.447487,375050.142115,0,295
327126.519642,375143.743032,0,368
327175.657861,375155.589958,0,730
327269.965259,375013.96457,0,41
327263.794818,375007.419258,0,467
327246.905584,375023.622835,0,479
327170.929142,375063.71609,0,626
327166.486771,375084.550005,0,222
327108.202394,375112.690921,0,418
327265.67376,375020.812354,0,414
327193.940073,375104.613911,0,730
327242.194007,375083.840759,0,113
327262.790561,375066.954138,0,730
327285.986777,375082.842735,0,510
327186.511525,375117.354802,0,411
327188.232637,375076.517779,0,404
327291.407711,374984.142954,0,730
327241.529959,375129.861346,0,730
327242.459824,375057.740243,0,704
327181.313938,375153.734236,0,730
327286.425808,375046.848231,0,388
327182.295298,375070.155557,0,730
327140.773023,375168.938498,0,730
327218.441847,375070.260935,0,295
327266.083584,375126.721354,0,112
327257.522448,375130.396724,0,208
327238.964531,375122.408236,0,730
327222.884995,375078.035008,0,125
327056.917637,375152.650376,0,730
327179.372719,375065.07123,0,77
327228.347259,375044.736603,0,137
327188.292537,375161.372446,0,304
327268.839575,375010.197289,0,730
327271.788115,375093.650811,0,84
327146.206425,375100.460435,0,523
327168.20618,375101.959473,0,730
327131.70449,375126.682171,0,119
327098.030815,375137.34521,0,546
327190.498048,375042.193036,0,529
327178.655388,375157.487227,0,730
327238.475228,375052.819612,0,730
327227.204788,375103.144672,0,520
327134.002718,375165.247593,0,457
327083.59213,375149.91109,0,730
327274.935743,375012.272712,0,730
327292.822049,375041.611869,0,654
327267.628952,375001.020706,0,678
327252.742238,375147.04849,0,730
327225.47408,375083.275601,0,276
327251.044306,375024.273148,0,556
327255.617958,375075.782946,0,573
327277.230189,375139.098358,0,730
327164.911039,375152.679602,0,369
327158.872398,375164.154971,0,730
327252.401657,375074.138171,0,582
327160.620956,375104.023731,0,620
327228.631529,375020.520602,0,234
327148.479634,375108.13156,0,202
327260.791234,375043.147339,0,730
327126.998521,375143.455413,0,544
327092.271745,375137.105114,0,730
327162.912115,375099.206062,0,538
327089.705957,375162.26704,0,629
327277.862708,375005.809933,0,730
327149.463853,375071.681668,0,722
327190.559398,375141.212727,0,730
327171.238137,375075.683968,0,495
327269.836002,375107.410067,0,231
327274.532967,374995.754769,0,607
327143.131645,375142.669382,0,631
327102.448528,375118.808494,0,730
327113.002968,375108.958771,0,309
327167.035563,375072.502086,0,257
327180.290613,375057.138676,0,384
327248.383121,375076.668726,0,724
327181.245202,375087.67663,0,730
327251.16339,375006.898194,0,532
327220.572942,375061.993878,0,451
327265.088757,375110.261671,0,178
327195.109703,375129.669929,0,730
327145.211736,375148.104342,0,702
327083.916153,375173.686616,0,691
327174.015694,375060.191016,0,730
327228.869491,375128.978001,0,730
327203.253408,375065.77271,0,730
327215.694115,375050.852319,0,730
327148.821642,375078.405884,0,730
327270.030176,375148.278841,0,730
327283.894457,375019.972019,0,730
327273.168507,375096.669646,0,453
327111.144429,375147.130391,0,730
327105.274705,375128.36499,0,561
327146.38538,375077.699752,0,730
327122.872511,375134.490131,0,501
327100.464158,375123.337819,0,605
327204.420776,375043.599036,0,730
327194.965662,375080.865919,0,267
327189.768145,375059.945911,0,633
327224.319379,375058.670843,0,481
327160.872731,375144.320408,0,730
327143.813428,375121.649302,0,730
327056.423883,375164.750043,0,433
327082.398743,375125.442064,0,150
327084.416273,375132.501755,0,340
327252.933799,375011.349456,0,61
327148.162491,375152.242228,0,268
327216.062849,375052.986716,0,542
327125.012196,375098.368466,0,334
327059.086217,375173.744489,0,285
327223.191558,375049.378548,0,730
327169.673577,375133.336477,0,424
327250.790445,375128.720191,0,586
327266.947027,375017.91439,0,592
327147.840547,375124.908848,0,730
327262.019616,374987.952947,0,730
327261.987789,375008.254491,0,730
327252.735605,375118.585777,0,730
327252.429624,375000.592297,0,730
327106.41689,375153.405905,0,487
327238.553123,375061.176149,0,730
327245.756847,375103.997437,0,730
327153.429738,375130.291249,0,713
327234.120811,375155.086945,0,657
327057.848982,375147.923085,0,730
327263.203776,375043.395576,0,476
327237.044871,375047.104916,0,158
327205.464786,375088.903055,0,150
327154.539279,375115.204329,0,680
327214.53969,375154.086543,0,515
327058.346093,375170.235006,0,135
327189.280603,375065.283381,0,699
327174.947041,375136.691482,0,640
327209.041177,375119.934539,0,497
327151.831704,375128.159441,0,463
327187.454611,375097.149477,0,730
327274.275318,375033.643944,0,454
327180.72076,375055.430767,0,94
327185.467067,375089.394436,0,693
327209.855834,375142.076583,0,622
327136.317519,375163.17431,0,319
327244.537028,375057.563979,0,730
327088.531147,375159.774783,0,706
327141.60433,375103.871212,0,730
327237.818694,375009.804907,0,730
327286.371592,375031.810706,0,694
327127.134354,375105.89865,0,730
327213.176451,375150.67098,0,471
327276.315844,375091.478006,0,730
327289.269332,374973.914472,0,221
327231.816882,375079.044108,0,730
327232.855291,375071.824076,0,124
327234.379253,375076.451453,0,730
327259.224154,375023.60426,0,730
327235.093017,375096.723088,0,730
327237.121048,375161.214077,0,697
327087.983369,375125.945447,0,436
327211.689295,375088.210142,0,208
327217.443862,375056.681282,0,563
327283.757103,375108.845455,0,35
327183.843402,375159.026344,0,490
327263.78799,375076.050634,0,730
327248.416855,375049.689143,0,144
327216.192902,375150.880541,0,299
327282.964806,375087.195306,0,500
327244.289552,375059.24795,0,568
327260.810643,375020.043874,0,190
327184.464993,375127.349079,0,317
327051.424581,375175.424516,0,730
327236.370506,375069.114707,0,458
327275.719294,375148.273838,0,730
327205.826226,375107.439372,0,23
327146.673619,375116.145614,0,622
327211.128513,375103.219355,0,730
327279.235812,375111.402835,0,730
327042.130178,375167.727112,0,730
327102.191881,375127.133004,0,412
327039.858383,375170.460013,0,593
327149.634386,375118.265755,0,730
327113.301983,375113.269676,0,480
327256.829624,375135.907807,0,118
327242.525132,375131.150382,0,730
327157.625103,375110.598608,0,669
327278.864339,375148.733445,0,730
327215.110344,375024.427793,0,457
327237.809729,375078.763575,0,602
327233.791291,375011.500041,0,167
327271.368709,374985.014836,0,730
327235.175765,375112.844185,0,730
327229.28941,375047.007331,0,313
327283.675178,375143.390849,0,507
327236.031391,375114.136402,0,194
327292.402141,375000.951149,0,527
327127.491618,375131.078174,0,364
327206.18137,375059.630439,0,730
327104.139731,375165.467956,0,710
327197.530548,375144.304263,0,500
327256.640478,375124.271591,0,730
327134.441763,375124.71906,0,232
327069.599144,375150.250111,0,398
327127.94524,375156.610099,0,517
327277.025938,375026.47852,0,677
327246.368822,375035.506349,0,473
327189.369312,375050.646094,0,151
327113.575944,375157.764331,0,730
327274.960277,375108.415574,0,59
327045.329153,375172.46883,0,730
327247.630286,375029.263021,0,730
327264.266259,375005.723023,0,105
327170.739195,375061.773532,0,730
327287.052023,375051.202427,0,163
327268.033404,375143.321071,0,730
327162.112506,375122.104037,0,29
327104.643774,375123.679611,0,730
327290.525501,375032.129785,0,250
327228.457115,375097.691402,0,730
327255.479967,375112.933745,0,621
327173.204584,375103.716307,0,421
327231.299166,375131.670358,0,659
327287.416563,375051.40043,0,730
327265.945956,375079.630081,0,671
327264.139502,375049.982508,0,730
327104.816809,375128.682125,0,349
327209.228241,375084.309173,0,528
327250.249924,375027.809225,0,719
327212.728355,375099.933653,0,205
327250.24219,375023.455796,0,730
327233.964592,375066.559512,0,431
327106.632146,375137.635086,0,730
327278.079054,375120.059961,0,696
327259.731577,375142.405559,0,730
327204.43046,375088.420433,0,730
327127.818455,375090.316634,0,565
327258.722012,375021.437923,0,293
327041.071985,375174.381268,0,378
327285.632597,375147.890714,0,730
327273.092226,375029.052622,0,730
327152.2998,375082.654833,0,730
327085.784686,375146.602293,0,350
327238.722211,375063.907607,0,730
327265.317733,375070.976525,0,730
327281.480063,375087.929112,0,416
327273.990971,375109.566705,0,676
327278.128627,374974.122366,0,730
327243.213066,375007.847039,0,435
327152.561688,375143.270759,0,629
327113.979666,375127.505996,0,730
327271.100004,375062.895499,0,730
327115.122337,375124.429815,0,486
327274.544682,375119.116998,0,282
327107.348677,375113.363127,0,689
327139.420527,375163.423569,0,300
327071.1149,375137.088698,0,149
327279.747421,375067.473125,0,730
327044.045718,375178.044954,0,682
327191.736113,375067.658617,0,730
327273.762993,374982.18953,0,730
327165.459503,375091.288906,0,730
327202.981515,375118.237436,0,493
327242.378733,375025.755107,0,730
327152.766448,375157.253397,0,130
327196.523711,375124.282456,0,730
327173.686531,375074.995791,0,713
327240.787271,375014.372079,0,588
327213.334747,375072.253587,0,730
327260.268956,375009.521093,0,730
327135.038525,375112.663982,0,68
327199.53424,375040.557506,0,353
327119.589506,375121.895123,0,730
327275.587187,375091.438842,0,52
327077.322691,375143.027012,0,655
327154.985783,375124.808755,0,730
327176.544246,375145.586221,0,690
327263.394405,375036.627458,0,116
327186.026928,375095.144118,0,612
327134.817097,375112.516648,0,354
327255.953926,375056.641706,0,730
327297.041402,374984.497509,0,730
327248.418268,375009.665253,0,730
327099.702956,375141.251159,0,361
327148.623574,375170.311477,0,137
327086.410341,375146.355064,0,730
327146.145138,375164.330502,0,730
327156.723552,375104.309009,0,650
327251.846351,375009.389464,0,672
327141.579318,375096.666015,0,730
327283.190419,375020.628126,0,206
327282.850926,375016.738079,0,730
327164.317863,375161.788013,0,730
327221.707262,375115.376878,0,505
327284.157546,375062.136056,0,205
327251.436745,375125.310206,0,539
327151.724852,375096.50023,0,730
327121.628381,375116.790074,0,656
327246.317025,375026.672547,0,625
327259.821303,375135.298182,0,730
327100.573901,375132.104621,0,580
327294.597703,374962.835268,0,552
327220.333076,375151.480071,0,730
327188.717118,375113.204078,0,623
327180.51715,375091.932487,0,65
327117.542896,375145.831077,0,210
327279.134304,375114.846652,0,416
327217.055672,375043.649574,0,730
327272.431786,375001.05177,0,95
327105.72569,375138.366058,0,691
327275.815093,375143.175351,0,730
327152.514482,375169.595002,0,730
327214.670135,375138.140067,0,44
327279.176688,375104.714329,0,730
327139.912704,375125.984884,0,19
327212.783488,375081.87931,0,730
327170.825204,375072.462151,0,730
327069.051976,375158.185539,0,156
327180.684523,375077.690007,0,538
327262.111649,375085.291481,0,545
327210.803912,375098.815835,0,129
327204.713859,375132.10683,0,730
327248.158187,375067.626189,0,704
327171.765825,375147.084593,0,195
327193.060712,375137.748424,0,730
327291.565976,374976.898889,0,165
327050.927694,375174.837402,0,273
327135.566955,375097.227468,0,730
327063.141811,375155.884178,0,532
327158.377315,375099.380061,0,203
327214.264427,375062.025832,0,323
327216.382577,375151.152715,0,695
327100.093899,375148.679572,0,721
327198.933982,375052.397241,0,536
327234.882661,375053.191529,0,62
327255.708434,375150.158113,0,730
327218.996885,375084.482414,0,730
327188.048388,375071.46442,0,730
327228.824474,375162.545288,0,288
327246.094409,375141.655216,0,730
327185.724619,375083.239999,0,352
327261.091947,375049.796539,0,537
327206.694729,375069.79148,0,688
327221.475851,375028.496313,0,525
327107.271906,375134.357938,0,730
327260.456182,375001.257609,0,684
327176.19322,375050.388273,0,730
327285.754589,375025.375331,0,389
327266.032198,375144.927133,0,40
327189.468167,375084.221053,0,730
327244.911924,375060.867745,0,730
327229.876231,375135.051117,0,730
327281.631441,375157.146775,0,122
327286.780725,374982.296246,0,730
327219.88269,375044.515142,0,217
327251.83074,375081.744286,0,660
327095.983143,375113.813101,0,730
327201.330093,375114.332707,0,730
327159.874553,375161.404037,0,730
327269.889253,375113.3521,0,730
327200.143008,375088.879418,0,509
327201.082254,375164.881355,0,730
327286.886594,375086.535858,0,684
327202.276114,375099.257591,0,377
327241.457773,375146.193924,0,730
327228.273347,375162.75492,0,94
327279.122385,375101.930089,0,627
327164.922466,375063.186919,0,146
327196.273858,375152.624628,0,649
327178.404702,375101.102455,0,604
327270.824981,375002.745868,0,95
327248.737363,375006.888954,0,270
327050.999411,375171.523781,0,730
327128.625948,375109.076999,0,19
327239.655499,375080.487631,0,400
327203.340079,375041.488006,0,651
327122.498476,375104.119228,0,335
327112.960638,375117.621907,0,730
327290.097715,375075.36969,0,730
327096.342127,375123.630535,0,592
327233.697041,375132.978844,0,484
327282.59698,375033.909335,0,321
327235.232525,375152.279187,0,716
327279.232009,375129.541192,0,634
327283.377106,374985.576998,0,642
327249.588829,375043.098758,0,730
327082.698378,375134.304665,0,468
327280.33169,375024.064333,0,243
327215.378818,375060.907581,0,720
327250.181673,375136.818325,0,635
327245.007621,375016.163204,0,730
327118.4189,375133.40209,0,730
327286.53988,374966.929746,0,730
327088.360184,375165.102876,0,730
327200.121379,375164.188968,0,358
327267.723987,375115.450176,0,730
327236.297171,375031.805634,0,730
327188.739874,375080.918491,0,730
327262.3512,375114.367821,0,558
327206.391969,375054.034631,0,730
327205.992061,375047.698861,0,707
327248.070872,375114.276705,0,649
327148.597298,375121.987033,0,730
327244.367004,375033.899875,0,730
327210.659748,375090.704793,0,561
327054.311309,375155.760977,0,730
327248.298534,375054.185518,0,371
327227.85115,375105.454512,0,730
327284.015485,375134.819169,0,86
327224.379784,375118.661123,0,730
327060.376975,375159.47851,0,428
327187.23852,375068.276017,0,545
327135.142573,375102.093095,0,302
327236.39468,375141.745106,0,730
327244.69059,375015.640357,0,331
327294.722323,375013.860011,0,296
327072.248676,375133.287518,0,462
327230.57499,375067.324221,0,730
327216.020769,375021.458348,0,708
327184.34847,375147.893583,0,730
327218.803341,375090.009533,0,730
327102.801491,375116.572099,0,730
327197.130761,375106.556853,0,615
327243.469607,375140.729068,0,730
327228.72479,375078.47631,0,729
327148.657266,375166.341694,0,53
327152.604768,375145.451634,0,730
327132.789815,375089.745646,0,38
327092.075638,375122.739018,0,441
327077.847439,375153.721237,0,730
327226.937532,375107.788967,0,566
327247.50179,375112.138387,0,172
327223.384868,375087.511924,0,354
327239.613746,375038.488058,0,730
327184.704003,375103.007883,0,730
327123.455856,375157.152212,0,444
327187.432475,375048.585596,0,730
327278.601014,374996.815546,0,730
327283.608811,375031.251935,0,730
327143.087013,375126.065043,0,233
327176.283411,375151.725258,0,730
327267.06456,375129.909784,0,248
327235.423808,375113.445993,0,730
327167.654265,375131.289398,0,664
327247.943285,375043.351283,0,718
327078.702816,375174.488595,0,730
327287.207647,375093.837018,0,677
327285.197655,375090.005904,0,551
327057.834733,375160.316682,0,730
327178.827117,375160.518138,0,730
327182.752419,375161.772538,0,730
327195.354089,375129.102467,0,242
327197.513251,375091.333695,0,721
327285.229596,375094.156846,0,648
327085.83004,375132.078735,0,730
327139.055556,375115.917604,0,579
327210.460356,375163.108869,0,224
327267.275478,375050.225702,0,254
327281.770745,375029.293498,0,472
327096.498839,375172.884376,0,61
327272.403632,375106.163832,0,446
327083.15973,375148.287493,0,730
327236.616559,375145.486105,0,730
327178.791848,375148.657698,0,408
327075.502951,375139.585196,0,591
327149.511187,375097.615535,0,709
327251.230648,375108.723296,0,465
327270.64262,375115.669247,0,730
327272.603873,375138.018361,0,256
327232.512743,375160.215061,0,695
327234.955692,375054.435453,0,650
327268.900887,375029.386365,0,730
327263.060557,375045.094994,0,730
327095.665982,375118.352471,0,338
327223.882807,375072.908966,0,730
327230.752079,375120.970363,0,711
327254.326931,375078.757443,0,178
327269.197112,375071.624115,0,730
327080.299343,375157.987452,0,730
327077.546052,375137.473777,0,730
327159.649346,375128.744566,0,730
327231.613792,375158.746317,0,403
327298.482719,374977.564238,0,632
327273.095632,375091.148148,0,586
327241.700034,375133.46496,0,584
327132.960093,375100.981132,0,362
327288.16066,375096.145897,0,511
327229.31851,375038.299016,0,41
327226.683341,375100.681789,0,730
327117.630288,375116.182997,0,730
327225.880655,375062.063466,0,332
327176.359261,375136.446599,0,519
327157.382575,375120.856046,0,491
327136.348938,375094.455292,0,419
327173.158436,375092.313328,0,408
327197.155201,375118.307381,0,730
327121.585826,375108.616959,0,550
327249.443875,375117.365857,0,55
327150.295515,375147.190761,0,174
327265.070158,375130.427179,0,653
327229.262051,375020.150176,0,730
327089.299963,375156.961366,0,730
327251.757927,375054.28853,0,112
327191.027197,375129.680266,0,730
327105.641848,375161.783016,0,730
327232.658397,375099.865471,0,666
327139.08923,375128.635675,0,608
327275.366981,375054.65203,0,730
327117.810546,375166.383542,0,322
327197.579822,375122.504404,0,730
327142.981955,375134.45905,0,567
327176.232849,375131.321446,0,730
327181.350173,375069.212399,0,730
327212.277625,375076.774235,0,547
327279.525356,375104.376358,0,730
327138.731949,375099.487455,0,730
327105.37505,375158.007068,0,730
327281.836812,375008.237815,0,192
327205.109951,375063.772868,0,730
327283.042695,375109.387035,0,730
327156.318154,375145.934417,0,730
327267.640818,375098.657004,0,730
327169.923129,375074.913352,0,670
327278.980192,375026.370619,0,522
327233.405358,375073.261648,0,437
327253.352591,375155.413334,0,461
327238.310066,375123.59005,0,730
327149.100979,375084.672164,0,511
327129.003056,375124.355075,0,327
327252.3114,375134.143889,0,624
327160.243536,375132.820726,0,696
327220.02783,375091.000423,0,614
327159.745428,375108.263577,0,703
327083.289022,375145.717385,0,730
327261.207254,375100.783318,0,277
327215.395726,375020.906529,0,730
327235.663238,375092.742476,0,730
327150.970002,375097.519412,0,218
327207.078344,375126.360478,0,395
327196.042384,375041.737152,0,562
327288.652154,374986.983376,0,25
327120.475383,375109.024748,0,730
327250.606781,375160.361298,0,730
327292.123191,375054.230256,0,70
327105.695018,375124.467124,0,730
327106.761585,375147.093283,0,730
327236.447095,375104.261109,0,730
327221.683538,375056.446851,0,730
327097.661596,375174.325463,0,376
327162.997688,375065.96407,0,635
327286.964875,375076.311072,0,73
327166.642105,375118.902799,0,730
327249.297961,375074.598686,0,730
327283.305722,375015.782069,0,730
327119.049938,375100.569597,0,251
327210.236121,375163.685202,0,730
327202.357368,375043.076328,0,730
327281.068897,375041.037351,0,730
327196.281299,375053.432869,0,662
327203.677885,375134.121755,0,496
327097.034426,375138.098231,0,203
327130.762548,375142.22232,0,340
327229.735248,375084.404589,0,730
327227.850975,375122.525646,0,730
327070.577154,375156.540771,0,573
327090.100756,375173.501801,0,399
327172.408924,375067.691713,0,610
327191.739042,375085.616282,0,730
327254.311707,375047.922059,0,730
327241.246501,375043.955106,0,621
327179.487174,375089.98971,0,698
327078.950228,375138.119933,0,507
327267.893271,375026.152002,0,730
327108.916881,375158.876583,0,730
327270.267423,375053.590387,0,162
327079.443888,375141.514795,0,637
327242.03599,375144.533615,0,96
327232.144682,375026.008788,0,425
327264.906184,375106.791799,0,132
327293.468629,375030.629499,0,717
327175.064628,375156.551401,0,377
327182.197029,375137.959874,0,488
327033.304942,375172.102072,0,730
327235.05577,375034.600489,0,730
327223.247147,375146.553369,0,287
327266.291406,375139.857673,0,730
327171.444754,375154.552614,0,632
327210.704703,375121.776075,0,308
327222.013766,375083.003224,0,645
327249.699962,375084.95177,0,216
327277.697229,375090.653852,0,730
327289.64731,375078.602107,0,730
327107.860558,375117.768582,0,114
327253.648696,375136.4149,0,74
327100.716005,375129.18793,0,730
327138.77382,375134.807299,0,646
327282.680251,375107.469125,0,730
327284.933381,375145.770108,0,630
327199.347906,375071.185886,0,54
327219.887165,375054.972494,0,730
327279.579307,375038.18927,0,49
327199.966984,375072.922753,0,616
327272.776009,374999.85911,0,730
327196.695623,375062.202058,0,639
327228.547308,375025.925065,0,676
327134.685036,375147.856711,0,730
327260.612207,374985.741938,0,730
327146.545088,375080.210473,0,580
327056.074314,375158.295958,0,319
327188.828384,375130.509981,0,730
327251.232002,375027.676483,0,730
327233.672557,375114.090663,0,449
327261.8488,375123.74834,0,730
327234.229322,375089.903727,0,167
327217.52635,375077.266633,0,358
327222.168966,375108.170252,0,730
327060.838296,375143.196551,0,730
327126.192916,375126.136341,0,326
327200.753392,375163.94686,0,581
327272.559407,375130.558019,0,644
327175.105244,375153.973731,0,546
327103.927248,375147.950197,0,730
327267.553828,375123.777879,0,519
327273.299984,375008.304772,0,81
327241.974776,375062.646864,0,730
327092.310105,375134.818891,0,599
327075.262699,375154.320518,0,730
327269.036246,375048.370654,0,690
327185.014361,375116.622072,0,730
327134.48313,375156.527387,0,672
327162.511323,375155.944865,0,414
327187.527562,375152.886535,0,667
327176.046107,375053.462957,0,466
327228.688794,375107.771561,0,147
327147.869616,375140.46695,0,730
327098.506324,375156.021459,0,90
327123.265843,375159.013812,0,730
327226.053615,375079.396915,0,450
327290.295588,374998.91658,0,613
327221.476023,375080.367951,0,250
327100.177126,375114.57874,0,730
327269.268715,375031.552121,0,730
327244.956978,375147.199351,0,285
327292.36989,374993.292211,0,536
327248.458622,375157.857086,0,337
327081.18338,375135.033108,0,730
327257.417742,375037.646494,0,86
327245.3024,375046.04476,0,730
327227.130081,375115.565254,0,730
327209.731393,375049.924813,0,454
327145.128775,375080.446814,0,730
327247.395389,374997.214454,0,730
327045.079343,375158.814715,0,730
327258.625928,375129.187329,0,335
327061.459858,375152.609804,0,730
327265.841375,375013.408533,0,261
327110.184358,375125.01293,0,101
327289.113383,375009.927009,0,639
327136.736835,375113.093629,0,668
327262.755686,375103.607995,0,730
327234.242945,375121.009852,0,37
327294.452476,374984.850356,0,470
327167.220278,375129.370304,0,730
327274.450878,375062.400894,0,730
327062.22081,375150.159446,0,730
327228.197186,375127.276311,0,730
327220.381994,375134.725333,0,675
327275.618475,375004.616287,0,627
327195.444201,375119.247572,0,686
327223.408329,375140.940344,0,257
327202.197784,375159.980537,0,661
327283.631805,375045.040476,0,228
327243.555628,375067.607327,0,494
327101.321027,375157.558192,0,373
327248.464393,375120.322173,0,134
327262.379424,375035.525322,0,563
327093.650914,375172.133088,0,142
327284.838864,375060.1949,0,634
327260.664142,375015.712896,0,409
327259.707013,375066.343302,0,702
327154.907745,375146.004207,0,730
327261.736207,375061.837074,0,730
327076.006437,375173.885404,0,730
327250.594917,374996.032715,0,498
327152.984724,375110.437623,0,662
327250.668104,375028.323163,0,266
327212.519639,375079.950487,0,725
327042.387088,375163.839132,0,601
327087.704717,375141.99261,0,575
327210.178935,375065.628136,0,455
327211.309761,375044.658663,0,670
327260.715707,375121.007751,0,612
327153.716981,375104.017625,0,730
327240.663793,375089.93723,0,7
327296.437287,374996.725168,0,221
327227.516937,375137.317418,0,730
327282.820395,375137.216936,0,644
327173.838883,375087.608703,0,730
327169.591108,375168.099918,0,730
327135.015054,375096.623415,0,730
327266.917984,375072.971601,0,279
327190.575189,375094.644462,0,730
327271.581896,375067.656697,0,730
327105.175798,375162.03585,0,730
327272.366811,374994.140582,0,730
327142.492419,375109.107127,0,730
327203.703738,375066.600015,0,237
327243.505836,375148.752751,0,427
327041.139331,375174.815197,0,730
327284.388791,375036.020175,0,730
327173.752879,375129.420451,0,730
327157.519873,375092.209101,0,430
327175.669269,375080.618098,0,730
327249.859593,375134.718002,0,259
327271.194756,375025.224201,0,318
327269.778197,375125.043668,0,551
327120.193513,375135.633665,0,80
327113.683553,375166.429025,0,451
327149.292292,375166.335215,0,643
327231.123841,375092.449109,0,730
327118.641812,375169.612753,0,503
327253.882566,375137.16392,0,730
327244.923695,375036.05404,0,550
327297.190001,374989.472979,0,462
327254.59505,375073.764555,0,730
327201.234472,375054.684899,0,210
327131.590531,375127.91814,0,533
327190.084112,375120.132205,0,730
327238.62332,375071.423541,0,730
327040.362601,375174.708002,0,730
327230.287488,375095.478414,0,385
327159.577178,375118.809078,0,730
327259.200783,375010.200947,0,471
327199.959397,375073.283163,0,730
327029.926156,375174.77252,0,564
327262.126872,375158.367804,0,332
327163.133582,375134.87586,0,730
327279.601649,375097.903623,0,206
327244.864272,375069.989177,0,510
327160.901386,375103.378532,0,502
327218.036086,375091.403277,0,730
327279.76471,375030.412861,0,557
327102.820082,375154.537488,0,730
327089.738127,375132.52293,0,730
327262.671571,375032.514747,0,673
327253.456684,375061.82545,0,426
327212.097156,375129.87041,0,730
327214.223208,375041.76517,0,315
327150.751723,375122.395164,0,730
327160.464766,375130.415047,0,537
327172.408158,375067.461851,0,44
327203.682791,375141.719868,0,730
327207.067874,375065.177732,0,682
327253.764033,375068.861514,0,730
327204.334664,375080.16578,0,730
327267.856252,374996.949442,0,700
327213.838544,375091.495148,0,269
327110.175965,375142.149466,0,730
327157.673019,375066.552547,0,30
327282.992689,375009.4649,0,730
327262.067418,375140.848582,0,730
327261.673388,374984.617249,0,730
327290.616155,375040.120987,0,730
327212.177743,375072.309324,0,495
327216.237017,375026.286422,0,486
327199.936416,375133.030779,0,698
327222.671282,375088.90198,0,520
327152.857185,375134.011141,0,730
327271.446211,375146.470641,0,393
327142.414354,375140.044521,0,286
327274.650995,374994.700344,0,715
327134.276705,375157.181308,0,475
327281.003517,374997.157283,0,325
327076.817185,375174.413896,0,410
327184.871408,375109.970425,0,189
327159.899769,375131.203364,0,200
327214.880025,375140.01914,0,120
327111.223346,375105.986219,0,275
327168.005574,375160.151654,0,730
327266.142004,375071.518685,0,370
327168.249841,375069.622727,0,730
327257.755949,375142.013245,0,82
327242.611487,375093.883125,0,730
327268.736333,375047.87015,0,728
327190.707252,375124.484925,0,730
327139.678709,375162.306927,0,369
327274.072548,375061.326329,0,730
327269.911151,374983.19818,0,262
327217.239527,375040.343379,0,431
327194.851424,375156.613845,0,274
327281.089395,375081.261717,0,730
327188.844993,375108.064017,0,730
327177.635397,375163.212746,0,570
327212.016157,375024.114092,0,730
327282.690206,375062.992279,0,730
327226.583063,375067.768955,0,658
327262.144566,374986.265143,0,730
327101.632155,375110.842656,0,1
327233.990848,375035.454061,0,646
327181.692878,375133.662916,0,730
327259.253355,375111.037522,0,72
327240.060031,375042.545698,0,587
327225.428703,375147.526888,0,730
327266.241242,375149.420702,0,591
327076.704365,375167.002794,0,730
327273.729857,375122.959641,0,730
327064.883754,375158.895663,0,34
327146.721713,375073.561887,0,479
327113.905748,375113.863832,0,636
327213.547419,375143.897318,0,730
327284.620437,375070.864137,0,730
327269.934484,375055.291485,0,730
327269.159557,375056.200754,0,730
327263.218209,375012.593116,0,730
327174.00015,375159.592542,0,730
327186.255228,375070.819388,0,663
327279.522336,375053.577642,0,204
327263.607218,375121.457131,0,452
327293.726545,374960.803043,0,480
327272.61877,375076.737799,0,301
327123.946185,375115.982661,0,329
327247.721469,375045.628995,0,124
327219.629717,375050.201325,0,730
327132.834278,375103.220568,0,730
327174.992705,375052.023013,0,499
327201.203586,375054.478429,0,730
327122.543146,375095.957411,0,730
327213.719406,375074.641041,0,730
327146.948221,375106.059478,0,547
327136.817219,375115.577885,0,353
327194.449809,375096.781058,0,730
327237.66743,375156.433561,0,638
327211.090265,375131.793938,0,730
327284.760639,374992.436654,0,562
327258.089243,375074.873613,0,730
327124.825792,375152.655305,0,730
327278.575049,375106.068915,0,588
327293.200872,375042.788748,0,97
327228.798535,375032.464705,0,435
327190.581206,375090.499589,0,718
327221.352348,375119.168338,0,430
327290.983719,375090.895909,0,730
327235.734023,375124.284121,0,445
327194.142655,375061.499001,0,364
327229.573106,375094.829977,0,514
327290.59589,374969.878142,0,730
327189.944527,375122.608485,0,264
327253.8736,375135.174738,0,380
327166.016778,375063.719408,0,730
327256.33874,375075.048322,0,188
327264.904708,375092.983436,0,660
327243.907337,375140.94328,0,3
327154.831987,375161.139114,0,610
327218.961481,375028.923876,0,439
327259.494845,375091.08386,0,345
327204.357529,375048.264724,0,730
327156.570197,375109.56082,0,485
327133.820651,375164.566827,0,375
327192.381679,375084.335123,0,452
327201.980883,375033.311729,0,681
327276.47485,375039.224418,0,526
327278.632014,375129.27822,0,730
327110.235441,375110.201359,0,730
327150.382578,375109.862989,0,708
327210.152213,375033.885065,0,730
327229.21664,375120.396823,0,75
327241.733042,375003.191513,0,398
327271.166903,375051.176838,0,730
327227.143069,375032.987088,0,730
327171.245786,375129.404422,0,489
327250.847606,375015.288127,0,730
327056.542572,375161.032497,0,674
327224.964676,375033.108675,0,366
327293.734249,375011.300876,0,395
327164.359125,375090.862703,0,730
327093.061587,375145.460533,0,730
327102.333182,375152.703324,0,730
327109.300371,375134.773081,0,351
327116.591681,375105.258318,0,187
327210.701571,375159.777837,0,628
327127.773705,375136.508519,0,534
327137.187824,375111.819608,0,730
327090.395079,375128.269222,0,518
327141.242023,375092.444812,0,730
327272.511654,375021.466852,0,475
327090.907589,375166.083571,0,730
327145.252269,375144.496987,0,343
327274.669847,374990.678676,0,648
327164.374211,375097.579849,0,730
327250.109614,375043.392054,0,308
327283.718287,375050.847759,0,730
327275.965244,375044.371154,0,657
327173.801869,375103.580777,0,365
327124.520533,375111.212634,0,469
327260.239294,375046.566877,0,730
327274.94667,375009.467261,0,447
327145.062441,375102.138038,0,560
327225.857458,375061.905942,0,730
327133.815333,375103.749912,0,417
327203.84378,375114.248485,0,400
327290.696954,375076.488508,0,730
327240.116704,375112.880509,0,730
327276.823477,374993.35642,0,378
327117.003548,375164.995975,0,678
327274.65653,375079.425592,0,385
327163.874251,375085.291365,0,730
327137.132133,375154.877104,0,540
327296.034801,374994.45702,0,528
327207.482735,375134.173983,0,730
327121.813196,375151.414283,0,577
327196.120415,375062.06472,0,730
327106.207464,375154.208034,0,730
327288.498201,375051.059674,0,730
327172.593078,375057.825646,0,683
327259.771203,375015.047247,0,160
327124.607001,375157.564903,0,13
327070.66033,375138.558064,0,655
327056.623728,375158.955006,0,255
327184.825964,375116.28723,0,730
327110.687442,375128.918893,0,278
327247.218858,375077.821814,0,529
327241.443243,375147.361242,0,730
327258.542692,375135.558186,0,351
327267.374658,375126.254669,0,459
327242.068551,375059.132924,0,730
327203.822043,375162.162129,0,730
327245.891395,375072.052806,0,711
327274.165291,375077.086021,0,730
327131.082829,375168.168036,0,663
327266.163702,375002.494047,0,593
327279.986508,374994.914705,0,730
327165.993273,375167.113737,0,489
327195.916455,375086.182593,0,115
327149.669808,375072.187654,0,730
327212.261154,375117.173801,0,730
327232.416145,375116.639044,0,730
327183.770613,375133.307866,0,730
327229.4136,375075.950693,0,418
327205.035955,375103.612803,0,685
327079.738785,375158.3587,0,420
327230.020491,375124.347706,0,441
327288.670541,375111.500687,0,730
327270.054383,375098.220388,0,409
327151.842177,375148.408952,0,729
327213.197819,375121.27241,0,730
327079.232754,375134.444666,0,730
327244.495661,375087.405642,0,611
327112.332286,375129.776035,0,730
327167.275589,375139.038688,0,589
327067.623575,375168.694622,0,372
327266.043729,374988.120982,0,730
327271.685433,375152.052159,0,488
327232.643794,375113.620183,0,602
327141.068768,375094.349377,0,446
327083.360757,375165.034316,0,730
327185.931744,375043.556581,0,730
327140.60205,375141.942197,0,527
327042.173817,375167.378579,0,226
327075.393217,375160.47688,0,521
327254.63266,375151.699302,0,355
327276.168189,375095.440219,0,730
327205.236515,375090.216176,0,730
327134.127964,375138.865333,0,9
327140.104579,375086.825644,0,584
327271.87393,375138.27575,0,6
327143.321727,375155.78233,0,730
327234.235229,375027.292306,0,599
327124.023026,375128.803572,0,730
327219.136532,375062.410404,0,516
327144.498493,375112.46639,0,23
327234.446613,375074.493066,0,514
327217.63511,375110.377779,0,730
327207.515698,375127.172952,0,574
327098.682718,375159.536072,0,134
327252.511761,375051.112845,0,730
327254.79302,375138.524626,0,604
327128.641667,375088.152848,0,275
327259.069716,375078.43505,0,2
327281.354055,375101.677634,0,730
327213.101117,375025.155602,0,730
327225.834031,375034.47949,0,574
327200.237452,375044.699135,0,730
327163.003029,375138.305987,0,730
327247.966262,375147.739145,0,473
327196.098498,375059.75884,0,730
327106.204048,375167.131372,0,397
327243.217589,375077.596089,0,730
327121.785746,375093.58262,0,730
327294.68822,374986.424168,0,730
327217.437515,375118.518252,0,363
327236.581638,375145.910242,0,706
327274.095295,375007.640484,0,730
327252.592408,375154.85816,0,506
327091.704014,375123.474507,0,199
327107.72773,375110.860053,0,730
327230.375503,375052.901358,0,714
327173.137893,375094.740623,0,640
327256.49609,375053.899482,0,482
327194.336107,375080.799613,0,505
327097.162233,375137.348083,0,730
327232.143524,375059.415554,0,730
327245.169039,375091.926181,0,730
327079.468384,375174.73778,0,498
327122.567846,375111.241813,0,272
327074.389021,375167.301235,0,730
327160.75509,375157.830483,0,297
327226.240218,375028.118958,0,730
327231.459732,375087.791022,0,492
327209.893122,375155.796275,0,716
327131.610411,375089.789045,0,576
327143.072898,375109.69032,0,614
327283.169111,375111.525925,0,543
327249.069092,375027.076509,0,192
327258.454582,375084.512249,0,393
327068.622339,375147.253238,0,598
327170.52756,375125.907201,0,730
327221.481637,375093.199424,0,730
327197.72235,375152.680619,0,730
327274.177137,375048.649862,0,6
327281.571061,375149.662222,0,633
327199.104108,375147.143925,0,681
327180.033337,375085.885751,0,193
327203.37755,375039.458013,0,730
327241.064927,375040.948668,0,606
327239.230605,375052.808135,0,101
327112.46301,375141.163043,0,251
327184.765625,375126.703917,0,730
327288.8027,375092.790295,0,636
327076.780985,375155.542925,0,585
327248.827693,375051.356832,0,687
327148.666274,375163.408689,0,730
327117.163727,375098.392054,0,730
327180.589385,375087.067589,0,346
327175.677146,375158.368843,0,730
327213.056437,375077.878077,0,730
327238.061831,375133.295356,0,715
327172.857013,375131.555477,0,730
327287.204922,375063.798626,0,730
327272.252882,375016.20506,0,436
327125.676667,375166.79424,0,701
327180.419844,375159.350747,0,380
327159.544794,375097.552851,0,730
327250.89055,375124.462471,0,569
327217.320912,375068.127207,0,710
327157.31301,375164.837514,0,730
327167.344678,375079.367721,0,730
327269.443108,375112.496407,0,680
327281.543157,375140.426673,0,359
327265.381347,375151.532154,0,730
327179.002694,375075.17623,0,406
327183.491565,375062.714061,0,730
327211.542409,375143.190645,0,525
327209.701736,375140.413563,0,539
327185.81262,375143.334662,0,490
327062.725962,375148.128633,0,730
327092.079967,375130.81348,0,730
327234.662701,375078.467891,0,730
327156.784627,375100.372012,0,730
327256.102793,375082.47813,0,513
327284.004229,375104.527434,0,389
327251.955469,375086.341623,0,483
327258.293092,375150.325187,0,728
327075.68734,375152.994523,0,730
327081.511864,375125.207274,0,341
327193.034198,375067.825927,0,685
327061.146254,375160.360882,0,34
327199.227641,375049.94764,0,224
327230.635721,375095.979755,0,730
327256.108502,375011.254662,0,68
327195.562444,375076.000518,0,324
327246.145906,375011.76627,0,459
327214.472644,375159.114253,0,730
327273.844851,375016.028026,0,727
327272.081679,375097.570018,0,717
327067.900494,375176.353625,0,730
327224.39704,375151.38427,0,730
327166.549753,375159.191579,0,399
327100.710667,375170.408309,0,730
327255.762317,375054.302837,0,730
327254.392349,375137.801039,0,136
327259.5394,375059.149486,0,730
327222.669303,375093.028201,0,484
327222.625165,375071.349956,0,243
327299.207703,374977.797318,0,730
327103.678887,375171.14507,0,180
327295.755845,375029.164815,0,645
327196.321244,375054.9861,0,579
327216.025776,375122.703845,0,730
327276.45285,375052.849464,0,689
327077.11198,375142.809987,0,730
327235.643439,375104.457559,0,29
327045.194132,375175.648686,0,730
327231.933712,375061.98477,0,730
327219.589172,375065.697515,0,730
327228.017082,375123.678807,0,730
327231.513692,375086.312394,0,730
327273.026266,375139.25195,0,143
327188.189675,375084.93037,0,105
327071.669174,375147.006522,0,363
327225.387481,375093.226205,0,730
327120.483687,375145.381566,0,405
327291.830108,374970.680918,0,623
327242.400378,375034.105083,0,730
327239.701817,375070.142755,0,382
327108.592933,375132.571366,0,600
327160.366222,375158.734891,0,730
327251.993131,375053.38387,0,730
327171.529481,375153.637415,0,730
327295.461523,375008.672179,0,427
327205.244444,375133.916938,0,64
327135.242379,375121.38546,0,152
327103.764381,375111.69516,0,730
327290.250843,375084.501054,0,730
327236.384779,375038.75064,0,450
327254.374964,375074.86687,0,730
327253.987491,375034.419827,0,730
327222.648529,375122.653321,0,666
327039.69085,375172.902267,0,128
327287.227134,375062.272301,0,673
327230.808764,375096.236193,0,730
327224.755081,375139.999652,0,255
327263.527628,375004.372156,0,483
327226.729759,375052.029801,0,524
327207.258452,375039.299201,0,730
327054.696162,375169.459546,0,237
327151.844274,375154.010397,0,730
327162.010013,375151.646507,0,730
327154.401999,375127.739215,0,730
327164.454411,375138.319745,0,730
327129.708978,375164.080389,0,730
327129.096263,375169.361021,0,730
327183.561999,375109.771679,0,619
327146.854035,375167.854172,0,709
327098.703708,375121.592059,0,581
327185.440679,375093.389741,0,229
327275.636265,374977.244612,0,730
327261.685053,375097.671841,0,596
327181.887255,375126.111083,0,615
327261.223458,375090.455499,0,730
327240.986328,375013.099418,0,730
327037.54888,375169.019063,0,341
327153.681368,375164.048971,0,181
327099.021605,375123.79597,0,647
327236.553588,375137.063049,0,214
327054.339401,375157.320286,0,348
327238.871348,375140.986524,0,730
327249.102697,375113.486746,0,200
327056.965613,375157.749136,0,302
327209.971145,375150.720391,0,111
327104.40588,375153.36441,0,730
327223.037846,375078.748643,0,730
327171.137447,375093.991402,0,730
327154.686952,375134.669237,0,171
327236.103429,375153.720987,0,215
327197.807093,375121.681361,0,723
327232.555605,375092.101177,0,642
327263.314094,375022.809537,0,291
327057.478729,375174.804967,0,131
327060.554457,375171.355831,0,730
327235.151687,375127.666936,0,730
327286.499565,375035.566998,0,585
327260.824329,375130.005302,0,508
327081.294736,375133.180287,0,723
327275.453186,375034.652532,0,730
327194.071544,375043.716786,0,730
