331091.101889,383334.810476,0,191
331055.902852,383401.066106,0,730
331044.624044,383407.076091,0,679
331037.26389,383382.227307,0,730
331002.173942,383485.903744,0,607
331061.924973,383399.737175,0,698
330966.548579,383526.04892,0,730
331124.465356,383652.426223,0,730
330998.757561,383591.080837,0,730
331075.902163,383232.784752,0,436
331031.48132,383372.920522,0,730
330909.904829,383389.082301,0,730
331010.809132,383478.047708,0,730
331032.101373,383457.970282,0,730
331141.757513,383278.037062,0,194
331082.004907,383507.416378,0,730
330950.181569,383425.548485,0,716
331052.919758,383471.430621,0,58
331083.282353,383676.33533,0,515
331068.725466,383345.179726,0,400
330907.263036,383431.230051,0,584
331128.152281,383715.096564,0,279
331082.468948,383689.78879,0,330
331029.362427,383385.86685,0,632
331114.74539,383538.980877,0,714
331089.61243,383476.487729,0,730
331014.727869,383419.554878,0,730
331076.517406,383579.788183,0,730
331053.849701,383627.328402,0,53
330921.630183,383440.657404,0,730
331088.805855,383526.967109,0,342
331027.850683,383705.700942,0,689
330955.324675,383559.100265,0,443
330923.849548,383435.48604,0,730
331058.47977,383617.826245,0,730
331099.922871,383610.823672,0,730
331084.396794,383575.727381,0,520
331127.604941,383628.846054,0,293
330963.227376,383576.574417,0,60
331049.735032,383763.745685,0,330
330969.033455,383531.476555,0,730
331057.67042,383603.768918,0,652
331044.990724,383546.074411,0,730
331119.487295,383249.260735,0,719
330959.144246,383401.292571,0,730
330974.002486,383450.483074,0,730
331132.156252,383583.922808,0,717
331102.775261,383734.541781,0,730
331047.790517,383348.986153,0,730
330901.547496,383448.930893,0,730
331036.124592,383636.942057,0,654
331091.410291,383320.044491,0,730
331008.874022,383435.156736,0,660
331082.065845,383538.022602,0,730
331033.89433,383638.228933,0,306
330998.198039,383366.509776,0,42
331110.446272,383617.253873,0,643
330901.018526,383419.794213,0,109
331051.937445,383500.144521,0,730
330979.806087,383628.793671,0,730
330987.748857,383564.31829,0,641
331123.070533,383542.551962,0,689
331092.262854,383649.051482,0,730
330983.68668,383617.530947,0,142
331039.53848,383466.938074,0,730
331103.558643,383646.34081,0,730
331012.40141,383576.451423,0,730
331072.251081,383504.884618,0,730
331108.558345,383602.723057,0,730
331094.54846,383271.989238,0,536
331010.213183,383689.599331,0,427
331110.060302,383700.144642,0,548
331053.920149,383541.798099,0,327
331122.711193,383725.969791,0,531
330980.219689,383408.688725,0,640
330983.713067,383395.371948,0,159
331043.526475,383569.086949,0,730
331013.850999,383675.720539,0,386
330961.937727,383382.167738,0,507
331109.070283,383320.981608,0,730
331120.268091,383274.342714,0,730
331015.496357,383684.839415,0,730
331117.200752,383266.836572,0,730
331105.661328,383535.925326,0,591
331118.805346,383271.03715,0,564
331122.356512,383697.313356,0,730
330922.723279,383472.152501,0,246
330990.448265,383641.119747,0,649
331025.981329,383517.380399,0,730
331064.228942,383465.402325,0,284
331017.883196,383627.663949,0,730
331115.509901,383753.275355,0,613
331082.8675,383606.225525,0,62
331142.490746,383611.197833,0,180
331071.146445,383615.769385,0,231
331062.114925,383528.855904,0,661
331006.771592,383520.998954,0,730
331146.675545,383636.624631,0,577
331115.493738,383665.98547,0,409
330991.93953,383491.291511,0,730
330986.010088,383520.511232,0,730
331119.340057,383701.324685,0,420
331009.845662,383465.265919,0,263
331027.157983,383716.612851,0,730
331078.491484,383750.444013,0,730
330999.282853,383348.336867,0,369
331033.865109,383689.285834,0,35
331014.54905,383619.021098,0,626
330959.702691,383412.750808,0,181
331029.855583,383521.257607,0,288
331035.807004,383747.747682,0,730
331016.530515,383598.69592,0,730
331089.430238,383600.860445,0,730
331086.620439,383478.990167,0,730
330978.057084,383415.538345,0,628
331041.622734,383597.89577,0,393
330989.183448,383384.453428,0,724
331087.201831,383684.132539,0,723
331012.098701,383383.965451,0,635
331040.925268,383597.996311,0,173
331122.610191,383261.398353,0,459
331061.051522,383744.349221,0,690
330905.06633,383423.169244,0,514
331050.417946,383496.934508,0,583
331083.803111,383732.739049,0,106
331062.224793,383553.233551,0,300
331082.416206,383541.846248,0,588
330947.002574,383547.732879,0,709
330999.460849,383546.640853,0,508
331113.696321,383516.885243,0,730
331081.091689,383768.502881,0,730
331033.994905,383425.336289,0,351
331050.845975,383640.839872,0,399
331002.41261,383489.220958,0,730
331031.735579,383402.294806,0,730
331142.683806,383590.506833,0,730
331069.269547,383236.875207,0,56
331085.84572,383727.787863,0,730
330996.075804,383556.112186,0,572
331069.902366,383632.627367,0,618
330950.683893,383378.73844,0,730
331117.619416,383678.148852,0,659
331026.946123,383372.217574,0,730
331106.949261,383743.965966,0,147
330954.188431,383434.41644,0,730
331005.617881,383494.938242,0,706
331044.673657,383287.620564,0,297
331127.208501,383272.381365,0,696
331038.555263,383300.767391,0,488
331071.663677,383253.43903,0,78
331030.74941,383623.444703,0,730
330923.757814,383516.235495,0,526
330980.809468,383461.321433,0,730
331082.277514,383507.429709,0,494
331104.147569,383659.804346,0,402
331076.973368,383704.837402,0,730
331024.782852,383409.383867,0,730
330940.296144,383379.142131,0,677
331052.175071,383292.519191,0,730
330985.02629,383584.204318,0,730
331023.050194,383548.25504,0,296
331054.36101,383753.792729,0,322
331082.594828,383772.858218,0,730
331089.999395,383695.213638,0,730
330962.5148,383477.599941,0,730
330958.764782,383570.914036,0,730
330997.634549,383537.599503,0,617
331120.645954,383511.883846,0,730
331094.498074,383588.265795,0,97
331096.209115,383602.931124,0,685
331038.721273,383464.42019,0,730
331122.133681,383670.642418,0,730
330930.834058,383383.003227,0,247
331021.737489,383434.69077,0,730
331015.827639,383557.894802,0,730
330991.624402,383516.814725,0,727
331041.801143,383664.057076,0,567
331066.37695,383421.837055,0,42
331082.187322,383449.274808,0,730
331044.667113,383560.21512,0,681
331138.293305,383634.93931,0,730
331097.871823,383332.969995,0,30
330912.246356,383439.732555,0,446
331077.25291,383481.070135,0,363
331021.220421,383485.25025,0,544
330963.941381,383502.686197,0,730
330875.686916,383417.851333,0,730
331021.299239,383674.616727,0,603
331113.180641,383259.972418,0,730
331053.106229,383682.504151,0,730
330954.859424,383399.671688,0,730
331025.876712,383554.308172,0,730
331131.085927,383661.951984,0,203
330913.142267,383381.329298,0,664
330955.135266,383427.714574,0,730
330976.916348,383591.749965,0,615
331075.399823,383737.483101,0,157
331082.300007,383687.707531,0,506
330962.437201,383397.502777,0,713
331147.601268,383646.26951,0,683
331118.250535,383287.034495,0,730
331011.895089,383434.183998,0,690
331044.919052,383645.533319,0,475
330933.2361,383440.161894,0,525
331085.450707,383453.619072,0,730
330929.819394,383504.0236,0,730
331080.283595,383564.394465,0,107
331058.576247,383623.45514,0,730
331018.762128,383367.834978,0,426
331023.469384,383511.494081,0,192
331024.592468,383652.162414,0,730
331068.877949,383473.645236,0,527
330931.201592,383534.083554,0,730
331063.373663,383752.088001,0,730
331012.563894,383514.592554,0,113
331089.848132,383590.097871,0,125
331022.654037,383415.207571,0,683
331129.417821,383276.115242,0,730
330968.695038,383374.976838,0,214
331034.162018,383714.689579,0,624
331077.243788,383642.825517,0,687
331039.156724,383484.983359,0,730
331099.739216,383277.768487,0,419
331051.653175,383739.550147,0,406
331028.521263,383291.822536,0,713
331109.920117,383518.240004,0,706
331051.316035,383350.020683,0,730
331103.158268,383653.035803,0,546
331016.477939,383664.003306,0,730
331027.498435,383665.100299,0,549
331030.789432,383648.422599,0,730
331116.230421,383742.04145,0,576
331034.840403,383666.764974,0,730
331075.402496,383340.305259,0,715
331037.5388,383511.245995,0,730
331076.095636,383520.188239,0,44
331125.020418,383574.365073,0,634
330964.215908,383361.196486,0,730
330962.139573,383366.673329,0,149
331010.691541,383662.503309,0,682
331008.986463,383460.498996,0,730
331041.873871,383501.124437,0,314
331043.974735,383412.583975,0,27
331035.855262,383443.640804,0,652
331068.918311,383558.877747,0,272
330937.432352,383443.414547,0,730
331123.398591,383524.163652,0,730
331126.07171,383647.077158,0,526
330887.36788,383399.249414,0,730
331029.030306,383697.69309,0,730
330966.935158,383559.416056,0,730
331050.728228,383475.073538,0,435
331142.731592,383682.587219,0,700
331025.942567,383573.144452,0,730
331120.134527,383307.858488,0,730
331071.393606,383493.715108,0,730
330894.69731,383437.286141,0,93
331098.201215,383659.586882,0,730
330939.897133,383396.187498,0,408
331031.690807,383427.833471,0,434
331023.708063,383669.457475,0,730
331092.936832,383282.347123,0,86
330944.891713,383420.152691,0,125
331076.675756,383424.939022,0,452
331134.59457,383651.734207,0,730
330959.338627,383539.845345,0,405
331006.124931,383586.270746,0,730
330989.781358,383439.645274,0,504
331151.367627,383574.475288,0,730
331094.68427,383343.137435,0,9
331128.606419,383599.343161,0,364
330981.521336,383596.916092,0,730
331029.705554,383629.568503,0,730
330945.891625,383384.548363,0,730
331070.259047,383543.589493,0,512
330981.747479,383630.342507,0,289
331016.782053,383537.822649,0,730
331139.843646,383706.426302,0,718
331015.805944,383694.05459,0,730
331134.218415,383696.101674,0,730
331054.143183,383443.171869,0,276
331017.606052,383420.21962,0,540
331112.631137,383718.450672,0,730
331030.619509,383435.827795,0,730
331071.372357,383700.866788,0,23
330904.328274,383471.784314,0,730
331119.433194,383689.273891,0,730
331019.338806,383343.704764,0,730
331010.759791,383661.548197,0,730
331036.943796,383562.60141,0,236
331027.818233,383606.121578,0,499
330950.262571,383428.152676,0,223
331141.040211,383579.699183,0,166
330872.674033,383406.993861,0,445
331155.700524,383623.618105,0,500
330906.585731,383468.032739,0,381
331137.373161,383604.046927,0,557
330973.267594,383476.086412,0,730
331074.112932,383269.275586,0,730
331033.014295,383605.037084,0,307
330960.976852,383407.729348,0,681
331119.385793,383629.077696,0,730
331094.704376,383249.364466,0,180
331053.937756,383261.787972,0,730
331086.111253,383515.169693,0,730
331119.862771,383290.563197,0,48
331078.188988,383713.382317,0,621
331107.83985,383492.448704,0,24
330971.979844,383608.585584,0,730
331018.832739,383622.157894,0,730
331084.493667,383475.831159,0,730
331096.249039,383744.645744,0,730
331079.368086,383225.378778,0,310
331052.645393,383748.047388,0,584
331039.176477,383569.675429,0,730
330966.570547,383490.460016,0,585
331116.839809,383286.608658,0,253
330911.190506,383450.913204,0,730
331130.091651,383541.866091,0,730
331047.030398,383439.090944,0,451
331127.522868,383559.996503,0,730
330927.958888,383372.709969,0,730
330899.493005,383444.963821,0,537
330948.286125,383450.617077,0,730
330990.413469,383459.735636,0,177
331109.45779,383735.647471,0,16
330989.114555,383626.7073,0,437
331099.978785,383589.885458,0,672
330949.692726,383439.852623,0,471
330983.738418,383461.458102,0,545
331154.643111,383634.559785,0,730
331039.956722,383275.686202,0,730
331047.68871,383377.651618,0,730
331024.95322,383344.54307,0,730
331067.656984,383434.457215,0,341
330988.528952,383367.430542,0,323
330993.899403,383390.177741,0,609
331103.214656,383238.667538,0,718
331052.604801,383515.206345,0,661
331087.60043,383562.778634,0,663
331058.359316,383512.656812,0,730
330991.472314,383509.217472,0,417
330979.832946,383507.157324,0,730
331040.162827,383492.430544,0,294
330955.699914,383535.681557,0,730
330938.620487,383371.281742,0,604
331074.61603,383345.669109,0,83
331049.429216,383565.211984,0,730
330955.85424,383386.35477,0,6
331100.609616,383761.042563,0,730
331079.434745,383754.307902,0,163
330976.458691,383599.056006,0,477
331086.31266,383478.108772,0,662
331126.013567,383651.637017,0,730
331038.709099,383342.168031,0,730
331001.574836,383425.40539,0,730
331139.585675,383564.943801,0,425
331004.160125,383375.638949,0,730
331093.692486,383502.354209,0,355
331099.347012,383619.601998,0,730
331065.046586,383731.167864,0,345
330971.678015,383543.036385,0,352
331145.757141,383565.303059,0,730
331028.649117,383542.857422,0,730
331087.747396,383744.93213,0,561
330920.391893,383424.815145,0,705
331071.366709,383684.192352,0,562
331013.723646,383540.625812,0,648
331121.752699,383524.972064,0,730
331016.914935,383678.041313,0,278
331070.972575,383679.708328,0,730
331017.322238,383593.122607,0,730
331066.695703,383470.201197,0,730
331054.128044,383667.211772,0,261
331101.858363,383258.580712,0,730
331031.990665,383324.06948,0,396
331009.221494,383345.179554,0,639
330985.076198,383569.202777,0,16
331005.024624,383432.407557,0,525
330955.972444,383420.475407,0,730
331074.036485,383643.645818,0,730
330958.351824,383536.698967,0,730
331013.557462,383435.581755,0,303
331093.466806,383642.912084,0,730
331005.065802,383471.674189,0,730
331059.397914,383747.854052,0,176
331106.485346,383267.547559,0,281
330968.28525,383526.552062,0,730
331060.324658,383342.268495,0,558
330981.215511,383372.704435,0,730
331081.491827,383289.145387,0,522
331119.729368,383253.091437,0,730
330917.242343,383483.861023,0,494
330952.112203,383465.188372,0,495
331005.645749,383376.808585,0,411
331150.914091,383618.370392,0,730
331134.157783,383688.618636,0,164
331088.346305,383582.785215,0,730
331046.05131,383517.835444,0,730
331084.953713,383317.403421,0,730
331073.526574,383706.217436,0,570
331089.821641,383691.482612,0,730
331057.7164,383527.677337,0,730
330942.070416,383409.85119,0,286
331062.962741,383727.651893,0,730
331002.273882,383395.649032,0,728
331053.258069,383630.144308,0,730
330914.739785,383456.98835,0,583
331084.940262,383497.930666,0,536
330999.186318,383667.864534,0,146
331039.536417,383424.302214,0,588
331003.314774,383640.754423,0,730
331133.829195,383642.866378,0,230
331043.965751,383287.908952,0,730
331106.189449,383589.757644,0,730
331058.459701,383343.480842,0,22
331030.583853,383366.362899,0,616
330951.110368,383564.09582,0,535
331141.765131,383594.329448,0,730
331040.654043,383727.180067,0,188
330942.09827,383549.690524,0,390
330935.96313,383394.933621,0,674
331108.192571,383287.35406,0,405
331078.778495,383539.756713,0,730
330983.694799,383393.550219,0,632
331021.406627,383606.617855,0,467
330931.598134,383486.888425,0,262
331091.759058,383601.535099,0,217
330983.415563,383590.077921,0,230
331057.05693,383535.443499,0,730
331055.879845,383434.557252,0,509
330991.156448,383380.518713,0,248
331088.360587,383637.461322,0,240
331108.326388,383617.979449,0,730
331130.288284,383530.710103,0,418
331045.334652,383432.863606,0,365
331148.844148,383578.421595,0,730
330892.196916,383393.823706,0,658
330908.668292,383404.970864,0,708
331051.857424,383716.587011,0,673
330977.2966,383581.064725,0,730
331115.004023,383576.997078,0,730
330972.735544,383533.197739,0,238
331063.307842,383793.409044,0,730
331034.663884,383530.645013,0,730
331069.055599,383513.822276,0,380
331054.375947,383494.82365,0,730
331011.156021,383551.463444,0,65
331101.602593,383514.68292,0,684
331118.768337,383266.944534,0,57
331063.260732,383602.750231,0,630
331121.277417,383629.904327,0,88
330912.926061,383431.649658,0,244
331033.62221,383728.776974,0,510
331088.287636,383601.369616,0,730
331054.463035,383427.165951,0,730
331037.749735,383729.090169,0,390
331055.834221,383639.280951,0,730
331083.334157,383344.008449,0,730
331034.437268,383712.460645,0,688
331014.768034,383370.681892,0,237
331080.111217,383538.74612,0,730
331110.830562,383569.024703,0,730
331073.151562,383355.920414,0,361
331131.2773,383630.920797,0,552
331037.933888,383659.628282,0,123
331087.922982,383517.70477,0,331
331000.527867,383584.796117,0,28
330990.876872,383405.04175,0,730
331092.998001,383613.031391,0,582
331054.861078,383342.266011,0,371
331097.688903,383552.126067,0,730
331013.620794,383593.607752,0,730
331064.157494,383696.067458,0,625
330925.263057,383384.223272,0,730
331043.861771,383661.001978,0,339
331066.01049,383587.722793,0,507
331038.946268,383514.644375,0,721
331038.639321,383506.472436,0,699
331057.393794,383698.379919,0,711
331001.798039,383433.308249,0,593
331122.223962,383245.956805,0,703
330945.540505,383416.363756,0,102
331124.868831,383282.666108,0,703
331103.972658,383631.357164,0,730
330965.133971,383367.346313,0,730
330958.407499,383449.612292,0,730
331092.80521,383297.898267,0,442
331056.549855,383696.633727,0,730
330928.12549,383511.404992,0,434
331058.223767,383407.553879,0,730
331078.372808,383662.31187,0,3
331018.388363,383596.741062,0,730
331120.693666,383701.708751,0,730
331030.686364,383433.647788,0,574
331040.155554,383598.81847,0,309
330975.547801,383545.147706,0,458
331038.775379,383473.299501,0,554
330977.203038,383430.123001,0,488
331049.504963,383307.573787,0,503
331002.543714,383333.949841,0,20
331002.544249,383581.46405,0,538
331077.430558,383561.388275,0,347
331082.292713,383446.438263,0,730
331068.390642,383420.206494,0,722
330975.842681,383548.200084,0,730
331095.951752,383591.329114,0,730
330919.883336,383453.23084,0,581
330927.087329,383472.273838,0,730
330914.850526,383395.330969,0,329
330943.068137,383417.920089,0,265
331012.814846,383473.722475,0,457
330944.792499,383449.228083,0,354
331146.086794,383565.538006,0,730
330975.153726,383610.933883,0,568
331102.112539,383259.569441,0,394
330960.216116,383582.400223,0,730
330982.677928,383397.730145,0,730
331077.190082,383256.533059,0,697
331048.001047,383660.809896,0,376
331112.640572,383259.465876,0,639
331062.024587,383509.486094,0,730
331056.95945,383797.554925,0,730
331160.546214,383591.437068,0,730
331118.394679,383525.805406,0,694
331011.871315,383358.272339,0,345
331039.887551,383504.501883,0,322
331093.372752,383568.846711,0,316
330946.6971,383409.683978,0,671
331087.074356,383317.030235,0,70
330956.618929,383360.231961,0,498
331026.994595,383665.416111,0,730
330988.588431,383634.518037,0,730
331016.916234,383348.242069,0,730
330894.076201,383454.126433,0,730
331027.442144,383658.249378,0,730
331016.330435,383632.435783,0,481
330915.048354,383405.402493,0,212
331048.532645,383407.436757,0,474
331042.080306,383747.861334,0,440
331026.115515,383501.390574,0,561
331038.053025,383759.120457,0,730
331077.562655,383769.17876,0,527
331039.660203,383743.289713,0,553
331148.046667,383599.050186,0,730
330991.183488,383494.799963,0,730
331076.07043,383730.586566,0,413
330922.58262,383514.0655,0,61
331084.526785,383292.705406,0,730
331070.2158,383476.669844,0,730
331023.461902,383347.720657,0,299
331037.856052,383664.610999,0,638
330972.024628,383562.33065,0,468
331034.194203,383686.132186,0,730
331009.734759,383482.560923,0,730
331077.190292,383257.387911,0,655
331146.42872,383595.130543,0,174
330955.063223,383396.807003,0,673
330907.728225,383474.268983,0,197
331066.440621,383587.989153,0,730
331114.789626,383735.06614,0,512
331104.808963,383713.975152,0,730
331019.277941,383579.319004,0,553
330975.721821,383565.340756,0,730
330997.167815,383471.905179,0,338
331127.798707,383642.779266,0,730
331053.842928,383425.73406,0,730
331127.62665,383587.605027,0,106
331077.731976,383681.879472,0,730
330965.215033,383469.428836,0,730
331045.817241,383410.22923,0,730
331100.02578,383690.657208,0,730
331047.805569,383407.533606,0,730
331013.840595,383547.356024,0,617
331040.553124,383565.673759,0,730
331130.879845,383630.253302,0,174
330950.292299,383500.976085,0,730
331060.494748,383748.773263,0,597
330985.318546,383566.886766,0,59
331103.988539,383700.405529,0,730
331084.067043,383581.90839,0,730
331040.744306,383290.447806,0,605
331063.86937,383661.376206,0,305
330888.83824,383411.592895,0,505
331052.772836,383641.626863,0,485
331106.060217,383664.897312,0,457
331093.15013,383456.187116,0,730
331132.894418,383251.714978,0,730
330991.504032,383384.519319,0,730
331130.214211,383683.325757,0,730
330996.322687,383543.951664,0,196
331064.846241,383709.911418,0,730
330949.694161,383540.829717,0,29
331091.162741,383703.917249,0,730
331043.615371,383394.292245,0,388
330991.265521,383648.818501,0,730
331065.434826,383546.62965,0,730
330951.598942,383505.387688,0,311
331033.592615,383327.013197,0,730
331109.31815,383286.589609,0,144
331019.804244,383505.186383,0,730
331093.125862,383609.881594,0,730
331062.313274,383445.948646,0,730
331012.358232,383553.469749,0,653
331023.420313,383324.903098,0,730
331056.939689,383684.64318,0,162
331072.666877,383756.168033,0,182
331103.017019,383304.887463,0,730
331041.717028,383271.17685,0,730
331123.914376,383278.96065,0,593
331009.699721,383623.905448,0,730
330965.225617,383383.552378,0,730
331093.210289,383245.653355,0,642
331052.170336,383284.868362,0,82
331125.290756,383599.001221,0,678
330959.971359,383511.32016,0,730
331092.424007,383635.405258,0,115
331082.193818,383724.525011,0,730
331107.607497,383270.776579,0,546
331022.752144,383508.402475,0,730
330972.536654,383366.972011,0,730
330922.073392,383436.179436,0,258
331100.12701,383264.159863,0,600
330956.582598,383495.836262,0,650
330996.090942,383379.748604,0,730
331085.968161,383278.222108,0,730
331075.180627,383575.685204,0,644
330979.087221,383383.812306,0,438
331118.426606,383716.042746,0,168
331129.811328,383279.5527,0,730
331081.029547,383669.020544,0,720
330984.253878,383554.4045,0,730
331077.411725,383483.015143,0,730
331079.614709,383720.378227,0,730
331069.969726,383627.865864,0,283
331006.045354,383641.093409,0,296
330984.554762,383515.589797,0,248
331078.665856,383453.030633,0,730
330963.352288,383460.165035,0,730
331041.846699,383479.082322,0,620
331015.726873,383360.331037,0,476
331097.217889,383231.677223,0,344
331108.687303,383582.425563,0,207
331057.133533,383464.421669,0,462
331003.56908,383577.172829,0,730
331078.104717,383671.391367,0,730
331080.797318,383652.194205,0,99
331024.730456,383453.908787,0,730
330993.061108,383652.14924,0,730
331014.714692,383652.865601,0,687
331073.622828,383432.784252,0,476
330974.373343,383586.802502,0,730
331018.857415,383439.323785,0,730
331023.572779,383482.919658,0,55
330938.169364,383439.817156,0,618
331102.620694,383710.345163,0,675
330996.210113,383361.808019,0,486
331069.283798,383472.02635,0,334
331039.137089,383690.828343,0,730
331121.684598,383682.476731,0,597
331090.174743,383330.892826,0,201
331076.726268,383679.734472,0,730
330957.646271,383484.996644,0,227
331070.402184,383567.057372,0,728
330962.076121,383593.017049,0,730
331072.866256,383515.489453,0,556
331017.635831,383435.82472,0,730
331041.106702,383723.192777,0,730
331014.092591,383544.284049,0,730
330897.20773,383393.100671,0,291
331092.740864,383569.827768,0,647
330903.690625,383409.392692,0,730
331048.066151,383669.615858,0,730
331088.420414,383616.59991,0,656
330984.623287,383435.835052,0,730
330959.612919,383426.904261,0,671
331076.051137,383501.863143,0,730
331084.444069,383514.908009,0,730
331084.214115,383693.635842,0,730
331065.594666,383516.000517,0,466
331018.705952,383420.419708,0,730
331097.6153,383327.663085,0,730
330954.225006,383437.892796,0,116
331137.884007,383618.2523,0,340
331062.919127,383763.60423,0,730
331129.132855,383260.397461,0,730
331006.490088,383472.985147,0,656
331103.794973,383265.114485,0,293
330927.228503,383527.52018,0,730
330899.497401,383407.569945,0,427
331020.952804,383392.738218,0,730
331107.135123,383602.019763,0,730
331025.687718,383698.644556,0,730
331021.109398,383492.208686,0,297
331055.546654,383710.794626,0,730
331100.686355,383313.759888,0,730
331093.976291,383708.914423,0,730
331097.246373,383275.538442,0,730
331146.56634,383262.979691,0,714
330986.676564,383401.305469,0,730
330947.348842,383404.2337,0,627
330955.101763,383418.858759,0,730
330949.921726,383494.171744,0,730
331002.703514,383673.605339,0,730
330892.225927,383446.368983,0,730
331058.993491,383484.311231,0,582
331012.65267,383309.99575,0,730
331076.371944,383549.779754,0,471
331067.319075,383775.34972,0,730
331114.965005,383313.239458,0,443
330954.143142,383523.582457,0,730
331095.84583,383569.949005,0,730
331088.093351,383336.006188,0,723
331057.490814,383670.190592,0,369
331036.334842,383464.632073,0,730
331049.518768,383439.90499,0,116
331104.821567,383285.672998,0,228
331070.17769,383339.309173,0,428
331063.070972,383771.001332,0,730
331102.428015,383490.035525,0,530
331140.659798,383659.575102,0,725
330998.051599,383627.027296,0,730
331118.26116,383280.757624,0,730
331135.691514,383717.081263,0,372
331013.585539,383326.578362,0,550
331045.519363,383491.700765,0,730
330963.094791,383468.199675,0,694
331089.387637,383549.197099,0,730
331031.85474,383643.394909,0,381
331088.740504,383603.309548,0,730
331009.527806,383328.068522,0,730
331015.579786,383603.230201,0,406
331023.855065,383326.744359,0,730
331057.385474,383532.988223,0,730
331091.639783,383254.023451,0,698
330993.525401,383613.076051,0,730
330998.487082,383425.710247,0,730
331072.879102,383243.009161,0,466
331034.04786,383684.281793,0,336
331005.937691,383661.887268,0,730
330967.680029,383517.651566,0,730
331134.365453,383594.839941,0,668
330871.440293,383407.505572,0,730
331040.864972,383728.918004,0,222
331044.105496,383397.583501,0,396
331022.160301,383659.458038,0,308
331039.306841,383343.556233,0,730
331061.013304,383566.537015,0,573
330995.123378,383630.57261,0,730
331114.28304,383620.584987,0,730
331086.829507,383743.416659,0,549
331143.871243,383260.947274,0,677
330947.417311,383379.176557,0,575
330945.020245,383407.143145,0,719
331037.614976,383585.339188,0,397
330990.410772,383603.240935,0,415
330972.595618,383542.503722,0,94
331143.948463,383639.097221,0,730
331135.334967,383682.723867,0,198
330906.584778,383422.318267,0,730
331150.727643,383554.794858,0,544
330995.400071,383643.739234,0,730
331083.303588,383703.784572,0,385
331144.229498,383632.086154,0,705
331053.462749,383767.979934,0,356
331053.137096,383591.756386,0,465
331006.1753,383603.223171,0,5
331060.964928,383278.094922,0,454
331122.770631,383725.136808,0,321
331075.694844,383719.05363,0,730
331086.967782,383312.783584,0,730
330967.316268,383402.517726,0,169
331023.265751,383714.762754,0,730
331102.325786,383695.609564,0,730
331085.503951,383330.776045,0,424
331054.587015,383708.666166,0,730
331034.89836,383291.975879,0,730
331145.714394,383680.633986,0,115
331073.393788,383776.925465,0,730
331060.470093,383705.289663,0,669
331021.328357,383460.973022,0,730
330944.95904,383468.296762,0,335
331105.323058,383496.947011,0,285
331016.425497,383400.517222,0,730
331131.21919,383530.258593,0,368
330944.871302,383512.276958,0,730
331118.415335,383630.80487,0,362
331063.734898,383443.038413,0,730
331148.322971,383656.751407,0,627
331037.777947,383739.112012,0,522
331118.420135,383292.230687,0,278
330971.179446,383389.205044,0,389
331095.596813,383553.422566,0,730
331092.789777,383322.397714,0,730
331023.93552,383488.245538,0,326
331027.156239,383704.630946,0,540
330925.02311,383379.2005,0,730
331095.50519,383500.245007,0,462
330964.909053,383401.931872,0,730
331034.946816,383456.420951,0,730
331014.704631,383693.229076,0,328
330915.426853,383493.587754,0,383
331113.405812,383499.293864,0,730
331062.382771,383359.53702,0,730
331134.368197,383680.55753,0,79
330962.118241,383379.021291,0,518
331079.811012,383718.4178,0,730
330949.619738,383428.306609,0,730
331018.699444,383606.683643,0,730
330947.793725,383548.996233,0,594
331088.320711,383236.910187,0,305
331096.923863,383727.931666,0,730
330990.510124,383443.52658,0,423
331007.598132,383361.960781,0,730
330901.614173,383399.713914,0,26
330931.787553,383426.264025,0,286
331095.179499,383655.223997,0,440
331138.300562,383264.123631,0,269
331046.470329,383541.519782,0,130
331118.570526,383304.426078,0,730
331053.376323,383485.964577,0,631
331092.54472,383269.020704,0,730
331120.7942,383725.299412,0,730
330946.78236,383483.893594,0,596
331054.610702,383622.512716,0,245
331134.836028,383525.566689,0,730
330962.075976,383529.204692,0,578
331073.343512,383696.183692,0,716
331035.224266,383343.173958,0,45
331116.889384,383577.022189,0,730
331114.432982,383502.68345,0,241
331053.024052,383660.453268,0,586
330909.498862,383388.472387,0,353
331008.716845,383573.894838,0,170
330966.832283,383434.343297,0,449
331015.977734,383496.627751,0,726
331055.77414,383559.042356,0,730
331118.606668,383661.29489,0,625
331051.724858,383435.179762,0,374
331072.600831,383464.036744,0,461
330886.275637,383427.627207,0,730
331056.887538,383497.661136,0,730
331074.826854,383470.511321,0,730
330992.646211,383374.44092,0,730
331095.945426,383704.613402,0,730
331062.689599,383567.461335,0,121
331070.124857,383753.2864,0,730
330974.014432,383358.560216,0,472
330976.692005,383564.134703,0,398
331067.044521,383519.096309,0,730
331101.373765,383719.548899,0,428
331078.298958,383242.478441,0,730
331113.284273,383638.169508,0,433
331026.985851,383611.065226,0,730
331092.092961,383659.432975,0,46
331126.203235,383576.376243,0,318
330952.839967,383387.868855,0,730
330887.096006,383413.165328,0,730
331045.364629,383461.720134,0,730
330872.649801,383408.305677,0,730
330993.546109,383616.944034,0,342
331054.7782,383601.850923,0,371
330916.320249,383448.387438,0,730
331084.349845,383263.90986,0,676
331136.0462,383540.759423,0,730
331007.207084,383366.310613,0,601
331053.002598,383305.711326,0,730
330916.312307,383428.407248,0,469
331059.619852,383589.699163,0,730
331116.125184,383654.597437,0,127
331019.877314,383476.611267,0,4
331050.349101,383528.222102,0,355
330973.556653,383404.335627,0,730
331019.172059,383665.412214,0,730
331042.395909,383494.284702,0,730
331099.365467,383476.762662,0,730
331091.789496,383246.308977,0,730
330956.557281,383571.887229,0,730
331090.684447,383321.710394,0,730
330994.969261,383463.657418,0,331
331001.020825,383361.46209,0,551
331090.402332,383295.919777,0,554
331099.035757,383231.461547,0,14
331072.336343,383572.293699,0,571
331061.869777,383652.121574,0,730
330986.240741,383447.844559,0,730
331058.227293,383394.102029,0,517
330963.00263,383411.655083,0,630
330936.944102,383476.303821,0,730
330988.8256,383449.423595,0,15
330963.871499,383541.836919,0,693
331012.553467,383685.611649,0,410
331120.456039,383684.389115,0,193
330947.182775,383557.727147,0,412
331066.943684,383419.20304,0,730
331004.905726,383552.707618,0,602
330929.099784,383371.718574,0,730
331147.797565,383552.945801,0,276
330995.701195,383459.447649,0,730
331143.116766,383565.161915,0,730
331139.18863,383550.236806,0,730
331050.703654,383620.20357,0,315
331084.238736,383476.805106,0,730
331132.128028,383285.123593,0,473
331059.570641,383417.488728,0,730
331058.810637,383340.39895,0,650
331114.511244,383751.772249,0,391
331125.468078,383534.330194,0,459
331031.507981,383284.429965,0,74
330976.982891,383355.871926,0,730
331067.044686,383653.466381,0,442
331070.610606,383500.815286,0,186
331013.423005,383349.277942,0,634
331067.981703,383714.518737,0,496
331006.952706,383660.728193,0,730
330992.03721,383546.166291,0,691
331077.619778,383706.4706,0,368
331020.905178,383368.477823,0,730
331050.032268,383577.334789,0,730
331020.755454,383568.511674,0,572
331011.756598,383661.767163,0,90
331043.427024,383662.346382,0,524
331081.326729,383475.892446,0,263
331029.28831,383463.023357,0,171
331061.786198,383403.327599,0,273
330984.162942,383460.808193,0,202
331123.044863,383649.033057,0,730
331050.311254,383765.838323,0,730
331118.757995,383506.370474,0,41
330939.590139,383529.608495,0,640
331034.550399,383593.338621,0,730
331055.789765,383263.349584,0,195
331048.659211,383381.138016,0,460
331034.45198,383307.770202,0,477
331055.135501,383320.865045,0,353
331023.5475,383453.999604,0,730
331061.691522,383411.528804,0,136
331104.686428,383504.470842,0,730
330912.411387,383500.616084,0,730
331066.566482,383432.603564,0,730
331119.879014,383522.063926,0,277
330899.531594,383421.765618,0,667
331022.140663,383452.840995,0,220
331058.10732,383451.352614,0,730
331016.110497,383568.38536,0,730
331004.954388,383549.610406,0,490
331039.62922,383557.244702,0,178
331006.513268,383369.477106,0,393
331069.127217,383786.65347,0,721
330919.899518,383449.892049,0,730
331055.559594,383751.347704,0,670
331002.47219,383423.032552,0,411
331132.937802,383531.694092,0,730
331077.023827,383506.200148,0,730
331047.833919,383445.041178,0,287
331054.298124,383729.864522,0,392
331144.987412,383576.593435,0,730
331081.156376,383648.966071,0,430
331018.079372,383328.862799,0,219
330965.376059,383484.437671,0,292
331023.284397,383508.062769,0,730
331025.862602,383455.440721,0,611
331063.619051,383652.472101,0,418
330997.196449,383359.554413,0,566
331094.083557,383568.135382,0,360
330948.685744,383432.438946,0,581
331072.032658,383446.374937,0,730
331096.346918,383552.497053,0,199
331146.483955,383564.568357,0,730
331061.225181,383654.712988,0,730
331078.669337,383448.349916,0,730
331073.621694,383680.334453,0,587
331111.879539,383501.273226,0,304
330895.372591,383446.759988,0,379
331060.061942,383788.454078,0,730
330996.719829,383375.620499,0,730
331033.630003,383444.055117,0,128
331030.539522,383649.508818,0,730
330978.002699,383438.421066,0,7
331128.974395,383285.890072,0,730
331061.908463,383626.077811,0,510
331083.662176,383636.382078,0,730
331146.304138,383579.840362,0,729
331085.485551,383597.158497,0,715
331004.375329,383499.520049,0,730
331064.824781,383537.995815,0,40
331013.661369,383443.898581,0,730
331045.573922,383546.617121,0,295
330945.684848,383430.897049,0,730
331005.217896,383679.732001,0,63
331094.86293,383327.01897,0,367
331131.83321,383263.47687,0,532
331065.595241,383528.183947,0,730
331066.436833,383556.632638,0,702
331042.615666,383571.172582,0,730
331078.7703,383533.998953,0,730
331103.208801,383544.150676,0,105
331025.71542,383451.588645,0,143
330911.113607,383435.088945,0,730
331144.962416,383583.699121,0,730
331045.84536,383546.737205,0,730
331077.24358,383315.399843,0,730
331094.914942,383594.670219,0,464
331113.969435,383552.49995,0,730
331023.42427,383703.686582,0,730
331016.832427,383710.785178,0,523
331095.333631,383766.133733,0,534
331104.964407,383665.544899,0,666
331050.929124,383704.924517,0,730
331049.611668,383563.652256,0,724
330993.145001,383484.204258,0,210
331006.168941,383478.196204,0,730
330975.155608,383608.523388,0,730
331154.155825,383579.802558,0,360
330923.804439,383478.646802,0,708
331028.349124,383432.041181,0,67
331111.090586,383704.902016,0,118
330954.710748,383510.09994,0,403
331061.359822,383353.019707,0,701
331049.392125,383686.153688,0,730
330945.992719,383460.058427,0,730
331120.600914,383543.776158,0,730
331055.978005,383429.499002,0,730
331067.796838,383290.547639,0,730
330981.293621,383413.663394,0,515
331086.312535,383236.682527,0,730
331086.752844,383685.382621,0,282
330985.879414,383475.342023,0,351
331103.241133,383331.920399,0,357
331032.961987,383511.442999,0,692
330975.723962,383416.207046,0,161
331049.836461,383260.304911,0,730
331036.493281,383654.893713,0,730
331149.412067,383266.415955,0,501
330941.760146,383552.930067,0,419
331031.246002,383731.877062,0,730
331062.360142,383314.855462,0,169
331012.96149,383479.715855,0,730
331053.146695,383451.535246,0,730
330973.096337,383489.357086,0,704
331025.319311,383349.087119,0,730
330969.875429,383542.024408,0,21
331001.383778,383583.51595,0,730
331055.979267,383736.584772,0,441
331058.840133,383398.472708,0,730
331065.40187,383242.889701,0,50
331092.968795,383282.44766,0,120
330903.870352,383396.354321,0,167
331009.106859,383634.868325,0,9
331093.376392,383644.614063,0,730
330971.089202,383381.901821,0,686
330979.1749,383498.167368,0,730
331006.760282,383569.940975,0,730
331072.096376,383347.951527,0,730
331019.167106,383551.447902,0,289
330973.055512,383537.144278,0,326
330920.663966,383451.344116,0,472
331072.976084,383430.63153,0,347
330959.053762,383403.036287,0,712
331090.612479,383740.803296,0,105
331069.419476,383760.157927,0,521
331039.173038,383609.727824,0,730
331010.28481,383423.174148,0,730
330925.00865,383383.646822,0,657
331040.195493,383530.910214,0,569
330945.266063,383409.556502,0,695
330996.847306,383611.876866,0,665
331124.335393,383732.428553,0,730
331072.024005,383637.552427,0,730
331152.013683,383582.589083,0,691
331031.404258,383602.09084,0,730
331119.856879,383707.300918,0,730
331133.928033,383700.749984,0,545
331064.759703,383471.28972,0,571
331052.968868,383264.833153,0,62
330933.969105,383421.087716,0,241
330968.137595,383362.375359,0,141
331145.089655,383552.978156,0,730
331046.876396,383498.019503,0,730
331070.929887,383572.533866,0,730
330985.896886,383595.194416,0,132
331019.983245,383543.302018,0,730
331091.819735,383656.998101,0,421
331044.539187,383541.978106,0,560
331085.346515,383536.89801,0,521
331088.166465,383308.058863,0,709
330975.78466,383368.719927,0,730
331050.374054,383688.125354,0,497
331045.279093,383320.184985,0,621
331003.462824,383640.764349,0,702
331051.031401,383453.053844,0,730
331055.042391,383789.649174,0,288
330916.286714,383488.261321,0,730
330998.600688,383606.216591,0,674
331038.283916,383400.021813,0,730
331071.254082,383598.501016,0,730
331027.419999,383483.088191,0,541
330955.597395,383377.411723,0,730
331139.811168,383262.473723,0,10
331124.036885,383290.745676,0,150
331075.67011,383480.064443,0,543
330919.951028,383418.355062,0,86
331145.156806,383671.785127,0,730
331055.611417,383356.340063,0,730
331087.569622,383713.032104,0,730
331101.980748,383251.822712,0,605
331095.034114,383316.545371,0,120
331045.709739,383293.297498,0,610
331051.146708,383377.626818,0,319
330953.950762,383440.336713,0,730
331132.41712,383667.171319,0,730
330953.74131,383444.003384,0,426
331007.203245,383457.124794,0,495
331068.36832,383658.403321,0,479
330915.78651,383426.688359,0,600
331011.392718,383469.650676,0,697
331072.689893,383526.317552,0,528
331071.685988,383646.559284,0,730
331021.971178,383356.564493,0,463
330945.309666,383411.487162,0,730
331110.872897,383661.949806,0,730
330952.910873,383566.579421,0,480
331140.096979,383548.741447,0,595
331126.925999,383639.841182,0,308
331047.894749,383395.214789,0,629
331133.185312,383561.750209,0,598
331055.998149,383476.940849,0,730
331021.456451,383590.965874,0,686
331082.748037,383669.04548,0,730
330994.459549,383349.193688,0,730
331055.666975,383452.901408,0,492
331112.102307,383560.363837,0,730
331039.508569,383711.324734,0,143
331003.134131,383501.321896,0,730
331113.303805,383618.173402,0,693
330984.820992,383458.958249,0,711
331072.919747,383298.648469,0,531
331143.586276,383549.064187,0,645
330948.854905,383430.007595,0,398
331007.253881,383666.103713,0,17
330883.189342,383401.931533,0,98
331095.416706,383270.370361,0,601
331057.889105,383336.315634,0,730
331154.915285,383621.789691,0,260
331010.797624,383341.273258,0,502
331010.0851,383636.512074,0,730
330934.145764,383448.037834,0,214
331003.087745,383668.582318,0,730
331089.393498,383333.241836,0,530
330939.074851,383489.65163,0,438
331052.747564,383420.229248,0,96
331059.606053,383409.346497,0,608
331133.822603,383678.896941,0,730
330981.073171,383363.445858,0,730
331050.901697,383436.794961,0,337
330959.492367,383470.090081,0,730
331101.446473,383518.462475,0,77
331065.0626,383484.189527,0,519
331111.286592,383581.4044,0,565
331089.93209,383580.759754,0,730
331027.778803,383451.133548,0,566
330981.650779,383510.845416,0,653
331087.505,383615.42796,0,730
330943.722949,383482.531507,0,218
331048.311855,383316.505216,0,498
331000.893029,383598.347524,0,580
331013.356889,383579.917058,0,730
331029.223562,383402.917962,0,122
331125.755986,383512.263547,0,18
331098.022365,383588.182223,0,610
331013.904414,383497.466256,0,730
331125.123161,383509.924013,0,730
331031.431051,383723.007035,0,95
331115.543881,383238.271606,0,730
331101.542297,383511.289566,0,682
330966.47627,383376.036509,0,685
331039.966625,383575.556537,0,533
331062.634605,383605.676528,0,730
331064.644934,383703.509694,0,547
331127.622116,383730.349069,0,134
331089.287416,383721.537341,0,730
331151.912723,383617.781896,0,730
331095.348648,383572.102352,0,455
331045.490474,383433.698341,0,30
331126.600512,383513.995406,0,87
330903.761976,383442.000363,0,222
331144.153563,383679.510165,0,730
330996.889886,383623.755624,0,680
331069.145559,383287.576152,0,730
331067.854413,383661.526183,0,54
330981.699784,383403.818999,0,373
330981.940753,383365.522334,0,730
331029.971163,383326.114062,0,730
330960.430805,383401.811792,0,423
331128.821077,383567.512846,0,384
331071.753131,383778.637938,0,602
330952.45372,383430.137069,0,234
331072.140533,383759.48612,0,392
330921.785199,383426.171559,0,349
331033.631199,383729.472836,0,162
331037.29567,383660.240036,0,380
331082.320045,383242.670479,0,415
331033.396074,383602.137465,0,282
331022.295055,383300.296914,0,633
331086.620909,383340.570174,0,272
330969.222285,383500.417715,0,578
331007.470516,383375.179801,0,730
330964.195065,383529.519379,0,730
331117.976975,383573.108143,0,628
330952.390066,383445.786423,0,251
331004.939901,383642.917632,0,520
330949.250041,383481.431273,0,730
331073.939561,383356.318323,0,642
331035.39854,383466.463377,0,730
330998.486428,383485.517051,0,348
331137.823263,383636.747814,0,730
330997.132566,383555.439322,0,730
331082.568268,383711.646674,0,124
331101.884807,383656.573932,0,447
331009.319916,383497.995356,0,636
331144.777446,383611.522308,0,730
331020.264249,383638.994783,0,497
331050.797778,383468.554677,0,620
330883.509933,383406.801965,0,555
331020.656856,383408.990073,0,175
331000.667058,383542.313079,0,266
330975.116959,383434.524697,0,335
330952.487729,383579.19002,0,730
331026.882835,383644.70134,0,358
331057.706178,383791.897917,0,559
331126.522266,383690.61018,0,274
331022.498743,383475.53984,0,666
331101.307079,383612.720987,0,119
330966.164434,383551.014624,0,684
331030.74782,383480.174103,0,725
330982.862771,383358.302055,0,397
331066.242885,383783.735137,0,513
330906.331844,383465.46106,0,482
331095.858408,383244.887502,0,291
331159.649469,383596.604666,0,225
330995.441831,383446.109835,0,111
331007.52642,383504.289472,0,131
331073.429441,383512.79974,0,591
331031.319179,383729.869749,0,564
331021.824552,383472.592202,0,616
330963.95125,383581.55722,0,730
330976.046129,383391.458534,0,149
331130.510068,383726.671127,0,474
331039.909043,383654.704,0,486
331006.079945,383624.259422,0,730
330951.776616,383532.85744,0,730
331012.57431,383547.749836,0,644
331065.469337,383707.222586,0,730
331067.139662,383299.712116,0,730
331052.83627,383513.246617,0,313
330896.370346,383435.930801,0,483
331065.822548,383700.450337,0,730
330912.381534,383481.716088,0,318
330902.376871,383412.971429,0,730
331083.668557,383633.599648,0,730
331042.565231,383308.189625,0,606
330945.308375,383477.353979,0,730
331017.019501,383419.007222,0,89
330894.640823,383393.413327,0,216
331072.972805,383750.84799,0,730
331119.458274,383618.068855,0,730
331021.404027,383369.310106,0,730
331115.360171,383619.446936,0,517
331094.656789,383661.719063,0,315
331054.452536,383760.439241,0,259
331038.859568,383333.826024,0,187
331100.007636,383482.352039,0,433
330985.839251,383596.047293,0,329
331050.653689,383544.4417,0,134
331011.415909,383457.373128,0,662
331048.344207,383412.271373,0,12
330898.330158,383454.455279,0,660
331102.511496,383298.341598,0,209
331128.368584,383249.61722,0,730
331073.352614,383681.949726,0,730
331055.43782,383433.468714,0,730
331085.881382,383479.448062,0,730
331008.482675,383345.128494,0,730
331067.77824,383311.546217,0,730
330936.932458,383481.592256,0,720
330911.107133,383493.904871,0,695
331042.062023,383454.158265,0,730
330962.213484,383456.516822,0,707
330962.591791,383374.315846,0,563
331012.833589,383539.628325,0,586
331045.120859,383325.239353,0,213
330949.73956,383488.143893,0,730
330932.353299,383484.54023,0,226
330944.204664,383396.161299,0,511
330924.895415,383418.078759,0,700
331085.749564,383720.679883,0,118
330884.677956,383427.219953,0,76
331057.289912,383531.459187,0,493
330887.853769,383420.854452,0,637
331034.107696,383454.35498,0,730
331060.648293,383475.609482,0,456
331063.644085,383783.154098,0,365
331081.160431,383692.039938,0,730
331117.548026,383697.242201,0,557
331086.510739,383217.226817,0,730
331113.484469,383256.169171,0,484
331063.3896,383434.400862,0,523
331024.218948,383499.982919,0,730
331052.842153,383460.004372,0,252
331090.248754,383664.565039,0,596
330944.303007,383367.947488,0,352
331043.871674,383739.046262,0,730
330988.242591,383380.040552,0,294
331125.269707,383254.632528,0,730
330995.888177,383643.569981,0,552
330950.097164,383501.863306,0,45
330978.209165,383608.381941,0,730
331054.024907,383415.948167,0,200
331049.171353,383295.598368,0,302
331094.737017,383648.186453,0,730
331045.989584,383730.380454,0,670
331072.433116,383317.527517,0,730
331107.056128,383648.173728,0,730
331061.168449,383341.282019,0,533
330996.415058,383467.580605,0,730
331141.409549,383557.820024,0,730
331084.867724,383758.202102,0,730
330909.435141,383420.583932,0,730
331092.929847,383711.023675,0,730
330985.954291,383441.956857,0,704
331033.913338,383467.031426,0,730
331041.579892,383338.142734,0,444
331072.88012,383233.972113,0,290
331052.654838,383787.214349,0,548
331039.041126,383450.204346,0,667
331017.469225,383379.594362,0,432
331104.96039,383240.044411,0,421
331124.295983,383297.640286,0,275
331070.420247,383774.290911,0,575
331048.885941,383622.882727,0,529
331052.677155,383491.677019,0,730
331100.414774,383649.155216,0,730
331032.48561,383691.020724,0,730
330936.147676,383477.450444,0,730
330980.335901,383621.621079,0,730
331026.290174,383554.928281,0,580
331144.812909,383267.004359,0,444
331073.782999,383337.325451,0,377
331006.680546,383558.041338,0,595
330980.639189,383481.997662,0,449
330979.590081,383571.770463,0,730
331039.51335,383526.959519,0,636
331053.445579,383504.966273,0,730
331060.341875,383422.855015,0,730
330919.653955,383415.764211,0,730
331074.791354,383675.709328,0,514
331011.874655,383661.02084,0,730
330917.893884,383420.15492,0,453
330938.608717,383511.396165,0,651
331045.587788,383275.563273,0,619
330895.623822,383408.079216,0,350
331022.514571,383488.482637,0,267
331109.329133,383569.697371,0,623
331035.448761,383715.298551,0,730
331133.859096,383682.577087,0,730
331120.920518,383670.52133,0,490
331096.592858,383534.342844,0,730
330908.784544,383433.78439,0,712
331002.980787,383486.058912,0,454
330982.238459,383519.818161,0,429
330944.287814,383457.996309,0,483
331040.050952,383471.153531,0,451
331083.187024,383619.205475,0,349
331022.602989,383626.078167,0,159
331051.119991,383776.158305,0,508
331094.099475,383225.769632,0,612
331042.608592,383595.891315,0,478
331056.672591,383696.650932,0,229
331055.615711,383367.206393,0,729
331039.08423,383442.298211,0,722
330985.244344,383533.84388,0,244
331097.781455,383752.660643,0,496
331040.740129,383708.317413,0,730
331060.480643,383316.603306,0,730
331027.796894,383562.945177,0,659
331028.186761,383657.622619,0,730
331051.971103,383431.311409,0,730
331025.613946,383619.89468,0,257
331034.828257,383493.58398,0,25
331002.418188,383491.950734,0,730
331038.075837,383328.341122,0,492
331087.123778,383509.314254,0,730
331066.460777,383646.782982,0,541
330979.955876,383472.230155,0,598
331044.80937,383484.53162,0,730
331011.361792,383477.631205,0,730
331065.459207,383541.487724,0,730
331100.855882,383279.438044,0,551
331049.632199,383527.54724,0,25
331014.877564,383330.419572,0,730
331094.512761,383261.303435,0,519
331072.819709,383560.198861,0,172
331069.142336,383725.658742,0,730
330978.821789,383609.545174,0,626
330973.574847,383546.084889,0,619
331137.535553,383593.987703,0,665
331093.659286,383618.993991,0,730
331018.943112,383519.861342,0,622
330958.14885,383372.31189,0,622
330953.340811,383504.103076,0,730
330996.996961,383402.586256,0,446
331028.50857,383434.891319,0,478
330959.155313,383361.049419,0,489
331087.22206,383664.90761,0,611
330893.220567,383420.480179,0,555
330957.405906,383511.637562,0,206
331055.981683,383684.783836,0,730
330921.899868,383479.184828,0,452
331003.269358,383540.543554,0,730
331027.411048,383317.162632,0,730
331025.948506,383623.956302,0,121
330876.190109,383400.38837,0,589
331041.553425,383334.876214,0,373
331055.782741,383733.159816,0,211
331051.910029,383474.714601,0,50
331082.264866,383582.239004,0,696
331076.013414,383421.034318,0,637
331044.728656,383525.128369,0,101
330925.042443,383433.574949,0,730
331126.594281,383620.040342,0,663
331045.44266,383516.961382,0,730
331117.626881,383673.182836,0,654
330962.003911,383514.261321,0,730
331021.905481,383639.239401,0,717
331145.859209,383670.007773,0,669
331004.849283,383490.571295,0,730
331082.318625,383730.940112,0,487
330877.259106,383419.425112,0,730
331091.52048,383729.230063,0,730
331033.197888,383486.340154,0,672
330988.759489,383463.936246,0,730
331022.457701,383391.332653,0,468
331043.953117,383307.298964,0,730
330983.044668,383596.181526,0,727
331060.427921,383600.046471,0,730
331060.811818,383470.145194,0,730
331064.716579,383405.668318,0,730
331055.414855,383417.556339,0,730
331029.904823,383523.53503,0,257
331019.26339,383377.590197,0,388
331039.912416,383366.912127,0,730
331029.861535,383600.745808,0,284
331044.447594,383285.74344,0,730
330979.344974,383550.718934,0,730
330981.390788,383473.635916,0,217
331077.883736,383422.063445,0,378
331085.109493,383576.942148,0,401
331033.548854,383367.362639,0,211
331140.697656,383639.293216,0,366
331131.688731,383272.338068,0,730
331006.862896,383497.734568,0,730
330984.817292,383556.966621,0,730
330924.433992,383412.240745,0,707
331036.944033,383562.32213,0,730
331002.587676,383429.51785,0,237
331133.763868,383715.62336,0,348
331128.231263,383252.557083,0,324
331032.492205,383316.41722,0,730
331064.393189,383694.929595,0,730
331109.558902,383648.971334,0,129
331081.74568,383626.349594,0,657
331129.381444,383610.169954,0,730
330997.147711,383593.926865,0,599
330949.866854,383568.168388,0,8
331034.429977,383327.385748,0,18
331039.71652,383279.812689,0,590
331063.093279,383424.060291,0,730
331035.391529,383731.711598,0,730
330949.927176,383471.279237,0,730
331120.204204,383731.224475,0,730
331044.052372,383336.83348,0,730
331032.548239,383638.448054,0,590
331053.350042,383502.587055,0,730
331075.080286,383765.974778,0,730
331089.118925,383737.407323,0,403
331030.651835,383606.631103,0,730
331026.780166,383323.022302,0,710
331000.324619,383365.440834,0,701
331059.190024,383362.473871,0,574
331030.178343,383666.94986,0,730
331085.780259,383696.043009,0,730
330926.993961,383383.988183,0,465
331060.222778,383750.673401,0,71
331082.417708,383618.316571,0,730
331039.250464,383580.461253,0,207
331126.194551,383681.074599,0,332
330973.465315,383440.523131,0,730
330991.491818,383621.97198,0,146
331084.482906,383651.92522,0,730
331063.188037,383305.046249,0,609
331037.280501,383633.654562,0,730
331118.973788,383310.735504,0,359
330932.560762,383459.607894,0,204
331033.055006,383644.631233,0,394
331080.457254,383284.983053,0,730
330975.013573,383427.468015,0,441
331068.232362,383296.57499,0,210
331079.660797,383680.295154,0,603
330909.229311,383490.405514,0,382
331088.806572,383269.60737,0,503
330992.058217,383617.155616,0,730
331129.122525,383523.920539,0,633
331005.99288,383559.979405,0,730
331060.205852,383597.617483,0,152
331026.806679,383676.339207,0,649
331052.853119,383472.4352,0,730
331130.866802,383287.938086,0,455
331082.767473,383723.546363,0,283
331065.102793,383417.532832,0,623
330998.962728,383340.750563,0,76
331032.605833,383411.213901,0,379
331016.627537,383400.867838,0,344
331128.278764,383518.379368,0,424
330896.771122,383392.587738,0,730
331065.135134,383702.855968,0,655
331058.996174,383541.966136,0,592
331065.180467,383265.25698,0,113
331101.842978,383484.492264,0,181
331044.239492,383732.608849,0,168
331051.136808,383534.681487,0,730
331060.236528,383670.465161,0,730
331119.92599,383274.411579,0,480
330912.056211,383458.393368,0,615
330961.834639,383471.212337,0,730
331053.83474,383361.399866,0,11
331123.463497,383514.087361,0,730
331063.07283,383621.541829,0,730
331105.827395,383513.588178,0,94
330997.145719,383467.863161,0,27
331011.091576,383537.258262,0,470
331004.059986,383559.868504,0,730
330920.951014,383449.438622,0,730
331079.551226,383672.108522,0,675
331035.691456,383641.846166,0,183
330894.236667,383431.996012,0,730
331073.007114,383562.300307,0,730
331045.114209,383297.124757,0,730
331066.87101,383278.429555,0,576
331039.49651,383533.704463,0,730
330934.258643,383462.575656,0,635
331017.766531,383683.889309,0,641
331075.957146,383626.540555,0,730
331003.505079,383530.310036,0,570
331019.876,383602.727427,0,229
331010.046396,383657.113,0,447
331007.112198,383617.540833,0,730
331042.941033,383728.281676,0,730
331131.694356,383250.50662,0,613
330950.882062,383388.999471,0,730
330982.564149,383348.496871,0,399
331139.862043,383647.854171,0,516
330979.089884,383420.171375,0,110
331009.301555,383416.984544,0,730
331096.231975,383581.283435,0,730
331070.537518,383577.551496,0,730
331138.380301,383651.031979,0,730
330969.56855,383382.292448,0,730
330981.061995,383526.150223,0,458
331098.777044,383258.171796,0,730
331065.101946,383419.348029,0,314
330973.125347,383553.833863,0,730
331121.123393,383586.521462,0,730
331024.46423,383407.094444,0,592
331083.748248,383518.50935,0,730
331073.857931,383774.169504,0,482
331125.789498,383632.651014,0,730
330943.006742,383488.274688,0,108
331124.17769,383283.314943,0,730
331087.617934,383722.939792,0,730
