327253.790838,375217.962199,0,730
327154.362742,375319.097374,0,730
327090.483592,375430.444986,0,730
327093.670598,375270.61247,0,730
327260.73671,375234.396339,0,730
327087.48011,375248.582523,0,730
327088.629618,375413.807964,0,730
327149.038456,375234.250527,0,730
327250.259444,375274.694679,0,730
327177.133891,375233.848209,0,730
327195.811773,375186.450545,0,730
327101.048376,375386.432332,0,730
327253.41209,375199.435892,0,730
327270.909476,375188.200145,0,730
327136.718292,375375.884918,0,730
327140.775072,375380.352665,0,730
327161.010368,375286.856973,0,730
327200.941446,375303.346905,0,730
327248.452152,375192.496737,0,730
327154.946252,375191.051512,0,730
327271.307255,375197.984561,0,730
327050.803299,375333.545127,0,730
327045.270796,375307.268519,0,730
327188.870723,375222.117465,0,730
327124.254579,375334.777788,0,730
327168.212043,375363.392646,0,730
327061.285361,375338.441157,0,730
327099.063584,375334.368846,0,730
327152.005127,375324.694774,0,730
327235.960053,375205.681384,0,730
327058.008004,375338.348275,0,730
327154.087709,375303.849393,0,730
327045.353647,375320.615187,0,730
327135.746045,375188.362127,0,730
327263.65285,375215.667256,0,730
327129.114919,375192.451886,0,730
327134.279502,375204.811736,0,730
327093.05979,375304.55541,0,730
327026.138821,375245.299441,0,730
327026.529864,375326.915641,0,730
327108.502215,375225.582167,0,730
327033.641074,375263.373842,0,730
327025.181808,375296.41714,0,730
327057.517634,375209.779815,0,730
327171.908684,375351.635016,0,730
327271.816742,375162.408698,0,730
327216.54132,375271.738859,0,730
327163.774815,375196.908191,0,730
327100.686607,375238.855644,0,730
327074.86119,375212.106173,0,730
327249.75696,375209.26526,0,730
327031.217503,375202.429218,0,730
327061.951575,375361.30424,0,730
327162.810091,375344.886971,0,730
327080.728058,375386.063227,0,730
327137.933609,375368.260994,0,730
327055.12637,375195.689252,0,730
327103.598826,375428.419048,0,730
327046.058616,375240.430922,0,730
327029.432853,375293.617094,0,730
327066.799781,375410.963424,0,730
327251.341249,375205.608226,0,730
327063.84729,375233.085695,0,730
327176.547384,375304.757224,0,730
327069.39922,375229.564493,0,730
327103.793714,375357.568431,0,730
327272.098984,375160.43168,0,730
327219.509512,375171.728212,0,730
327211.063513,375237.511567,0,730
327085.909867,375329.221424,0,730
327033.960074,375242.797832,0,730
327025.539332,375422.644014,0,730
327212.11076,375260.271465,0,730
327028.902745,375222.301853,0,730
327157.72429,375340.336982,0,730
327247.119625,375181.568116,0,730
327109.200695,375279.19614,0,730
327121.866602,375259.429698,0,730
327192.868494,375234.859404,0,730
327073.427485,375246.111646,0,730
327100.84602,375207.559052,0,730
327032.916168,375289.44118,0,730
327048.60086,375348.080269,0,730
327179.651833,375215.467251,0,730
327112.211764,375418.707177,0,730
327107.739844,375251.484607,0,730
327135.441734,375336.769204,0,730
327040.811104,375268.282437,0,730
327028.113921,375277.024693,0,730
327127.236635,375187.213302,0,730
327113.884541,375344.845808,0,730
327160.318694,375248.085136,0,730
327191.739744,375232.557557,0,730
327137.483109,375364.316484,0,730
327037.124186,375354.055643,0,730
327241.613327,375252.737654,0,730
327063.040738,375241.541117,0,730
327098.706376,375212.989585,0,730
327196.220154,375246.149074,0,730
327052.788392,375205.500652,0,730
327035.682316,375395.320343,0,730
327052.160126,375324.073982,0,730
327274.381519,375176.88719,0,730
327160.73175,375298.378206,0,730
327214.077671,375277.865801,0,730
327204.344592,375169.550811,0,730
327200.321387,375319.470312,0,730
327074.95821,375395.655376,0,730
327114.349753,375314.53433,0,730
327281.247943,375163.866342,0,730
327034.183201,375221.312041,0,730
327237.007306,375245.604913,0,730
327165.491982,375361.532525,0,730
327061.274929,375291.191609,0,730
327041.472442,375370.535138,0,730
327086.631039,375428.306141,0,730
327073.01046,375241.541547,0,730
327166.092441,375253.705075,0,730
327192.400551,375194.891682,0,730
327041.20112,375291.087656,0,730
327072.488136,375341.280192,0,730
327075.995239,375410.994472,0,730
327049.49061,375189.203994,0,730
327030.661654,375294.075872,0,730
327121.183183,375267.332402,0,730
327093.413501,375427.477638,0,730
327115.245067,375377.631772,0,730
327092.529483,375297.361999,0,730
327072.161392,375360.872819,0,730
327119.905282,375327.336023,0,730
327207.955886,375288.027732,0,730
327118.157888,375250.187592,0,730
327133.266129,375269.18209,0,730
327125.716132,375193.557637,0,730
327195.32906,375210.53254,0,730
327037.379728,375287.812468,0,730
327087.333813,375369.272455,0,730
327151.208519,375233.30604,0,730
327135.740532,375341.723056,0,730
327128.999874,375186.92261,0,730
327213.699304,375243.148012,0,730
327103.627186,375312.711741,0,730
327035.579216,375213.322167,0,730
327095.935687,375242.794301,0,730
327095.042671,375392.746637,0,730
327196.349337,375205.327131,0,730
327212.028504,375290.857324,0,730
327052.680009,375217.212465,0,730
327193.796862,375257.326722,0,730
327035.516511,375317.990011,0,730
327032.296427,375304.747821,0,730
327091.447928,375418.538744,0,730
327123.577383,375310.111661,0,730
327260.854893,375209.968789,0,730
327065.99632,375279.770583,0,730
327045.366493,375379.125823,0,730
327098.577531,375285.002627,0,730
327057.767727,375400.773484,0,730
327116.849993,375234.783663,0,730
327073.660937,375190.717752,0,730
327158.923058,375183.50757,0,730
327061.261953,375215.203333,0,730
327029.059792,375378.487384,0,730
327223.857782,375219.928668,0,730
327102.088975,375282.315434,0,730
327075.507728,375435.215996,0,730
327028.0159,375379.140962,0,730
327140.171237,375387.887566,0,730
327171.064944,375262.462243,0,730
327182.732651,375198.359407,0,730
327031.734346,375304.623625,0,730
327111.486928,375228.316424,0,730
327208.206331,375269.020021,0,730
327189.362354,375337.214593,0,730
327227.098289,375205.220702,0,730
327230.626966,375257.900069,0,730
327202.282025,375187.660559,0,730
327120.887266,375325.952066,0,730
327120.213075,375316.285594,0,730
327107.4444,375308.114232,0,730
327266.864421,375213.725769,0,730
327055.048519,375232.74163,0,730
327128.863994,375340.621984,0,730
327168.034833,375315.672099,0,730
327281.095722,375160.282063,0,730
327126.200317,375415.532188,0,730
327053.855275,375350.995256,0,730
327100.489425,375343.747087,0,730
327079.957377,375198.364272,0,730
327043.478338,375250.496273,0,730
327044.905445,375184.621449,0,730
327170.909842,375324.359571,0,730
327088.246629,375236.700509,0,730
327210.357167,375213.80535,0,730
327122.067398,375414.546821,0,730
327243.757273,375276.174433,0,730
327147.139891,375286.464101,0,730
327048.011237,375248.659282,0,730
327052.144063,375353.770372,0,730
327245.555688,375209.897341,0,730
327251.799388,375265.037434,0,730
327218.649861,375305.861016,0,730
327174.530411,375290.04076,0,730
327068.984395,375350.892498,0,730
327026.222846,375396.41896,0,730
327113.221256,375431.778369,0,730
327210.784222,375245.119138,0,730
327056.378846,375243.464901,0,730
327097.104664,375181.277631,0,730
327139.590255,375392.177376,0,730
327076.732355,375435.115595,0,730
327255.381184,375237.548852,0,730
327167.8035,375278.538881,0,730
327037.096824,375319.936622,0,730
327110.602315,375259.845531,0,730
327171.627689,375216.452129,0,730
327145.230887,375359.836403,0,730
327095.517639,375187.805481,0,730
327078.301097,375193.937187,0,730
327120.292513,375292.347932,0,730
327203.218642,375244.531928,0,730
327258.665948,375191.707312,0,730
327047.872252,375337.213358,0,730
327276.470582,375220.585845,0,730
327107.17442,375326.573713,0,730
327042.784966,375338.246137,0,730
327105.26453,375285.132091,0,730
327162.489383,375344.180838,0,730
327128.610181,375376.955684,0,730
327246.833804,375243.344148,0,730
327176.696948,375260.6271,0,730
327111.692835,375385.442392,0,730
327098.030604,375333.071495,0,730
327066.633678,375386.722332,0,730
327224.849194,375246.060299,0,730
327038.770011,375389.563941,0,730
327168.465182,375251.878968,0,730
327159.559207,375278.438495,0,730
327131.459365,375179.827459,0,730
327079.77268,375206.8815,0,730
327038.55178,375215.746611,0,730
327090.165997,375419.278808,0,730
327218.057144,375178.362131,0,730
327113.813169,375243.617657,0,730
327096.420481,375313.689287,0,730
327029.373469,375295.630718,0,730
327154.213881,375281.418273,0,730
327027.86586,375344.022075,0,730
327273.069441,375196.963401,0,730
327132.048014,375412.690971,0,730
327073.580959,375270.538659,0,730
327145.127134,375322.751741,0,730
327140.299532,375240.967316,0,730
327158.026126,375383.304887,0,730
327026.865444,375199.062549,0,730
327122.110946,375208.018415,0,730
327228.943652,375269.902562,0,730
327169.607257,375197.057335,0,730
327080.733857,375259.872633,0,730
327161.8511,375305.570816,0,730
327106.062029,375285.980247,0,730
327112.947233,375211.747116,0,730
327119.761694,375352.780735,0,730
327111.023742,375175.495267,0,730
327120.077509,375324.473464,0,730
327034.923516,375328.231284,0,730
327104.027498,375223.616245,0,730
327128.676488,375406.520569,0,730
327230.858687,375232.751652,0,730
327142.438081,375307.926943,0,730
327271.133136,375206.726064,0,730
327153.963992,375237.928147,0,730
327210.529224,375195.958141,0,730
327177.036399,375300.838396,0,730
327082.691815,375425.995583,0,730
327249.384544,375281.378749,0,730
327264.060563,375241.516962,0,730
327175.606369,375327.958919,0,730
327035.629819,375249.036193,0,730
327222.000027,375276.761075,0,730
327203.839542,375170.74286,0,730
327121.490262,375199.974866,0,730
327112.646249,375239.825909,0,730
327211.087647,375272.149165,0,730
327160.954783,375288.799423,0,730
327038.112624,375408.765118,0,730
327091.656938,375227.076124,0,730
327152.018358,375182.29284,0,730
327039.269788,375326.145524,0,730
327078.627584,375232.485513,0,730
327163.597655,375216.676634,0,730
327101.753739,375210.741775,0,730
327200.694958,375266.681046,0,730
327053.862137,375232.296637,0,730
327116.073599,375251.423483,0,730
327093.244786,375274.210335,0,730
327040.435176,375273.223943,0,730
327162.668649,375246.271322,0,730
327049.559423,375354.223132,0,730
327094.001392,375279.345125,0,730
327215.737017,375213.36431,0,730
327086.417624,375188.876197,0,730
327135.383635,375231.817063,0,730
327160.324691,375309.305002,0,730
327119.334257,375222.716871,0,730
327103.246179,375194.493418,0,730
327083.160669,375374.980413,0,730
327229.136132,375231.953965,0,730
327265.668961,375217.483625,0,730
327069.685232,375182.197467,0,730
327264.516074,375186.528574,0,730
327156.222539,375245.470431,0,730
327066.448242,375407.852553,0,730
327047.508409,375349.837572,0,730
327139.092842,375376.835424,0,730
327043.557534,375296.345663,0,730
327055.602096,375242.440323,0,730
327056.496405,375386.983701,0,730
327072.952979,375389.473207,0,730
327122.361491,375178.128999,0,730
327067.85952,375198.587755,0,730
327087.164742,375382.64195,0,730
327096.637459,375212.757149,0,730
327247.67524,375169.557933,0,730
327171.317712,375341.65392,0,730
327079.470346,375423.100062,0,730
327045.145371,375405.30278,0,730
327053.562171,375409.780004,0,730
327148.660779,375194.365861,0,730
327138.996663,375379.324092,0,730
327218.636462,375182.420639,0,730
327041.402325,375391.646092,0,730
327065.596215,375193.053993,0,730
327119.54983,375335.440572,0,730
327198.355779,375264.163324,0,730
327033.269682,375225.982005,0,730
327154.279743,375230.79002,0,730
327095.420677,375434.103599,0,730
327065.930141,375319.27853,0,730
327037.626824,375321.664401,0,730
327112.65634,375275.960618,0,730
327179.487998,375168.928848,0,730
327067.511856,375309.659772,0,730
327084.553765,375350.025661,0,730
327205.462704,375320.033397,0,730
327027.185396,375355.786175,0,730
327169.432489,375232.781519,0,730
327081.475756,375365.480291,0,730
327112.58009,375173.57708,0,730
327047.166999,375186.1349,0,730
327161.436678,375206.282613,0,730
327090.82148,375377.713945,0,730
327102.645866,375389.033745,0,730
327113.334894,375303.897882,0,730
327048.189006,375180.226792,0,730
327136.837781,375263.304949,0,730
327183.98504,375328.603149,0,730
327229.981122,375274.547243,0,730
327187.23348,375345.686232,0,730
327242.540769,375241.305106,0,730
327145.519012,375226.056175,0,730
327154.245195,375208.532993,0,730
327168.724976,375188.121028,0,730
327072.139451,375285.58768,0,730
327248.406641,375181.39344,0,730
327221.857371,375287.031641,0,730
327161.846625,375303.457557,0,730
327164.671134,375233.760884,0,730
327052.866798,375191.578462,0,730
327121.381592,375345.67046,0,730
327061.700721,375306.569415,0,730
327227.943511,375235.815357,0,730
327248.892475,375201.14909,0,730
327093.754594,375274.946396,0,730
327065.658031,375205.552163,0,730
327153.713498,375189.453093,0,730
327078.629052,375311.705577,0,730
327144.327869,375243.965618,0,730
327039.885002,375208.767347,0,730
327025.641111,375270.570213,0,730
327037.409398,375419.428419,0,730
327191.022146,375175.815916,0,730
327106.787313,375174.538569,0,730
327054.320473,375410.079316,0,730
327185.489348,375278.385525,0,730
327181.293631,375176.140218,0,730
327070.553431,375377.584209,0,730
327074.265254,375234.844617,0,730
327222.638643,375191.892489,0,730
327102.577731,375218.998669,0,730
327197.167016,375283.569325,0,730
327129.885742,375285.1592,0,730
327278.04642,375219.541275,0,730
327230.781294,375281.776086,0,730
327234.77129,375205.827807,0,730
327117.941961,375426.03941,0,730
327131.473221,375247.709724,0,730
327074.229686,375243.352449,0,730
327192.301125,375284.139896,0,730
327155.098835,375354.054892,0,730
327063.587661,375400.467075,0,730
327089.874922,375347.920487,0,730
327178.561907,375249.979687,0,730
327175.81611,375190.60839,0,730
327175.36416,375242.019484,0,730
327254.030542,375224.500215,0,730
327087.326948,375274.451063,0,730
327097.607219,375270.540981,0,730
327154.416751,375314.961577,0,730
327262.328952,375173.88807,0,730
327028.950518,375428.58128,0,730
327189.751311,375200.01799,0,730
327046.320391,375306.745266,0,730
327068.860987,375383.196686,0,730
327069.118365,375199.107678,0,730
327138.751066,375367.224172,0,730
327128.990885,375291.401408,0,730
327246.560336,375230.555701,0,730
327187.935741,375211.276679,0,730
327130.526849,375384.830566,0,730
327170.80414,375235.947931,0,730
327110.695155,375423.975381,0,730
327193.830318,375188.533966,0,730
327097.831451,375201.729589,0,730
327189.376402,375249.665885,0,730
327213.222564,375203.191465,0,730
327120.668303,375418.529493,0,730
327134.181723,375303.544108,0,730
327060.043733,375190.834025,0,730
327205.388881,375182.357638,0,730
327091.94634,375286.579943,0,730
327169.164251,375293.862963,0,730
327226.700604,375225.940638,0,730
327073.541188,375304.551383,0,730
327075.932214,375407.02554,0,730
327144.695153,375404.40313,0,730
327112.741602,375373.523462,0,730
327071.664375,375391.256105,0,730
327215.477044,375187.683789,0,730
327052.518753,375290.700886,0,730
327121.532741,375419.301956,0,730
327214.171733,375202.564289,0,730
327078.874554,375273.29105,0,730
327130.014959,375287.937145,0,730
327176.118703,375244.820586,0,730
327070.476429,375358.346084,0,730
327173.095011,375293.447099,0,730
327206.856921,375170.175075,0,730
327252.811294,375234.29468,0,730
327217.402578,375304.542299,0,730
327125.763176,375206.7594,0,730
327156.101867,375349.285122,0,730
327121.098617,375359.842063,0,730
327231.046472,375189.788901,0,730
327064.389727,375405.796161,0,730
327059.53096,375292.68911,0,730
327182.726502,375269.426363,0,730
327024.907164,375293.510884,0,730
327185.970249,375321.609719,0,730
327220.610276,375280.415942,0,730
327095.703512,375179.454309,0,730
327033.69082,375411.506407,0,730
327048.007753,375200.24933,0,730
327275.121798,375213.295553,0,730
327171.219097,375293.700599,0,730
327205.814967,375172.549132,0,730
327086.565606,375341.657127,0,730
327164.31624,375355.436154,0,730
327059.712402,375379.614698,0,730
327061.338255,375218.79163,0,730
327053.36192,375426.371029,0,730
327255.954203,375204.260456,0,730
327084.049439,375267.722668,0,730
327127.136008,375305.252323,0,730
327222.480557,375182.145168,0,730
327049.374104,375371.206983,0,730
327070.281501,375211.066639,0,730
327092.763165,375226.634905,0,730
327221.84454,375166.424938,0,730
327155.308097,375372.971522,0,730
327043.380956,375411.634483,0,730
327053.51636,375379.268383,0,730
327193.059539,375285.798685,0,730
327136.787079,375359.566852,0,730
327196.91422,375303.286783,0,730
327205.403666,375302.128258,0,730
327119.213103,375177.393925,0,730
327154.374742,375206.256221,0,730
327122.293015,375180.001783,0,730
327046.204838,375209.798484,0,730
327063.958582,375254.215225,0,730
327144.781463,375232.550472,0,730
327110.274494,375194.169067,0,730
327038.547044,375379.272668,0,730
327267.794715,375259.094581,0,730
327184.592661,375212.109003,0,730
327216.751011,375171.841241,0,730
327164.074065,375340.660598,0,730
327094.395013,375199.022731,0,730
327097.593857,375286.529362,0,730
327240.233279,375257.709722,0,730
327030.467482,375274.191643,0,730
327093.337598,375429.424233,0,730
327122.661789,375205.155555,0,730
327059.511024,375414.209952,0,730
327124.134886,375397.803958,0,730
327074.094477,375224.342962,0,730
327086.404151,375284.006024,0,730
327123.477679,375192.344877,0,730
327039.865923,375372.218662,0,730
327050.006597,375292.595056,0,730
327177.170477,375181.532991,0,730
327115.581866,375191.051928,0,730
327119.944097,375233.895344,0,730
327060.785466,375311.221313,0,730
327045.738829,375289.1586,0,730
327157.388364,375351.727595,0,730
327079.174415,375275.100215,0,730
327134.95818,375246.440366,0,730
327141.519967,375174.012788,0,730
327034.984524,375217.360306,0,730
327121.161082,375359.967833,0,730
327276.444895,375215.880624,0,730
327213.818565,375299.566278,0,730
327077.50785,375177.556753,0,730
327107.922972,375423.699285,0,730
327050.561697,375305.912777,0,730
327194.377477,375215.889558,0,730
327125.873034,375242.630079,0,730
327072.141083,375381.528611,0,730
327084.835157,375314.248955,0,730
327045.439141,375249.92255,0,730
327161.227642,375322.350929,0,730
327202.207551,375216.810496,0,730
327037.544058,375243.504297,0,730
327127.551629,375303.428585,0,730
327196.6028,375307.085651,0,730
327140.087248,375295.734794,0,730
327061.741042,375192.353678,0,730
327208.230417,375210.919734,0,730
327226.202872,375270.68745,0,730
327040.235468,375187.949675,0,730
327114.982997,375434.643941,0,730
327095.746773,375236.536509,0,730
327139.909043,375272.040786,0,730
327036.305246,375429.543445,0,730
327146.236721,375356.142905,0,730
327118.970461,375372.18631,0,730
327060.24869,375313.942309,0,730
327259.959853,375237.017179,0,730
327262.879685,375203.042343,0,730
327112.181799,375297.474781,0,730
327191.614509,375281.942438,0,730
327088.575559,375353.131633,0,730
327050.524455,375407.333718,0,730
327145.803172,375225.879209,0,730
327110.117513,375182.492752,0,730
327194.740884,375211.412158,0,730
327194.397088,375330.602356,0,730
327251.117752,375205.083373,0,730
327222.686482,375242.705788,0,730
327079.380757,375245.364898,0,730
327066.025969,375386.604406,0,730
327258.068626,375198.962313,0,730
327040.622593,375414.549963,0,730
327085.884858,375345.651561,0,730
327138.224023,375176.817528,0,730
327177.008401,375186.994029,0,730
327121.365493,375279.154468,0,730
327054.721346,375194.660093,0,730
327039.894415,375316.995932,0,730
327101.441088,375194.564787,0,730
327083.414668,375386.357532,0,730
327052.674688,375381.207185,0,730
327065.167925,375410.808538,0,730
327216.097036,375256.079836,0,730
327044.987061,375347.352055,0,730
327079.095739,375336.232031,0,730
327109.536906,375306.475913,0,730
327107.176725,375241.34868,0,730
327207.368633,375211.497969,0,730
327221.150776,375199.162203,0,730
327137.350351,375243.995912,0,730
327094.691192,375220.563817,0,730
327060.566237,375286.678555,0,730
327135.502169,375324.274244,0,730
327083.648858,375356.183512,0,730
327042.216527,375252.006302,0,730
327220.182557,375165.079788,0,730
327033.450689,375267.123281,0,730
327179.14843,375222.933108,0,730
327069.254105,375341.902369,0,730
327088.282891,375196.04084,0,730
327024.479766,375190.055769,0,730
327235.623127,375167.270187,0,730
327091.423618,375324.02256,0,730
327191.376703,375311.36397,0,730
327057.750242,375428.421552,0,730
327276.69184,375172.985455,0,730
327064.329837,375181.762598,0,730
327059.423077,375384.970944,0,730
327096.710878,375418.918505,0,730
327147.614817,375216.591011,0,730
327092.556807,375323.626828,0,730
327154.595141,375279.065826,0,730
327149.140567,375259.218935,0,730
327086.122303,375267.959509,0,730
327110.199023,375313.504416,0,730
327124.745072,375416.405314,0,730
327146.631934,375180.547719,0,730
327051.719563,375301.281439,0,730
327222.976203,375264.612084,0,730
327033.07648,375266.438894,0,730
327124.391649,375180.055292,0,730
327259.48003,375228.527081,0,730
327096.975839,375216.128933,0,730
327041.923028,375179.259812,0,730
327184.882597,375241.696143,0,730
327192.9697,375216.882869,0,730
327066.161415,375299.476927,0,730
327038.32635,375370.825783,0,730
327147.865041,375238.017916,0,730
327140.717737,375259.224441,0,730
327167.523937,375181.594564,0,730
327157.15434,375339.856972,0,730
327068.883754,375304.912181,0,730
327153.515136,375372.051854,0,730
327109.865292,375355.279577,0,730
327079.374257,375245.021342,0,730
327132.603241,375397.184726,0,730
327113.412418,375186.237499,0,730
327209.096151,375283.729004,0,730
327055.015296,375227.203853,0,730
327274.223952,375186.265843,0,730
327047.461198,375324.209051,0,730
327137.216674,375278.390862,0,730
327273.671253,375204.997191,0,730
327116.477313,375340.888262,0,730
327107.058494,375408.50177,0,730
327207.433828,375224.408771,0,730
327201.070694,375255.153975,0,730
327160.437913,375277.723347,0,730
327203.700384,375232.94841,0,730
327026.293057,375287.02746,0,730
327072.143099,375200.544486,0,730
327124.968025,375384.897508,0,730
327037.07062,375258.681311,0,730
327150.452505,375214.84694,0,730
327278.818929,375217.739061,0,730
327074.019184,375345.848789,0,730
327140.55233,375298.602553,0,730
327073.419211,375361.931594,0,730
327202.439103,375264.440963,0,730
327054.917395,375178.141472,0,730
327059.851271,375198.980318,0,730
327176.860014,375227.989235,0,730
327221.852387,375178.400697,0,730
327203.329788,375241.480884,0,730
327172.218868,375226.270672,0,730
327041.24926,375327.30407,0,730
327123.887889,375226.054273,0,730
327061.776947,375220.526222,0,730
327107.035354,375250.393922,0,730
327259.646182,375170.143143,0,730
327090.555729,375188.025672,0,730
327102.141393,375314.018188,0,730
327232.119836,375268.84555,0,730
327181.239994,375265.348089,0,730
327147.233903,375354.076236,0,730
327094.121344,375211.346848,0,730
327136.474668,375288.9889,0,730
327230.865524,375257.587025,0,730
327090.430388,375306.468808,0,730
327130.927517,375416.529616,0,730
327034.1727,375293.094905,0,730
327066.551477,375321.160693,0,730
327065.924705,375392.090268,0,730
327200.289695,375199.469534,0,730
327184.182747,375304.232416,0,730
327260.422191,375246.646311,0,730
327047.295558,375230.255218,0,730
327213.01675,375203.986908,0,730
327147.962651,375221.339429,0,730
327046.180151,375308.946807,0,730
327252.431817,375220.262578,0,730
327234.748945,375196.033767,0,730
327099.806442,375264.300755,0,730
327026.479113,375367.989245,0,730
327222.545879,375247.017417,0,730
327108.210532,375414.030561,0,730
327094.634789,375177.420293,0,730
327185.207533,375184.883925,0,730
327204.666519,375255.224473,0,730
327052.477037,375293.318071,0,730
327119.275727,375211.643857,0,730
327061.583547,375312.402219,0,730
327118.189394,375299.034998,0,730
327026.132429,375252.733617,0,730
327024.655791,375333.840716,0,730
327239.361078,375269.859947,0,730
327055.270113,375265.645313,0,730
327140.050544,375262.82586,0,730
327116.219307,375382.183842,0,730
327260.284142,375182.275234,0,730
327212.240855,375272.696892,0,730
327085.659641,375369.100737,0,730
327199.710893,375225.26914,0,730
327123.765175,375232.188013,0,730
327039.352115,375309.321461,0,730
327150.572458,375397.420258,0,730
327099.3008,375421.574089,0,730
327098.376703,375404.392688,0,730
327041.0761,375399.056643,0,730
327251.661863,375266.137501,0,730
327134.076081,375379.731028,0,730
327072.999502,375195.279076,0,730
327032.593281,375334.411587,0,730
327161.24062,375292.109912,0,730
327065.2177,375390.937501,0,730
327273.97977,375229.815834,0,730
327061.703767,375303.63964,0,730
327255.095451,375193.952884,0,730
327209.85907,375166.256154,0,730
327140.392766,375245.820536,0,730
327099.27856,375239.452371,0,730
327166.954315,375353.503882,0,730
327150.792807,375209.68998,0,730
327141.797679,375242.459275,0,730
327202.388128,375302.075251,0,730
327214.828881,375182.280306,0,730
327050.980712,375391.245976,0,730
327031.25024,375202.618626,0,730
327167.032853,375367.342216,0,730
327081.460736,375345.516112,0,730
327250.649171,375250.761297,0,730
327142.167611,375385.637633,0,730
327235.206671,375166.006901,0,730
327222.905938,375203.158753,0,730
327274.74936,375220.917142,0,730
327190.450769,375250.509665,0,730
327142.05704,375188.89018,0,730
327167.593242,375216.437601,0,730
327051.789359,375266.933613,0,730
327044.586883,375346.794805,0,730
327222.134972,375264.792237,0,730
327144.842129,375377.736739,0,730
327114.130341,375372.4717,0,730
327150.824824,375341.432803,0,730
327070.764477,375351.623396,0,730
327130.671956,375332.918674,0,730
327146.514058,375224.906408,0,730
327066.013096,375415.463009,0,730
327202.012803,375268.836767,0,730
327095.611361,375377.698433,0,730
327212.438957,375271.772068,0,730
327048.696,375224.362648,0,730
327098.641295,375327.990928,0,730
327094.712399,375407.503759,0,730
327163.033448,375333.39515,0,730
327268.532021,375243.317924,0,730
327240.855605,375274.665177,0,730
327155.795768,375242.50013,0,730
327058.592933,375333.190958,0,730
327043.949097,375265.200797,0,730
327146.468094,375253.148518,0,730
327137.056731,375187.830954,0,730
327259.122491,375229.828568,0,730
327035.207141,375397.258471,0,730
327050.678035,375197.168138,0,730
327114.564394,375303.296278,0,730
327197.305235,375168.505707,0,730
327075.515014,375239.858274,0,730
327276.192768,375214.83914,0,730
327121.522825,375178.124824,0,730
327111.647476,375172.930678,0,730
327105.98769,375213.871609,0,730
327120.463578,375403.735673,0,730
327113.99244,375361.833821,0,730
327160.348445,375221.435585,0,730
327077.24213,375236.923455,0,730
327160.876383,375296.759142,0,730
327122.708347,375296.335688,0,730
327272.614922,375234.671497,0,730
327243.073145,375184.704265,0,730
327037.746499,375269.61234,0,730
327159.630845,375294.421833,0,730
327064.855133,375268.884085,0,730
327039.313285,375199.694891,0,730
327150.977681,375320.510342,0,730
327139.953073,375219.545795,0,730
327073.876567,375318.714536,0,730
327120.366455,375206.865107,0,730
327132.532806,375376.750209,0,730
327263.772433,375186.14704,0,730
327144.620831,375350.590988,0,730
327069.273568,375319.538343,0,730
327267.911975,375210.308289,0,730
327199.327221,375322.463168,0,730
327210.551362,375281.948789,0,730
327125.827003,375187.78207,0,730
327108.858393,375322.345062,0,730
327173.296818,375263.264422,0,730
327036.922344,375375.869074,0,730
327234.891438,375253.297179,0,730
327157.98446,375365.862617,0,730
327067.246592,375399.595306,0,730
327091.968495,375192.630337,0,730
327097.110421,375205.64444,0,730
327171.909468,375250.788055,0,730
327051.672439,375244.147642,0,730
327199.4879,375312.649984,0,730
327204.490759,375297.668672,0,730
327242.486459,375282.726889,0,730
327275.538598,375215.608286,0,730
327159.118725,375217.849933,0,730
327109.736512,375287.410148,0,730
327051.815376,375295.474331,0,730
327027.296502,375253.897084,0,730
327091.459888,375191.733468,0,730
327159.5124,375278.561074,0,730
327149.098427,375272.854903,0,730
327143.755361,375361.519242,0,730
327098.743815,375400.45185,0,730
327220.392799,375236.238447,0,730
327149.812365,375217.975378,0,730
327110.157825,375405.906495,0,730
327093.238438,375247.150647,0,730
327106.835359,375400.472943,0,730
327071.353255,375425.475624,0,730
327203.45515,375313.876176,0,730
327118.074563,375403.284496,0,730
327210.197398,375166.780454,0,730
327248.041559,375193.332388,0,730
327171.985363,375171.700315,0,730
327091.176047,375418.346128,0,730
327143.118581,375362.172888,0,730
327063.143112,375403.815975,0,730
327120.715856,375249.598609,0,730
327150.126267,375383.768699,0,730
327205.81414,375288.583906,0,730
327078.046325,375228.687067,0,730
327279.886364,375212.55036,0,730
327103.759194,375393.871685,0,730
327127.111107,375403.318401,0,730
327200.527949,375236.369364,0,730
327079.582992,375247.646096,0,730
327161.761553,375331.157971,0,730
327138.842349,375256.293199,0,730
327141.202691,375330.917321,0,730
327166.900109,375243.284821,0,730
327036.92941,375324.776763,0,730
327113.233865,375320.114746,0,730
327088.476672,375347.193338,0,730
327157.931781,375341.263706,0,730
327251.412391,375202.483301,0,730
327270.457294,375247.087655,0,730
327137.355051,375400.103222,0,730
327165.467638,375281.48735,0,730
327081.615747,375217.618277,0,730
327127.099954,375384.849369,0,730
327061.356323,375213.243582,0,730
327115.055743,375377.607721,0,730
327147.017783,375261.394242,0,730
327057.337936,375249.684851,0,730
327200.848976,375238.452001,0,730
327039.943782,375406.182071,0,730
327111.187562,375429.119415,0,730
327150.32679,375190.333215,0,730
327086.535516,375288.531756,0,730
327187.762354,375298.214614,0,730
327220.672693,375297.559692,0,730
327067.996327,375298.148793,0,730
327107.872531,375399.137956,0,730
327218.784433,375166.812212,0,730
327024.262077,375229.488341,0,730
327070.476096,375233.195106,0,730
327125.304848,375209.451692,0,730
327143.278873,375355.677407,0,730
327161.63693,375325.287398,0,730
327210.600765,375244.384144,0,730
327193.935961,375220.725134,0,730
327094.012078,375211.992715,0,730
327157.756936,375289.174918,0,730
327188.967715,375186.796231,0,730
327152.422117,375369.837802,0,730
327262.750002,375181.940392,0,730
327183.982252,375278.051894,0,730
327034.900309,375354.961941,0,730
327148.139187,375209.985364,0,730
327050.44733,375360.548232,0,730
327164.063233,375287.058997,0,730
327096.142216,375386.753146,0,730
327025.197811,375377.691462,0,730
327191.276136,375236.292199,0,730
327045.275924,375239.816828,0,730
327042.474191,375247.638331,0,730
327069.480536,375316.767647,0,730
327054.915895,375242.849184,0,730
327131.293804,375268.907104,0,730
327055.488091,375405.779326,0,730
327188.828619,375327.420567,0,730
327206.525467,375196.797036,0,730
327111.999362,375229.251657,0,730
327085.672354,375299.679095,0,730
327282.620637,375172.968436,0,730
327192.146535,375303.56134,0,730
327151.480583,375234.01546,0,730
327191.230567,375234.036461,0,730
327163.381762,375305.937836,0,730
327137.670815,375341.112126,0,730
327132.901053,375178.039111,0,730
327132.908696,375252.50234,0,730
327047.716602,375181.892875,0,730
327144.168949,375278.249082,0,730
327098.961483,375219.014611,0,730
327235.237479,375201.711315,0,730
327145.332589,375237.161276,0,730
327136.511931,375337.78301,0,730
327123.788926,375262.209493,0,730
327221.921363,375208.441147,0,730
327234.829865,375216.780155,0,730
327117.054016,375219.217891,0,730
327072.359295,375277.747019,0,730
327138.773384,375416.104923,0,730
327200.868931,375277.834636,0,730
327058.663292,375277.066651,0,730
327205.010298,375259.762331,0,730
327117.208529,375223.564333,0,730
327240.821344,375269.154431,0,730
327158.325362,375343.91547,0,730
327056.479564,375207.314554,0,730
327114.339965,375336.495152,0,730
327032.755225,375339.347815,0,730
327212.354691,375241.713875,0,730
327214.129289,375165.266239,0,730
327234.877679,375181.0623,0,730
327192.758128,375285.609943,0,730
327056.807416,375230.850609,0,730
327239.220941,375177.17039,0,730
327048.535225,375183.206727,0,730
327180.997572,375325.71384,0,730
327185.268375,375312.073427,0,730
327200.132765,375197.063406,0,730
327252.670297,375225.168756,0,730
327102.999711,375296.314449,0,730
327030.103261,375209.897606,0,730
327085.824058,375187.137691,0,730
327220.652314,375263.086612,0,730
327066.670452,375285.958887,0,730
327127.485406,375400.840963,0,730
327225.327095,375188.883074,0,730
327188.380988,375286.936583,0,730
327080.151215,375340.116387,0,730
327026.496293,375219.617923,0,730
327034.656717,375310.53582,0,730
327106.228712,375409.45544,0,730
327263.831129,375216.513276,0,730
327120.383683,375241.130347,0,730
327063.068475,375252.986043,0,730
327119.358136,375379.76506,0,730
327248.382674,375262.24093,0,730
327073.962312,375212.372587,0,730
327130.366395,375424.583659,0,730
327260.328339,375248.654142,0,730
327201.101188,375192.178645,0,730
327168.756276,375290.359645,0,730
327121.382469,375273.488718,0,730
327210.234428,375205.85096,0,730
327140.97344,375174.840441,0,730
327029.501653,375326.126118,0,730
327184.204183,375229.713588,0,730
327242.518617,375239.153675,0,730
327252.982934,375177.665323,0,730
327245.782417,375253.31793,0,730
327125.270788,375414.921089,0,730
327074.754317,375323.743232,0,730
327160.486477,375321.829187,0,730
327053.556154,375296.921676,0,730
327139.243697,375343.728738,0,730
327119.110616,375323.199977,0,730
327025.802229,375240.646939,0,730
327251.993941,375278.911173,0,730
327228.612634,375260.830258,0,730
327204.942903,375290.962477,0,730
327080.184778,375365.015397,0,730
327105.578636,375353.498208,0,730
327246.067769,375223.567632,0,730
327214.204673,375235.20006,0,730
327159.389367,375268.560506,0,730
327037.956484,375384.63636,0,730
327235.438018,375184.778775,0,730
327076.579897,375285.138378,0,730
327041.195169,375281.055522,0,730
327039.94544,375257.344622,0,730
327207.845468,375216.627807,0,730
327197.951127,375283.152609,0,730
327132.435449,375406.380948,0,730
327190.22578,375280.849924,0,730
327140.94666,375179.558427,0,730
327070.032563,375411.660778,0,730
327039.144767,375270.844808,0,730
327145.031435,375233.915598,0,730
327176.914597,375342.740928,0,730
327071.475923,375372.52163,0,730
327128.534071,375430.320718,0,730
327044.994321,375285.449032,0,730
327032.30784,375281.276453,0,730
327043.52113,375293.198488,0,730
327149.943818,375321.657419,0,730
327124.577936,375274.772827,0,730
327269.519674,375262.825247,0,730
327062.225337,375380.21743,0,730
327085.482312,375273.767949,0,730
327114.061576,375294.155692,0,730
327058.570075,375337.975536,0,730
327061.5069,375190.155386,0,730
327272.614225,375240.243096,0,730
327079.693513,375293.340982,0,730
327090.697071,375265.22626,0,730
327069.370531,375331.713843,0,730
327072.632511,375288.629979,0,730
327100.51141,375344.387377,0,730
327063.332396,375371.070972,0,730
327090.789369,375253.217206,0,730
327076.377191,375212.650546,0,730
327057.166662,375183.044416,0,730
327058.255402,375366.698199,0,730
327125.473644,375383.659147,0,730
327076.745155,375336.466323,0,730
327037.008532,375246.504621,0,730
327256.776505,375165.668042,0,730
327102.01821,375323.304434,0,730
327137.753826,375254.880496,0,730
327114.39062,375367.324553,0,730
327076.335555,375403.986382,0,730
327172.069679,375368.848081,0,730
327075.195866,375413.836779,0,730
327234.735825,375193.881149,0,730
327235.051675,375264.972654,0,730
327099.058621,375295.121898,0,730
327088.568645,375309.489119,0,730
327107.743135,375262.46278,0,730
327274.262594,375161.590039,0,730
327157.00659,375272.644372,0,730
327055.026915,375399.672508,0,730
327099.849062,375315.474984,0,730
327095.203969,375246.507707,0,730
327108.499652,375437.563787,0,730
327057.180969,375321.371507,0,730
327040.466433,375209.288952,0,730
327050.6833,375368.804152,0,730
327163.003643,375216.367543,0,730
327046.284705,375292.266509,0,730
327173.37431,375180.669857,0,730
327156.456668,375386.737464,0,730
327152.363089,375365.084593,0,730
327161.075779,375379.692485,0,730
327069.269339,375359.94781,0,730
327048.537229,375262.572122,0,730
327084.234921,375426.016776,0,730
327024.760676,375305.041689,0,730
327240.433826,375176.207255,0,730
327035.032677,375380.107671,0,730
327095.65385,375247.526997,0,730
327124.692484,375218.573677,0,730
327163.349886,375278.787304,0,730
327058.099441,375283.892625,0,730
327170.550461,375364.067713,0,730
327257.548959,375211.824691,0,730
327028.811141,375334.105978,0,730
327184.734287,375199.126726,0,730
327044.533297,375236.813496,0,730
327162.515828,375231.206465,0,730
327212.405017,375211.195968,0,730
327065.49376,375234.652642,0,730
327260.183863,375183.355501,0,730
327173.373796,375324.558215,0,730
327200.619557,375179.310142,0,730
327099.801591,375299.280032,0,730
327271.782585,375168.53178,0,730
327257.506699,375233.062074,0,730
327141.308711,375188.501119,0,730
327267.188373,375177.872698,0,730
327192.591143,375190.116347,0,730
327078.584261,375348.602985,0,730
327098.159574,375242.220202,0,730
327238.42977,375277.953897,0,730
327044.595926,375243.464323,0,730
327222.369198,375226.372997,0,730
327041.867146,375312.372787,0,730
327052.433937,375316.276574,0,730
327153.72798,375172.136397,0,730
327119.254356,375209.345903,0,730
327142.745907,375350.631207,0,730
327084.18432,375264.77022,0,730
327108.417272,375418.576405,0,730
327167.634332,375184.922449,0,730
327025.616495,375257.167653,0,730
327127.018098,375253.431071,0,730
327149.445354,375302.652852,0,730
327161.414574,375222.658481,0,730
327198.928113,375206.075726,0,730
327254.344875,375248.98774,0,730
327156.476712,375328.326192,0,730
327123.616972,375305.175402,0,730
327116.318887,375189.767051,0,730
327186.454167,375287.680276,0,730
327041.699461,375322.294439,0,730
327117.065187,375391.987089,0,730
327232.740143,375296.958744,0,730
327206.42873,375192.351617,0,730
327218.535384,375279.090411,0,730
327037.379237,375312.821359,0,730
327182.034784,375175.793541,0,730
327149.891452,375281.509116,0,730
327140.174832,375333.413323,0,730
327048.41125,375345.047372,0,730
327056.075616,375296.38659,0,730
327140.613535,375347.963199,0,730
327150.923989,375367.08825,0,730
327258.861092,375232.27516,0,730
327251.027074,375171.028265,0,730
327131.238236,375265.078178,0,730
327176.061866,375229.790192,0,730
327136.783062,375257.73435,0,730
327028.264673,375316.763863,0,730
327257.057974,375207.839639,0,730
327241.564415,375169.217665,0,730
327060.101728,375407.985899,0,730
327217.475661,375299.336479,0,730
327221.303498,375202.955408,0,730
327095.221974,375180.702474,0,730
327096.413803,375202.287424,0,730
327074.464005,375339.155653,0,730
327032.097646,375191.217702,0,730
327227.103707,375175.375113,0,730
327065.607371,375306.766722,0,730
327220.894856,375164.405929,0,730
327160.264673,375296.479527,0,730
327249.466628,375256.785707,0,730
327064.406235,375207.44163,0,730
327060.315366,375257.163079,0,730
327231.649274,375221.653864,0,730
327239.332282,375214.322808,0,730
327051.37137,375272.229149,0,730
327249.938728,375207.004725,0,730
327078.315612,375241.021334,0,730
327171.31959,375345.225086,0,730
327142.939841,375290.875062,0,730
327255.592604,375208.016267,0,730
327138.605726,375269.293415,0,730
327088.475228,375436.174672,0,730
327140.235105,375214.895762,0,730
327035.008895,375381.246782,0,730
327145.660009,375341.346947,0,730
327269.011659,375234.740598,0,730
327090.503621,375351.151626,0,730
327141.211995,375230.226162,0,730
327200.248062,375231.812344,0,730
327082.656695,375277.473313,0,730
327035.310304,375369.234675,0,730
327228.475683,375245.724547,0,730
327055.910528,375303.833761,0,730
327153.280494,375185.435546,0,730
327254.72707,375247.298364,0,730
327187.628233,375186.969276,0,730
327049.657849,375352.555496,0,730
327236.069686,375283.29,0,730
327089.06941,375356.725668,0,730
327035.136956,375415.423415,0,730
327187.40912,375294.355198,0,730
327260.222185,375273.664025,0,730
327075.410129,375266.127376,0,730
327120.675788,375260.553571,0,730
327025.979477,375184.491146,0,730
327216.858759,375176.417668,0,730
327032.88255,375214.89352,0,730
327032.151384,375219.178081,0,730
327189.682426,375231.1328,0,730
327189.014674,375282.911526,0,730
327185.260393,375316.407383,0,730
327098.223562,375381.05981,0,730
327168.123885,375324.689361,0,730
327043.843902,375349.686608,0,730
327273.760321,375246.692097,0,730
327082.16343,375205.961111,0,730
327209.180883,375167.188855,0,730
327037.223491,375352.78255,0,730
327170.71881,375244.120686,0,730
327112.783172,375268.916322,0,730
327275.422156,375195.961626,0,730
327118.752607,375248.65085,0,730
327089.606799,375349.031476,0,730
327173.088272,375318.74639,0,730
327215.435381,375252.445356,0,730
327153.954938,375247.282522,0,730
327115.817803,375274.804543,0,730
327087.997248,375182.628269,0,730
327072.189751,375306.029567,0,730
327232.765125,375279.521986,0,730
327164.008424,375254.055975,0,730
327033.002582,375258.457498,0,730
327057.518609,375195.774828,0,730
327105.819264,375300.444257,0,730
327166.428609,375266.979821,0,730
327263.175923,375264.162755,0,730
327064.471402,375304.274688,0,730
327230.980105,375264.881737,0,730
327238.252543,375172.230068,0,730
327113.932038,375266.947178,0,730
327065.009842,375329.732213,0,730
327283.636503,375167.260912,0,730
327132.559816,375190.637276,0,730
327047.489257,375265.34573,0,730
327175.875657,375183.477625,0,730
327061.643758,375380.618657,0,730
327035.008298,375190.114315,0,730
327130.812605,375278.005314,0,730
327149.553239,375316.746543,0,730
327106.3697,375390.910424,0,730
327032.586423,375366.629309,0,730
327102.023327,375351.548055,0,730
327128.380669,375278.389922,0,730
327049.223701,375195.47275,0,730
327128.095865,375358.101553,0,730
327252.246298,375252.128312,0,730
327212.120186,375218.618,0,730
327071.615102,375314.68224,0,730
327193.037389,375184.05258,0,730
327145.008881,375335.385457,0,730
327125.875135,375277.558377,0,730
327069.97749,375239.521973,0,730
327102.827153,375311.912382,0,730
327202.121789,375304.602821,0,730
327089.84029,375317.432177,0,730
327180.920247,375270.365721,0,730
327142.030054,375330.284392,0,730
327034.108609,375420.790556,0,730
327037.043557,375289.59531,0,730
327221.420707,375269.194999,0,730
327125.132986,375400.079074,0,730
327200.56819,375281.638314,0,730
327050.15435,375219.289311,0,730
327027.661731,375362.128474,0,730
327025.907688,375289.186766,0,730
327102.995974,375353.865076,0,730
327086.671809,375212.429879,0,730
327218.290729,375164.838137,0,730
327141.061799,375357.286858,0,730
327226.379572,375303.04538,0,730
327147.929086,375285.571189,0,730
327034.887514,375203.805364,0,730
327037.418491,375317.524944,0,730
327275.572914,375172.661991,0,730
327210.12528,375245.88122,0,730
327108.757442,375197.173045,0,730
327141.252695,375328.132154,0,730
327207.047677,375204.806872,0,730
327200.258152,375271.090719,0,730
327081.201828,375218.072452,0,730
327090.537069,375374.163673,0,730
327111.257737,375433.431698,0,730
327042.158773,375406.242012,0,730
327032.055441,375403.375582,0,730
327058.647419,375414.573712,0,730
327148.953489,375219.35264,0,730
327048.065198,375215.880655,0,730
327098.434234,375211.172242,0,730
327052.820376,375403.157201,0,730
327128.766349,375348.857432,0,730
327147.414808,375360.765383,0,730
327161.641534,375243.493329,0,730
327126.199375,375281.863179,0,730
327122.459114,375274.257517,0,730
327130.034573,375257.331872,0,730
327130.271177,375336.153268,0,730
327191.455185,375251.898296,0,730
327245.175834,375198.666631,0,730
327159.615006,375226.395226,0,730
327056.731084,375183.393145,0,730
327074.975581,375391.966636,0,730
327271.161977,375236.834636,0,730
327106.665931,375342.460225,0,730
327272.542242,375159.835904,0,730
327151.853211,375255.438267,0,730
327080.816649,375372.217843,0,730
327110.928893,375378.343699,0,730
327059.917423,375237.121712,0,730
327268.349418,375254.990602,0,730
327124.827968,375350.872875,0,730
327198.802605,375239.863351,0,730
327102.807026,375406.414555,0,730
327097.593641,375350.485452,0,730
327095.206952,375349.367574,0,730
327061.703249,375280.851411,0,730
327129.278121,375378.968733,0,730
327120.001209,375245.902052,0,730
327068.133945,375185.814318,0,730
327157.014824,375171.67924,0,730
327069.515025,375196.387392,0,730
327270.81641,375250.277053,0,730
327075.318141,375196.813301,0,730
327231.810967,375273.944875,0,730
327135.400558,375235.694371,0,730
327130.371355,375388.983471,0,730
327070.244447,375392.548244,0,730
327067.459549,375266.588852,0,730
327079.67375,375401.649998,0,730
327087.506287,375204.342032,0,730
327138.76169,375358.924274,0,730
327151.919998,375287.494642,0,730
327064.085129,375223.593002,0,730
327092.134867,375362.862589,0,730
327175.997546,375283.294085,0,730
327228.300237,375206.408156,0,730
327213.987635,375197.747651,0,730
327235.031774,375263.386212,0,730
327203.444376,375206.410586,0,730
327109.171118,375336.713804,0,730
327140.880838,375283.597597,0,730
327251.118313,375190.963624,0,730
327203.054176,375189.692862,0,730
327069.916063,375255.420402,0,730
327131.882761,375189.177902,0,730
327082.994098,375282.007443,0,730
327181.706362,375289.166228,0,730
327080.241508,375302.304116,0,730
327045.928489,375387.375579,0,730
327119.015059,375372.042631,0,730
327070.591111,375392.136601,0,730
327262.207852,375187.778407,0,730
327252.596143,375209.086313,0,730
327233.583458,375232.856892,0,730
327163.595869,375196.407924,0,730
327062.039162,375334.419148,0,730
327113.151243,375346.667415,0,730
327029.524737,375275.716503,0,730
327069.487817,375354.094047,0,730
327042.888425,375309.648599,0,730
327170.371911,375269.761427,0,730
327040.047464,375353.095286,0,730
327123.558222,375206.949074,0,730
327092.558924,375371.987943,0,730
327081.906183,375354.02663,0,730
327194.849173,375179.409806,0,730
327035.168886,375352.314139,0,730
327234.844052,375282.178364,0,730
327048.850175,375336.233213,0,730
327066.125554,375182.456156,0,730
327188.261617,375251.92991,0,730
327108.846649,375242.07749,0,730
327247.947353,375262.472929,0,730
327151.551652,375303.588898,0,730
327084.181266,375308.937288,0,730
327273.271043,375239.661307,0,730
327138.178487,375287.957318,0,730
327044.718725,375332.539771,0,730
327042.259239,375191.701298,0,730
327170.848509,375171.696884,0,730
327066.538398,375390.277837,0,730
327095.615797,375236.987698,0,730
327165.451278,375304.373526,0,730
327158.890383,375242.185628,0,730
327241.218659,375206.160865,0,730
327152.795659,375341.921319,0,730
327167.422381,375366.573224,0,730
327052.966726,375339.334414,0,730
327057.895116,375315.35227,0,730
327043.730246,375225.853895,0,730
327247.527895,375186.479911,0,730
327049.239601,375406.781318,0,730
327089.639698,375313.039789,0,730
327061.688291,375200.463115,0,730
327060.1658,375249.007805,0,730
327167.826008,375182.387347,0,730
327250.356611,375201.70608,0,730
327052.099368,375252.819024,0,730
327255.096166,375165.706294,0,730
327123.875003,375272.372049,0,730
327205.261433,375263.353753,0,730
327126.148362,375226.880681,0,730
327040.237857,375341.161178,0,730
327274.313611,375221.256937,0,730
327088.412835,375342.548916,0,730
327253.719845,375206.206082,0,730
327060.690182,375203.14367,0,730
327240.663834,375180.463728,0,730
327137.891749,375334.538469,0,730
327232.455468,375219.108318,0,730
327099.762215,375259.16755,0,730
327037.249495,375251.900193,0,730
327165.386136,375223.20807,0,730
327095.603946,375371.339646,0,730
327096.151021,375298.861953,0,730
327097.832655,375316.746445,0,730
327256.281553,375268.521184,0,730
327203.854897,375200.549881,0,730
327055.26768,375332.723207,0,730
327082.864217,375182.968356,0,730
327029.750722,375408.051957,0,730
327079.544694,375209.955685,0,730
327076.190453,375218.026234,0,730
327061.240904,375383.0337,0,730
327107.966795,375241.699281,0,730
327192.016963,375220.093556,0,730
327186.438091,375335.430766,0,730
327238.877261,375207.889059,0,730
327201.261644,375280.540953,0,730
327080.489252,375211.723766,0,730
327110.008375,375425.974127,0,730
327119.377589,375220.639643,0,730
327133.641362,375245.666703,0,730
327042.58719,375419.825609,0,730
327248.233686,375233.317717,0,730
327190.100744,375248.054417,0,730
327254.261495,375268.765516,0,730
327076.003741,375363.184664,0,730
327045.627205,375211.909981,0,730
327140.483059,375324.992281,0,730
327197.228677,375223.557145,0,730
327155.01841,375202.980296,0,730
327113.468734,375349.75554,0,730
327276.194869,375176.632952,0,730
327105.509935,375291.450466,0,730
327164.814928,375172.652741,0,730
327111.474804,375241.531667,0,730
327230.378074,375191.753852,0,730
327118.105923,375220.505606,0,730
327132.017093,375372.682852,0,730
327069.698506,375196.421564,0,730
327166.268761,375324.043613,0,730
327077.556666,375373.366606,0,730
327162.789833,375265.63927,0,730
327060.008344,375200.536847,0,730
327115.586702,375301.112956,0,730
327046.594629,375276.316287,0,730
327160.199201,375302.7088,0,730
327218.398787,375168.486429,0,730
327047.053664,375249.254588,0,730
327181.552009,375248.705021,0,730
327127.324074,375413.268545,0,730
327053.282468,375237.694107,0,730
327053.613704,375206.979706,0,730
327155.297681,375380.557308,0,730
327056.570995,375243.508822,0,730
327156.430879,375211.679347,0,730
327221.470715,375298.261973,0,730
327246.341116,375258.300632,0,730
327033.376501,375371.991107,0,730
327109.180606,375329.380202,0,730
327100.637174,375327.962086,0,730
327196.478898,375269.741117,0,730
327137.996923,375233.97209,0,730
327070.532534,375196.325895,0,730
327038.700212,375186.075151,0,730
327027.826137,375388.278262,0,730
327266.290646,375160.806352,0,730
327192.377824,375224.290272,0,730
327170.161337,375343.720185,0,730
327071.175843,375328.581088,0,730
327123.596873,375208.232652,0,730
327223.714635,375255.915143,0,730
327052.434804,375232.339975,0,730
327144.393149,375343.298423,0,730
327129.317134,375173.058248,0,730
327123.656876,375380.669953,0,730
327168.338106,375173.150857,0,730
327103.085971,375441.382365,0,730
327216.096337,375222.968348,0,730
327198.892109,375222.19633,0,730
327167.641313,375248.078068,0,730
327054.498252,375294.90521,0,730
327027.121329,375412.700118,0,730
327027.586026,375183.429193,0,730
327033.053997,375318.585458,0,730
327073.963365,375371.80825,0,730
327240.446311,375279.943299,0,730
327205.821736,375273.701482,0,730
327114.963963,375310.426979,0,730
327120.495065,375427.24352,0,730
327277.579252,375186.493604,0,730
327048.300912,375288.568163,0,730
327159.673271,375241.956105,0,730
327238.309185,375267.536485,0,730
327249.849141,375197.927871,0,730
327202.236241,375248.902025,0,730
327241.629625,375275.123633,0,730
327100.229853,375259.090293,0,730
327181.282575,375216.092496,0,730
327230.67021,375227.78289,0,730
327221.308957,375188.32213,0,730
327186.020833,375268.998507,0,730
327037.559851,375380.604174,0,730
327215.328558,375303.989503,0,730
327093.000438,375243.099285,0,730
327041.108718,375416.495819,0,730
327054.277436,375227.695873,0,730
327037.589166,375394.403758,0,730
327038.670632,375311.423801,0,730
327063.585437,375311.974282,0,730
327024.88597,375344.174477,0,730
327162.87348,375306.103115,0,730
327047.60159,375393.951019,0,730
327065.940341,375279.883228,0,730
327203.33912,375246.399281,0,730
327207.817812,375263.271629,0,730
327085.120772,375270.878638,0,730
327188.400111,375227.071385,0,730
327219.512802,375283.081705,0,730
327062.318219,375206.496284,0,730
327117.34707,375347.554877,0,730
327126.761951,375345.564428,0,730
327105.098304,375428.189129,0,730
327087.657224,375341.388757,0,730
327089.233394,375327.178599,0,730
327247.325981,375253.747977,0,730
327027.115934,375228.455841,0,730
327137.960867,375303.153547,0,730
327043.75628,375316.224467,0,730
327071.710359,375335.190704,0,730
327046.030536,375355.025379,0,730
327232.569287,375203.794623,0,730
327070.0283,375194.377829,0,730
327189.213255,375292.494787,0,730
327084.926594,375388.698944,0,730
327215.831762,375216.187966,0,730
327249.252799,375198.67652,0,730
327114.191669,375401.722851,0,730
327090.095073,375289.802752,0,730
327051.363721,375421.721194,0,730
327059.854742,375421.481121,0,730
327073.782169,375329.324311,0,730
327125.456569,375425.620822,0,730
327063.06857,375407.501955,0,730
327164.128331,375285.160093,0,730
327143.697831,375285.685578,0,730
327240.40318,375282.406305,0,730
327165.799941,375246.103373,0,730
327133.911558,375224.792436,0,730
327263.345821,375220.7249,0,730
327182.1083,375239.303287,0,730
327120.577786,375268.816738,0,730
327213.312928,375180.299943,0,730
327118.357665,375399.419401,0,730
327079.196224,375247.223279,0,730
327107.887312,375247.217511,0,730
327142.070757,375291.046095,0,730
327153.628927,375223.095243,0,730
327131.057496,375249.296471,0,730
327174.32302,375204.352366,0,730
327026.046646,375410.22853,0,730
327190.026999,375314.484943,0,730
327135.837735,375282.57123,0,730
327083.732428,375181.843698,0,730
327205.383409,375251.150888,0,730
327057.277175,375314.81399,0,730
327181.872075,375289.094684,0,730
327072.094902,375218.396816,0,730
327096.145989,375179.252277,0,730
327073.165694,375265.192793,0,730
327217.483348,375216.815964,0,730
327146.970109,375336.355153,0,730
327234.465005,375207.570521,0,730
327098.998341,375281.42093,0,730
327227.14113,375223.791226,0,730
327240.062101,375163.108301,0,730
327083.475404,375365.654114,0,730
327062.598613,375379.4639,0,730
327077.405342,375322.853713,0,730
327136.723585,375307.294166,0,730
327057.123906,375208.977141,0,730
327093.275013,375344.64666,0,730
327074.803704,375279.287685,0,730
327049.913709,375362.20905,0,730
327129.424508,375311.794961,5,730
327084.926339,375339.702859,8,730
327046.794552,375417.327544,13,730
327149.210771,375370.27207,40,730
327168.30997,375303.418112,45,730
327116.894447,375426.043937,56,730
327063.762387,375189.730243,69,730
327144.92386,375339.733404,83,730
327050.522465,375430.935958,136,730
327084.926339,375339.702859,139,730
327159.710773,375190.451928,146,730
327091.498185,375376.879349,154,730
327168.133744,375273.936376,191,730
327053.378949,375232.071101,201,730
327129.424508,375311.794961,202,730
327233.09332,375231.708106,249,730
327073.293079,375380.891575,290,730
327104.132707,375270.481765,308,730
327096.915758,375416.426552,324,730
327093.205682,375431.90382,333,730
327175.012652,375194.535456,347,730
327136.309261,375361.84987,376,730
327030.277369,375353.629387,378,730
327179.601252,375301.911008,422,730
327204.789652,375276.574397,488,730
327141.026131,375238.915644,489,730
327255.378454,375243.244607,503,730
327204.789652,375276.574397,520,730
327098.020819,375388.423471,550,730
327093.205682,375431.90382,581,730
327126.171089,375224.805933,589,730
327232.110587,375247.386235,613,730
327071.375698,375265.163789,639,730
327151.180823,375373.086575,647,730
327264.847899,375256.518581,685,730
327264.847899,375256.518581,691,730
327134.084762,375176.892256,698,730
327100.435684,375333.607009,723,730
327098.200975,375260.1844,729,730
