331594.494171,384128.196911,0,730
331439.050065,384044.98811,0,83
331434.779967,384030.18323,0,372
331580.984491,384314.961836,0,730
331688.748689,384162.52121,0,730
331576.886472,384112.354551,0,730
331691.359311,384081.342256,0,163
331618.582802,384105.00183,0,248
331417.514876,384030.540495,0,730
331497.827634,383977.857185,0,730
331498.056648,383944.671134,0,340
331491.927598,384105.439202,0,730
331593.433384,384315.041494,0,456
331550.021134,384038.092399,0,730
331574.884135,384062.759319,0,730
331705.500663,384123.880615,0,730
331613.472386,384097.34508,0,730
331510.3846,384172.039815,0,730
331523.600783,384004.377653,0,730
331656.819357,384204.047981,0,730
331577.7497,384177.797759,0,676
331633.452606,384167.046924,0,730
331471.761004,383966.837411,0,730
331564.47725,384169.082292,0,730
331666.617044,384242.56782,0,228
331570.976247,384083.17245,0,719
331546.20004,384065.722612,0,497
331732.270556,384152.085679,0,730
331589.107554,384103.868241,0,730
331651.964898,384249.868972,0,730
331512.570899,384262.820502,0,730
331541.554286,384050.541938,0,644
331551.5506,384081.39045,0,730
331680.390837,384207.375708,0,730
331608.626078,384270.084014,0,687
331685.100578,384092.184485,0,730
331548.080338,384164.734962,0,730
331606.957392,384246.018431,0,730
331521.305193,384051.831178,0,730
331670.53208,384070.467873,0,730
331550.617814,384133.965527,0,257
331521.901785,384278.729677,0,467
331434.224176,384060.055343,0,468
331446.105441,384046.896579,0,730
331568.765575,384249.780379,0,730
331515.130598,383964.797444,0,730
331677.819316,384178.170131,0,672
331491.821898,384134.716113,0,117
331554.006436,384149.996517,0,730
331496.489602,384280.030071,0,730
331688.629714,384133.872642,0,596
331558.709029,384062.484179,0,430
331682.91524,384077.348984,0,730
331407.476963,384029.950781,0,592
331695.382464,384191.077964,0,484
331538.065583,384029.150969,0,730
331522.671598,384192.11503,0,287
331610.665867,384226.688804,0,730
331633.949301,384106.915604,0,730
331506.975169,383983.326972,0,95
331677.05025,384063.328857,0,730
331457.719597,383985.871255,0,730
331644.519773,384172.242357,0,704
331485.291261,384134.169477,0,306
331565.953556,384142.381503,0,659
331511.966764,383998.028865,0,730
331593.501893,384044.09016,0,654
331549.211825,384033.571975,0,730
331440.482878,384081.9007,0,387
331625.710375,384269.841559,0,35
331562.40643,384234.491127,0,730
331586.050666,384130.256762,0,720
331547.155512,384121.73167,0,730
331640.89068,384187.99801,0,438
331521.563039,384282.921862,0,730
331544.828081,384308.918734,0,561
331567.397266,384146.537678,0,525
331464.093041,384139.29578,0,542
331742.185,384149.932413,0,695
331552.79453,384252.114639,0,516
331545.42624,384189.26149,0,730
331522.864228,384003.811469,0,710
331636.648537,384043.716541,0,730
331515.562311,384027.820146,0,730
331623.615131,384230.163747,0,730
331534.864829,384300.096045,0,730
331693.651467,384146.312653,0,730
331493.24749,384138.475604,0,81
331660.659231,384066.06167,0,348
331580.423379,384236.793404,0,730
331536.595435,384047.79576,0,730
331650.302277,384105.564219,0,610
331660.05711,384164.683674,0,282
331550.519544,384128.176365,0,730
331465.443802,384044.754469,0,685
331702.678288,384194.099135,0,730
331499.786477,384146.806443,0,99
331536.276407,384096.038918,0,86
331634.715131,384191.994979,0,197
331531.890421,384086.754507,0,730
331688.430148,384088.315812,0,312
331498.955476,384023.005123,0,422
331477.610332,384063.298651,0,660
331399.471977,384023.681652,0,730
331539.110118,384178.070035,0,168
331497.446483,384001.556803,0,730
331600.267752,384182.651032,0,555
331564.430613,383980.199896,0,563
331653.271378,384173.608548,0,730
331620.180014,384077.009784,0,579
331612.014701,384200.716045,0,730
331640.062098,384228.716914,0,365
331413.729116,384011.28893,0,730
331630.129731,384025.219826,0,730
331592.364139,384098.799328,0,730
331473.793466,384001.610845,0,242
331707.172715,384110.891003,0,730
331585.481936,384162.875946,0,631
331537.777197,384251.377065,0,670
331719.896194,384112.050781,0,559
331643.1591,384253.707617,0,730
331623.651885,384148.093259,0,627
331483.996221,384107.410711,0,730
331676.612514,384222.460963,0,730
331501.03299,384155.072391,0,537
331628.056236,384084.679988,0,171
331579.596997,384233.948608,0,367
331477.545335,384034.311737,0,447
331573.759594,384296.893344,0,108
331642.423748,384105.643654,0,465
331648.383242,384176.505768,0,491
331593.099046,384259.774454,0,730
331569.605582,384191.775081,0,730
331596.165596,384145.988476,0,730
331399.541326,384018.854485,0,270
331559.838282,384218.076234,0,730
331495.296595,383970.816347,0,730
331563.975309,384032.711634,0,730
331691.016749,384092.212042,0,444
331429.16789,384032.530574,0,730
331498.870937,384090.285212,0,275
331532.589447,384209.446528,0,730
331503.003349,384066.92819,0,730
331505.871158,384124.906552,0,730
331624.857654,384282.745885,0,730
331556.207694,384064.66745,0,730
331522.459249,384071.142525,0,730
331658.912064,384173.849316,0,461
331636.186306,384106.461007,0,730
331461.039947,384141.228181,0,135
331699.865022,384199.284718,0,730
331575.878603,384148.283352,0,675
331707.03414,384188.005784,0,730
331516.278918,384148.350009,0,621
331646.117286,384038.809652,0,686
331597.120407,384046.2041,0,730
331586.180286,384047.858204,0,730
331586.259343,384221.906956,0,730
331520.904037,383994.781838,0,730
331554.994476,384026.719178,0,730
331597.221969,384219.819094,0,730
331532.584834,383996.800687,0,523
331603.196336,384312.241418,0,730
331729.074683,384125.4037,0,346
331414.028456,384036.322926,0,166
331538.738364,384001.701443,0,681
331533.512727,384316.221887,0,194
331594.96142,384126.817204,0,613
331465.896175,384019.324412,0,730
331574.529246,383994.713854,0,660
331432.315722,383999.26764,0,730
331570.587718,384178.119214,0,730
331527.589516,384098.316171,0,730
331494.826121,384011.485137,0,730
331549.724052,384266.170533,0,232
331631.946298,384146.938156,0,730
331730.228329,384150.652271,0,196
331535.195885,383986.398561,0,730
331574.334513,384162.338713,0,730
331691.075286,384093.05294,0,53
331669.042387,384226.541284,0,730
331554.801029,384112.26336,0,697
331551.252899,384082.394602,0,318
331464.842127,384016.216237,0,662
331566.62396,384266.094289,0,417
331486.220397,384098.77223,0,730
331503.046826,384159.4307,0,113
331544.144365,384143.190059,0,249
331478.313969,383959.889966,0,569
331693.382658,384139.731776,0,730
331667.057485,384056.178452,0,730
331563.096779,384099.244616,0,730
331418.761175,384022.601288,0,730
331522.068632,384187.374398,0,730
331664.496704,384122.595768,0,309
331611.8446,384203.109972,0,730
331571.839438,384108.756805,0,730
331528.789682,384074.799715,0,630
331464.514284,384033.509358,0,730
331538.867942,384041.640265,0,730
331613.399951,384290.87352,0,730
331682.574826,384084.461401,0,730
331542.163346,384188.298308,0,730
331577.64383,384229.552928,0,337
331420.050486,384046.894054,0,72
331592.350278,384173.814511,0,730
331616.046185,384053.043703,0,730
331461.261176,384050.050297,0,297
331674.312592,384215.02396,0,730
331514.805324,384280.789918,0,730
331602.466795,384091.842344,0,730
331682.894482,384148.363805,0,655
331539.989843,384090.522433,0,378
331628.054034,384261.231839,0,517
331637.003309,384065.163544,0,730
331533.422141,384130.925792,0,656
331611.204817,384214.678969,0,730
331551.853347,384234.091108,0,730
331683.393935,384093.521914,0,280
331429.644949,384015.593097,0,730
331605.879639,384009.694673,0,680
331691.823662,384095.565737,0,730
331528.444576,384272.647189,0,730
331519.270327,384058.327135,0,343
331466.172398,384039.021309,0,730
331671.191111,384120.305074,0,730
331560.85005,384138.292077,0,308
331473.016272,384024.110553,0,730
331575.352678,384210.741603,0,730
331477.837657,384158.640056,0,463
331464.740263,384036.388085,0,730
331687.766251,384139.919319,0,269
331584.633223,384192.409945,0,730
331468.055038,384002.38879,0,299
331549.213069,384286.818679,0,524
331519.558272,383967.176399,0,730
331621.694799,384198.641204,0,730
331758.542126,384138.034303,0,730
331539.007045,384204.341222,0,730
331673.795441,384114.48074,0,388
331523.014396,384022.00918,0,512
331662.875414,384163.54709,0,649
331551.449363,384053.938897,0,730
331591.568635,384290.797388,0,730
331641.224743,384266.228734,0,252
331569.400921,384249.0354,0,4
331705.740655,384087.517908,0,634
331700.802404,384186.93274,0,730
331450.835453,383999.129878,0,730
331570.55809,384067.238435,0,730
331480.663244,384070.425547,0,730
331609.413506,384113.959483,0,730
331494.358907,384148.731243,0,401
331603.854894,384165.275351,0,104
331553.235431,384305.45529,0,730
331592.650259,384327.237426,0,730
331629.184992,384206.511746,0,383
331408.173339,384044.893471,0,129
331503.502344,384180.850538,0,730
331508.935684,383938.907223,0,630
331643.176377,384212.558836,0,87
331548.891933,384009.198577,0,730
331564.59835,384340.745775,0,340
331535.504799,384234.661582,0,730
331421.501274,384045.455365,0,676
331581.809798,384000.117281,0,391
331477.20494,384108.062259,0,326
331546.504409,384080.010878,0,730
331683.89297,384191.23106,0,730
331637.253067,384148.710606,0,501
331561.164178,384144.857409,0,730
331514.76822,384041.140653,0,730
331689.58294,384184.195847,0,730
331552.612576,384244.530002,0,480
331583.287463,384227.011888,0,656
331529.399575,384095.760496,0,107
331561.619171,384040.616307,0,545
331555.835524,383987.591695,0,588
331490.604029,384030.161482,0,730
331469.332849,384070.152303,0,92
331519.795535,384072.810394,0,448
331540.467642,384143.236924,0,544
331618.053459,384169.117486,0,272
331712.301375,384143.400268,0,730
331549.312897,384087.594348,0,730
331512.572149,384256.367752,0,730
331655.78079,384203.94251,0,248
331426.131189,384070.115938,0,730
331518.783801,384074.763651,0,730
331678.927155,384110.743931,0,272
331556.973768,384264.193692,0,730
331653.239143,384206.652594,0,730
331634.998319,384162.172839,0,589
331602.199703,384073.44032,0,642
331580.937326,384322.489759,0,385
331587.614857,384000.013207,0,730
331596.435181,384140.845828,0,730
331642.321879,384125.727917,0,99
331610.646173,384058.517241,0,730
331526.788264,384137.610694,0,664
331574.68315,384150.947824,0,730
331568.541793,384206.293385,0,730
331535.559631,384249.771196,0,730
331502.897501,384097.847309,0,460
331475.555879,384032.984814,0,730
331739.378316,384144.805211,0,730
331451.996643,384062.580027,0,191
331632.474772,384109.379698,0,730
331584.782235,384065.007687,0,405
331654.836139,384111.003993,0,730
331574.126362,384142.749367,0,585
331740.712611,384145.059631,0,730
331536.897228,384110.025418,0,679
331610.116405,384014.975186,0,730
331476.084751,383997.091477,0,730
331482.474217,384145.17926,0,394
331630.867741,384216.793464,0,614
331676.882716,384192.385376,0,730
331550.647629,384114.233275,0,547
331518.568042,384036.611088,0,730
331573.016099,384095.405554,0,667
331518.515893,384150.856411,0,503
331645.250581,384068.062564,0,201
331601.181015,384052.01589,0,730
331662.008713,384214.28697,0,160
331571.519492,384129.886916,0,556
331656.677453,384154.589009,0,730
331568.599865,384064.408443,0,730
331478.531215,383972.395785,0,78
331724.009138,384163.166603,0,505
331684.826018,384089.801968,0,730
331465.08602,384051.562894,0,558
331561.072455,384259.410701,0,730
331420.152906,384036.589407,0,587
331606.275631,384196.340947,0,84
331709.334682,384190.223252,0,132
331525.119588,384011.920204,0,449
331628.934115,384183.649446,0,730
331472.475704,384156.550978,0,730
331607.196596,384262.730503,0,376
331652.301339,384045.384241,0,730
331626.193164,384269.248986,0,730
331534.076484,384032.090428,0,433
331727.807439,384121.039097,0,730
331587.854566,384010.947669,0,677
331561.0509,384208.82857,0,106
331513.4603,384104.54754,0,730
331618.258999,384112.429374,0,237
331526.623359,384260.759676,0,730
331506.296274,384126.462922,0,730
331647.603422,384125.562884,0,712
331562.935722,384186.211749,0,730
331405.181161,384060.696602,0,730
331520.198828,383984.595129,0,730
331552.435991,384276.155305,0,730
331436.974146,384050.655215,0,730
331626.083557,384261.607245,0,159
331432.148487,384048.340446,0,730
331597.46187,384097.993752,0,730
331393.482245,384047.953941,0,60
331622.744536,384057.122776,0,69
331510.957993,384138.471452,0,469
331496.947242,384116.414276,0,730
331701.830009,384202.503237,0,730
331540.956951,384197.829776,0,102
331469.284471,383987.190753,0,474
331461.830078,383994.862639,0,321
331593.02264,384053.829924,0,641
331713.530335,384169.370113,0,730
331506.444685,383994.672588,0,381
331491.155681,384139.662057,0,565
331528.611418,384038.938605,0,730
331485.477258,384057.10582,0,730
331609.367384,384125.742782,0,312
331644.377424,384144.394208,0,730
331708.628754,384195.2029,0,730
331551.036701,383998.919843,0,730
331550.965131,384017.793731,0,730
331429.043236,384020.829155,0,730
331517.337414,383986.537938,0,730
331622.554092,384241.224742,0,730
331687.369266,384078.908162,0,506
331514.972776,384051.578019,0,730
331685.039001,384167.574577,0,730
331483.224138,384070.465075,0,730
331507.14885,384117.745123,0,730
331637.509497,384149.80759,0,409
331542.486106,384314.344866,0,730
331577.799321,384039.354666,0,318
331495.560831,384280.474333,0,57
331580.124519,384100.442202,0,430
331617.159632,384081.853044,0,730
331505.484181,384009.859566,0,106
331533.350054,384184.542053,0,610
331517.033573,384116.224153,0,73
331754.590684,384134.702251,0,730
331701.779736,384114.10239,0,730
331394.264598,384024.130357,0,70
331493.463494,384038.160454,0,730
331552.140028,384050.805321,0,730
331611.967911,384216.051181,0,730
331580.334421,384282.646284,0,549
331757.218569,384136.687121,0,380
331512.330651,384045.278077,0,412
331584.540427,384039.595735,0,530
331668.501447,384076.173057,0,581
331689.460295,384139.621305,0,730
331711.547385,384170.579785,0,730
331641.824029,384086.211449,0,571
331503.394711,384162.077992,0,658
331556.072061,384071.122017,0,730
331707.869911,384162.17563,0,730
331568.813518,384057.635709,0,494
331509.941065,384042.16159,0,721
331606.796321,384016.837234,0,726
331490.454912,383952.042238,0,730
331735.074242,384154.99891,0,121
331517.976932,384047.92958,0,730
331691.875256,384195.992315,0,730
331621.071922,384073.031072,0,730
331722.618239,384169.307465,0,730
331697.302164,384130.03861,0,223
331469.009894,383973.267681,0,58
331419.400042,384064.316276,0,730
331686.136687,384129.112513,0,595
331674.619345,384131.350345,0,730
331559.350239,384249.148954,0,509
331625.512094,384151.338018,0,245
331655.525853,384245.513308,0,730
331504.654132,383939.292434,0,708
331725.748061,384161.195327,0,730
331592.229369,384137.074458,0,554
331519.937668,384270.783318,0,1
331670.065675,384094.835136,0,202
331568.225572,384228.366812,0,730
331481.525958,384060.198246,0,730
331630.759616,384193.200034,0,131
331605.371591,384200.742713,0,730
331705.393417,384121.230898,0,276
331568.123031,384199.620769,0,730
331555.834563,384232.588163,0,268
331521.213044,384033.474739,0,730
331643.484586,384155.555936,0,730
331487.097156,384026.948896,0,245
331616.242335,384101.716139,0,186
331410.825691,384031.119861,0,730
331615.409374,384296.646584,0,730
331645.880277,384047.917311,0,395
331496.92167,383935.552442,0,730
331526.042817,384300.203756,0,730
331476.733752,384017.21387,0,56
331663.171284,384134.995224,0,136
331631.786561,384142.371944,0,730
331501.577772,383964.478369,0,730
331486.712528,384001.887601,0,730
331500.787679,384270.205571,0,730
331503.530246,383961.928473,0,226
331607.435851,384262.478332,0,730
331590.195451,384031.164723,0,677
331582.731334,384212.810324,0,575
331572.677046,384209.669626,0,730
331684.880887,384112.392719,0,391
331496.103283,383991.293257,0,730
331619.946265,384092.983463,0,730
331525.973744,383991.834835,0,241
331447.303536,384010.611313,0,683
331493.673119,383988.247823,0,730
331492.224663,384151.662424,0,273
331721.885179,384122.297185,0,730
331391.311895,384045.216931,0,730
331495.282255,383968.112915,0,709
331529.785272,383986.8772,0,501
331510.398276,383982.566708,0,730
331561.275694,384228.604978,0,730
331602.697582,384295.795518,0,593
331579.123849,384256.003523,0,730
331603.472394,384064.63826,0,730
331605.287933,384022.4679,0,221
331506.011704,384056.570853,0,497
331508.423637,384284.049787,0,43
331565.093036,384199.438162,0,319
331588.341315,384327.539148,0,730
331513.009677,383967.994853,0,730
331530.640962,384154.7078,0,730
331557.819624,384182.145969,0,730
331635.688588,384249.680291,0,730
331627.145483,384170.575038,0,730
331476.129211,384141.573303,0,538
331537.653725,384248.455865,0,730
331501.572401,384179.336045,0,458
331437.659937,384056.968536,0,600
331517.939869,384105.167966,0,730
331529.834319,384061.128,0,730
331515.791803,384114.365067,0,470
331419.334365,384070.355145,0,730
331541.373513,384240.98471,0,170
331609.545493,384048.015143,0,730
331488.976239,384069.692869,0,730
331420.489926,384063.196445,0,508
331695.259647,384150.820849,0,719
331398.723138,384057.291739,0,730
331564.069611,384182.434793,0,62
331534.629627,384285.322318,0,486
331658.233202,384126.699675,0,37
331445.390008,384044.043405,0,79
331710.279703,384148.302009,0,539
331580.74305,384106.766492,0,730
331593.673805,384194.655078,0,730
331695.974643,384121.739733,0,730
331604.291504,384022.57996,0,140
331561.281004,384023.245272,0,730
331597.340018,384193.757066,0,184
331465.238528,384044.77298,0,717
331419.5846,384024.875003,0,125
331513.454755,384297.404917,0,411
331539.419811,383989.823895,0,159
331576.447249,384116.41003,0,274
331535.106006,383991.330096,0,709
331591.886491,384242.124579,0,668
331679.10125,384149.748367,0,730
331587.885115,384124.54864,0,730
331490.224303,384129.829747,0,357
331699.429827,384085.744482,0,674
331549.011707,384237.068922,0,27
331490.431205,383953.758003,0,604
331641.543498,384201.328938,0,730
331637.656188,384034.754347,0,730
331540.655496,384276.020993,0,730
331674.359699,384221.728667,0,404
331582.850474,384303.155202,0,730
331726.337451,384151.143773,0,341
331559.946128,384092.0072,0,407
331561.256174,384067.624679,0,260
331508.04572,384262.965155,0,284
331496.917192,384169.408879,0,730
331526.292939,384199.602078,0,624
331689.813635,384131.043766,0,46
331582.023582,384012.297522,0,291
331645.830105,384225.689525,0,35
331545.366751,384263.371371,0,455
331629.257292,384202.732614,0,541
331556.521089,384073.306148,0,730
331404.442084,384056.893966,0,730
331561.913486,384212.784011,0,730
331579.078027,384337.977141,0,176
331530.148346,384251.150155,0,730
331552.187916,384245.431955,0,684
331515.816663,384254.03956,0,730
331543.641871,384256.169487,0,384
331670.498844,384223.468157,0,730
331622.689443,384147.482904,0,5
331554.223996,384287.726304,0,730
331579.78383,384200.284088,0,730
331600.287043,384291.734646,0,730
331551.358231,383970.600921,0,617
331610.663219,384175.341198,0,730
331649.088429,384143.475694,0,591
331493.538049,383986.404463,0,730
331484.798317,383976.476528,0,437
331484.763317,384001.442531,0,730
331574.442941,384294.647515,0,730
331597.586456,384123.439182,0,717
331643.500285,384090.147104,0,730
331508.440952,384293.003129,0,730
331748.729154,384133.465077,0,531
331699.793554,384199.051616,0,730
331708.661579,384085.634288,0,532
331503.454997,383959.372486,0,400
331593.961907,384235.49918,0,730
331574.601981,383986.703498,0,356
331469.93467,384029.97595,0,730
331583.614349,384154.854988,0,323
331645.001974,384263.2664,0,514
331570.195742,384131.653848,0,342
331720.064607,384157.20645,0,730
331695.3227,384174.98838,0,546
331531.160599,384238.276946,0,730
331496.915085,383934.112603,0,730
331721.159078,384121.816404,0,645
331568.983207,384091.880259,0,431
331613.67378,384218.368249,0,730
331547.045603,384284.88705,0,730
331553.047043,383970.58521,0,730
331572.395145,383998.354353,0,246
331549.827453,383967.104192,0,730
331666.165502,384102.847781,0,730
331451.048084,384014.401025,0,730
331464.243531,384043.935618,0,726
331596.759234,384306.773826,0,537
331654.314302,384050.417953,0,108
331507.081324,384290.048802,0,700
331546.976691,384321.055359,0,380
331637.182433,384127.970091,0,169
331624.685768,384075.10865,0,208
331639.233472,384118.804489,0,730
331535.077035,384181.512611,0,730
331474.066481,384012.409353,0,730
331545.991782,384100.867241,0,371
331533.708555,384029.945352,0,139
331498.423474,383981.389534,0,689
331710.750667,384139.836237,0,730
331542.430521,384003.74747,0,730
331705.710847,384097.504394,0,730
331596.027699,384023.533914,0,653
331708.044923,384180.018107,0,494
331583.139044,384263.463897,0,730
331478.494504,384027.921147,0,11
331630.297952,384183.857894,0,730
331409.256219,384048.747732,0,730
331646.023748,384236.891255,0,730
331693.053348,384211.067539,0,468
331629.982337,384255.826264,0,730
331704.613144,384196.378542,0,730
331433.500828,384059.980013,0,730
331498.836673,384283.014242,0,188
331646.407336,384243.025355,0,730
331606.175925,384065.411499,0,443
331456.286472,383997.583257,0,730
331417.542802,384062.943505,0,730
331543.582805,384093.452727,0,730
331541.440715,383980.430279,0,166
331713.261032,384132.734266,0,713
331604.778379,384245.678649,0,730
331719.095367,384111.072318,0,317
331661.44767,384169.005687,0,730
331710.647008,384162.816304,0,730
331552.229426,384230.578531,0,13
331485.186052,384168.541614,0,730
331519.131129,384257.013433,0,634
331558.661771,384318.687965,0,623
331554.647437,384128.02437,0,730
331611.62693,384010.864866,0,730
331624.964997,384070.00799,0,470
331627.927345,384192.883863,0,678
331500.16431,384128.345637,0,730
331598.560986,384003.362977,0,10
331481.063699,384099.242773,0,730
331691.950619,384113.467056,0,414
331520.211416,384056.596323,0,730
331608.307199,384260.524006,0,730
331638.64298,384264.267209,0,730
331728.232547,384113.221599,0,426
331545.565324,383981.894724,0,730
331700.048897,384088.101864,0,183
331614.351876,384047.532124,0,730
331669.269504,384142.94321,0,730
331492.845207,384026.396472,0,320
331651.261445,384140.6024,0,730
331593.358936,384328.413253,0,730
331526.741297,384311.194732,0,730
331509.631796,384107.591824,0,685
331448.216955,384057.696349,0,502
331458.462696,384050.393137,0,324
331387.579146,384047.677346,0,730
331618.607735,384018.972893,0,92
331542.709635,384232.360296,0,730
331546.367491,384225.3122,0,730
331503.420923,384275.97174,0,730
331504.677118,384282.181533,0,697
331594.47444,384116.265586,0,57
331504.657109,384263.753311,0,730
331430.162388,384003.457412,0,730
331556.616611,384324.79187,0,113
331682.41259,384164.36886,0,730
331592.04776,384204.058558,0,730
331464.272785,384071.560827,0,143
331653.043201,384058.082039,0,174
331662.375801,384126.199445,0,730
331537.576292,384044.475568,0,167
331564.627125,384341.34345,0,351
331548.60379,384207.389317,0,730
331527.662893,384108.394776,0,730
331498.873285,384096.136493,0,102
331423.199012,384069.564502,0,707
331533.628531,384105.322765,0,580
331657.491184,384065.897721,0,683
331504.813356,383960.45871,0,730
331463.324006,384027.002937,0,730
331647.779333,384134.312008,0,482
331471.599695,384009.07391,0,730
331508.368798,384162.202112,0,730
331680.442674,384069.953772,0,669
331688.22129,384209.181488,0,730
331567.893927,384294.790668,0,730
331529.966554,384253.688984,0,608
331524.824311,384247.273922,0,475
331553.200486,384304.750091,0,682
331523.944357,384137.632565,0,730
331494.049229,383977.752914,0,423
331406.840243,384049.788483,0,723
331515.851916,384030.12167,0,730
331523.535784,384157.634578,0,730
331654.251493,384255.632571,0,730
331747.102711,384126.276395,0,730
331699.291881,384087.652797,0,490
331627.042594,384049.023016,0,499
331545.169812,384302.866728,0,603
331707.866662,384146.431761,0,269
331559.869534,384258.856935,0,730
331566.55338,384142.43389,0,730
331567.440055,384048.589665,0,264
331617.853499,384053.704242,0,730
331512.33977,384264.69931,0,93
331629.26922,384183.919344,0,351
331422.926175,384063.563309,0,638
331450.342433,384063.172135,0,250
331470.403139,384044.63387,0,493
331537.282037,384020.243242,0,278
331607.807371,384083.629682,0,393
331503.873866,384028.918748,0,730
331507.053937,384170.253309,0,472
331698.282891,384198.054852,0,374
331462.80172,384082.717577,0,80
331526.607799,384188.010566,0,730
331510.699565,384273.915286,0,730
331726.157871,384168.843192,0,730
331529.529428,384063.537055,0,310
331437.674852,384006.626702,0,730
331470.540725,384029.76702,0,730
331531.133822,384245.644594,0,730
331596.276321,384269.027396,0,730
331515.887252,384102.170739,0,730
331678.084376,384068.93002,0,46
331558.512672,384302.605222,0,730
331558.742381,384286.897192,0,730
331570.291375,384068.5386,0,730
331635.3543,384113.091778,0,730
331592.328886,384148.67861,0,567
331607.915994,384058.339241,0,562
331481.094936,384084.39089,0,730
331544.386411,384131.787577,0,730
331576.52332,384126.803542,0,261
331591.189773,384196.96659,0,730
331529.413692,383999.538429,0,65
331582.775473,384064.556265,0,730
331576.088971,384028.668779,0,633
331661.792139,384142.804859,0,55
331605.128192,384242.476566,0,730
331731.501942,384122.306028,0,367
331587.442163,384230.077994,0,406
331639.731263,384176.740644,0,730
331554.397204,384256.881497,0,730
331548.944535,384043.099256,0,550
331473.419694,384059.733029,0,730
331435.880614,384031.583333,0,730
331610.922477,384162.08148,0,570
331538.128462,383961.358228,0,389
331518.578581,384048.514015,0,527
331448.926448,384089.401189,0,238
331714.446477,384172.44865,0,730
331440.137653,384026.219551,0,234
331613.619801,384202.150089,0,594
331504.517652,384007.147363,0,730
331526.02427,384040.314549,0,513
331489.26765,384043.244084,0,115
331531.17671,384278.830518,0,730
331486.718001,384032.460855,0,595
331592.427656,384086.156259,0,730
331497.493363,384271.898571,0,674
331442.574271,384068.454202,0,730
331685.289748,384111.733345,0,155
331690.602395,384089.646047,0,730
331569.290456,384089.690552,0,48
331686.259686,384211.40595,0,730
331463.946793,383977.195894,0,730
331495.292945,384127.833398,0,730
331573.361649,384091.130998,0,308
331585.731264,384141.043963,0,523
331515.991872,384100.510633,0,545
331560.564771,384281.432146,0,178
331640.814784,384089.20294,0,730
331601.498117,384194.42569,0,261
331492.382099,384144.562354,0,569
331633.959136,384053.019248,0,730
331724.771323,384104.841468,0,730
331521.800544,384178.613764,0,730
331565.868439,384075.750016,0,730
331563.674357,384052.443192,0,548
331537.945445,384228.503014,0,730
331540.707373,384014.400105,0,730
331644.095562,384244.309854,0,244
331509.571046,384064.058194,0,535
331598.091245,384226.507632,0,730
331553.918997,384155.985093,0,730
331584.306749,384170.757052,0,730
331525.075565,384121.899368,0,432
331712.676499,384114.128,0,572
331534.956919,384026.068321,0,488
331644.287406,384228.897484,0,730
331587.443245,384044.336473,0,730
331442.222725,384029.321854,0,283
331437.641706,384017.404611,0,296
331688.301856,384138.554845,0,730
331623.895393,384115.711775,0,730
331571.038424,384166.406635,0,123
331476.878211,384131.375993,0,128
331725.743329,384173.859256,0,730
331546.309346,384106.151912,0,322
331555.047154,384287.105485,0,730
331475.122718,384038.857486,0,730
331627.343444,384093.978858,0,730
331463.427423,384004.487224,0,388
331476.724856,384147.919712,0,730
331572.483888,384045.663308,0,730
331701.054768,384101.859644,0,730
331488.656022,384055.94865,0,730
331646.158341,384169.398845,0,103
331477.204486,384087.49679,0,50
331550.919777,384165.130223,0,730
331541.477828,384001.441666,0,259
331450.196446,383993.202444,0,355
331575.279369,384092.616684,0,716
331601.240048,384078.452084,0,409
331427.324249,384067.030388,0,426
331635.226269,384115.140584,0,45
331680.333962,384084.049214,0,730
331595.901273,384089.820768,0,402
331395.268847,384040.931714,0,504
331580.106757,383991.483575,0,531
331619.510539,384296.611563,0,724
331613.186848,384026.496863,0,603
331670.336584,384234.645656,0,730
331600.290543,384084.247103,0,730
331635.048061,384190.873569,0,730
331604.902477,384216.283937,0,730
331590.462534,384015.260346,0,311
331655.704845,384125.576778,0,632
331620.991349,384040.749566,0,730
331573.667859,384029.878262,0,730
331498.667271,384010.616453,0,349
331684.654087,384213.340009,0,730
331595.556553,384246.848217,0,661
331600.94852,384004.954918,0,492
331619.033016,384122.836523,0,85
331498.515819,384014.713449,0,730
331537.174971,384320.370062,0,730
331685.109788,384134.528236,0,730
331595.316782,384145.676388,0,730
331536.17633,384133.750021,0,395
331485.187853,384167.807918,0,307
331456.544963,384129.368627,0,217
331485.569241,384110.782803,0,540
331524.339659,383961.240482,0,652
331498.314554,384085.363015,0,390
331599.822116,384125.396142,0,730
331584.826454,384063.892944,0,562
331709.335541,384155.202629,0,730
331547.095864,384236.519962,0,112
331508.704567,384114.217917,0,730
331478.642301,384014.989512,0,257
331411.885419,384018.345009,0,730
331537.583162,384311.27696,0,651
331594.76431,384205.543179,0,631
331720.075737,384143.93526,0,541
331465.673514,384045.058881,0,730
331685.40746,384150.401303,0,730
331677.956732,384061.848805,0,301
331686.18812,384145.847882,0,450
331543.085485,384050.264944,0,730
331647.072948,384210.844106,0,661
331561.793838,384067.352387,0,18
331665.595302,384071.798766,0,453
331534.993213,384262.197431,0,730
331583.682295,384032.124876,0,594
331570.346547,384033.050133,0,730
331647.80377,384197.068526,0,310
331483.188185,384046.91585,0,730
331481.816196,383977.350856,0,730
331510.384086,384043.266193,0,730
331475.081296,384154.445762,0,730
331554.960403,384101.19936,0,343
331644.526487,384179.658768,0,730
331568.723949,384210.204133,0,730
331702.823042,384197.840616,0,730
331475.92382,384149.033019,0,730
331655.330272,384214.508393,0,672
331629.94596,384094.746552,0,730
331607.730427,384245.27942,0,258
331688.051926,384169.536211,0,440
331565.681617,384176.104373,0,730
331473.940446,383985.2854,0,730
331550.711651,383998.596211,0,730
331643.792492,384108.487955,0,730
331532.19653,384020.320778,0,730
331644.245891,384244.134244,0,730
331557.062984,384031.382072,0,730
331558.023704,384129.337211,0,730
331605.380414,384265.398452,0,730
331535.364025,384173.720043,0,730
331608.973844,384140.551646,0,16
331530.306004,383984.952882,0,599
331661.995371,384154.39415,0,103
331559.009163,384014.80737,0,730
331642.147794,384078.448592,0,386
331678.222767,384172.834669,0,619
331611.83207,384297.062944,0,70
331555.744603,384317.630021,0,642
331623.085427,384039.393256,0,730
331547.613462,384297.864865,0,730
331608.196055,384162.448376,0,730
331568.514257,384164.358804,0,730
331652.842874,384233.546967,0,730
331565.514477,384030.795941,0,730
331589.670092,384002.522854,0,730
331500.9887,383940.213472,0,730
331429.567976,383998.018082,0,483
331683.137317,384136.245109,0,693
331500.191149,384155.654716,0,532
331565.04109,384328.793075,0,98
331522.104639,384290.613182,0,148
331565.672801,384312.86455,0,244
331665.682372,384074.941277,0,730
331665.029955,384186.228407,0,720
331475.340752,384009.975698,0,730
331683.114441,384180.966349,0,5
331559.002082,383984.391118,0,730
331458.373259,384048.889385,0,481
331479.61451,383975.270404,0,730
331634.22814,384271.619021,0,730
331448.039379,384009.981091,0,127
331596.030111,384197.719721,0,730
331619.42389,384097.620491,0,730
331553.922414,384004.66282,0,730
331651.276464,384113.612875,0,543
331526.547811,384052.43455,0,161
331453.251132,384026.343953,0,305
331528.199885,384293.429686,0,730
331568.394447,384252.520287,0,730
331450.463243,384016.84797,0,730
331470.84566,384037.830782,0,730
331599.68015,384307.581365,0,730
331649.252091,384211.385401,0,730
331669.791018,384207.345413,0,730
331508.300519,384075.025355,0,600
331597.219652,384045.70755,0,529
331558.364347,384325.027796,0,730
331398.235209,384039.000323,0,10
331568.364888,384163.913299,0,730
331641.363569,384053.5297,0,679
331538.616155,383976.285242,0,427
331712.348347,384164.231076,0,730
331616.280794,384254.118682,0,437
331564.066171,384327.495941,0,730
331621.192349,384181.267898,0,175
331610.774677,384115.178301,0,730
331594.45766,384206.940946,0,287
331686.394601,384089.01913,0,730
331566.21285,384294.940525,0,500
331705.633965,384091.08981,0,730
331446.297826,384008.967054,0,724
331560.091753,384165.448522,0,729
331651.006701,384114.258534,0,397
331562.817677,384022.650166,0,428
331509.693996,384283.633248,0,519
331567.082876,384109.349626,0,730
331611.963992,384290.396177,0,730
331528.332629,384050.092542,0,302
331701.970469,384091.87227,0,730
331574.010388,384018.737339,0,730
331566.180079,384048.13082,0,398
331688.473306,384120.555485,0,480
331619.947082,384102.404511,0,730
331476.867397,384130.317431,0,730
331610.776412,384124.170205,0,215
331548.484714,384076.479976,0,730
331506.083119,383939.992328,0,220
331621.006026,384131.895322,0,476
331544.17612,384246.80733,0,693
331747.006825,384146.933252,0,730
331708.246003,384168.76753,0,730
331457.375057,384000.261985,0,730
331497.255728,383948.42324,0,730
331624.352475,384227.853634,0,425
331673.053599,384087.420664,0,730
331419.311251,384067.140032,0,730
331598.963065,384309.28705,0,705
331615.220082,384022.027652,0,730
331518.412281,384011.809752,0,477
331470.415098,383966.039227,0,730
331513.282426,384177.308168,0,134
331629.726327,384275.713386,0,730
331684.610855,384132.060161,0,730
331543.290337,384216.100649,0,730
331573.572596,384157.166504,0,315
331540.192473,384022.183615,0,730
331529.433227,384264.23637,0,730
331529.679179,383996.476151,0,730
331630.123267,384098.813583,0,730
331649.125132,384207.68242,0,730
331420.685022,384013.772012,0,21
331553.044571,384186.865181,0,158
331535.816452,384297.512422,0,730
331404.629724,384051.211951,0,478
331545.961648,384033.414945,0,730
331476.570138,384104.563286,0,730
331520.413151,384051.808932,0,730
331562.055205,384284.603909,0,730
331693.931905,384112.887925,0,714
331505.577754,383991.079589,0,730
331534.304306,384316.411902,0,730
331522.073049,384024.511969,0,615
331530.224253,384042.856151,0,730
331579.399262,384304.130852,0,730
331564.903922,384066.063802,0,406
331662.391718,384059.845028,0,72
331500.188916,384055.479421,0,730
331670.421842,384229.523358,0,730
331468.09593,384028.869882,0,730
331616.68801,384297.667735,0,730
331651.640078,384214.172017,0,730
331723.911524,384129.639346,0,444
331625.616472,384213.595862,0,730
331646.014458,384060.003869,0,730
331502.413667,384185.893274,0,730
331585.330229,384329.293089,0,34
331608.845596,384135.357865,0,375
331607.34051,384270.708006,0,730
331546.799152,384294.419011,0,730
331708.13988,384110.443824,0,730
331612.237472,384299.276489,0,730
331646.671014,384056.408645,0,549
331588.910466,384141.636121,0,730
331668.938235,384061.234914,0,290
331543.665797,384131.938188,0,730
331563.42592,383977.076919,0,97
331625.060572,384173.922246,0,730
331674.692589,384174.624065,0,730
331626.273802,384211.940868,0,298
331517.975958,384118.080714,0,730
331603.021976,384012.363396,0,665
331657.07826,384244.995452,0,730
331421.677713,384049.404609,0,730
331552.156954,384219.771783,0,730
331630.799636,384082.933517,0,730
331578.407932,384086.618039,0,730
331603.00893,384215.949758,0,730
331431.114298,384046.573908,0,589
331518.130779,384020.498109,0,730
331641.614705,384165.642902,0,730
331674.223811,384073.861396,0,730
331615.795551,384123.985799,0,522
331556.883171,384193.504415,0,293
331503.600209,384282.608631,0,730
331634.220157,384195.534894,0,553
331478.560567,384067.764725,0,647
331531.60349,384161.584393,0,361
331699.920208,384146.991255,0,730
331394.397653,384051.444965,0,105
331553.92823,384157.067681,0,299
331568.781921,384241.47837,0,730
331587.549774,384158.131816,0,730
331497.990952,384051.78876,0,471
331616.607265,384132.48919,0,730
331509.442919,384002.699432,0,722
331592.54999,384160.532397,0,730
331639.805955,384036.724341,0,730
331576.266487,384026.583811,0,730
331584.19918,384212.56911,0,730
331715.407938,384159.315274,0,635
331547.718052,383993.638858,0,730
331608.385763,384268.739674,0,554
331580.237453,384113.05386,0,730
331674.418119,384210.35884,0,453
331492.219348,384144.008917,0,363
331598.566113,384258.647095,0,347
331612.166341,384118.040545,0,225
331488.411032,384072.239539,0,730
331599.55355,384112.414792,0,730
331615.597869,384191.908876,0,730
331667.912607,384060.997753,0,730
331552.991375,384102.672962,0,730
331661.881619,384072.127615,0,730
331571.471809,384250.748532,0,298
331659.422322,384045.525986,0,730
331727.025104,384114.225804,0,730
331628.327405,384283.329576,0,730
331548.848576,384206.644197,0,730
331544.331465,384270.689611,0,366
331625.6003,384132.321062,0,675
331664.78435,384105.256545,0,730
331515.37221,384154.210373,0,276
331602.311833,384220.13874,0,730
331466.077387,383971.510538,0,147
331575.101509,384081.267511,0,45
331656.411977,384135.749585,0,730
331706.992632,384138.583298,0,181
331545.86789,384068.64278,0,405
331621.774605,384285.563302,0,730
331530.761199,384080.33071,0,730
331637.413793,384209.339619,0,495
331661.158579,384051.574868,0,514
331492.116068,384008.999532,0,349
331626.022205,384285.513075,0,730
331541.430812,384210.054795,0,730
331620.418245,384284.349412,0,730
331599.316332,384158.528659,0,516
331690.006729,384090.836476,0,730
331591.644822,384115.702346,0,63
331647.86001,384234.45431,0,371
331496.951956,384028.786461,0,144
331511.796653,383964.423594,0,730
331640.827775,384271.177407,0,19
331536.937926,384180.940903,0,255
331471.028638,384132.132493,0,461
331570.544971,384297.377967,0,288
331699.176929,384158.136839,0,301
331652.323374,384133.283057,0,353
331686.498544,384113.291579,0,730
331521.519685,383957.29117,0,690
331588.394343,384227.543329,0,730
331636.07342,384128.971405,0,696
331495.305661,384047.526829,0,730
331593.796916,384298.471454,0,730
331737.290482,384120.685046,0,366
331705.375612,384117.893083,0,614
331466.164819,384072.804415,0,730
331637.743043,384037.865166,0,730
331615.873953,384081.570127,0,263
331454.044362,384080.341084,0,730
331420.785125,384009.682058,0,730
331493.182031,384153.766546,0,718
331524.121569,384252.902597,0,623
331653.158594,384177.193437,0,645
331546.761313,384011.727173,0,114
331678.731272,384139.609292,0,730
331437.776146,384011.043292,0,508
331564.577647,384153.589264,0,730
331454.469712,384079.605118,0,730
331553.919127,384334.134967,0,730
331510.714628,384029.140168,0,730
331509.628472,384016.019367,0,730
331542.41239,384095.143059,0,730
331430.377845,384032.869638,0,730
331533.040276,384296.73291,0,282
331643.200801,384241.118433,0,730
331666.775146,384162.620292,0,730
331482.784982,383976.164071,0,171
331741.694918,384134.755158,0,237
331703.190265,384193.929512,0,496
331510.910466,383991.322915,0,730
331482.701491,383944.745306,0,730
331548.154786,384133.040302,0,690
331674.962519,384192.461673,0,286
331505.163442,384047.038573,0,730
331590.197263,384233.03189,0,68
331482.426525,384163.528576,0,730
331610.738484,384297.299588,0,730
331573.265721,384199.846665,0,730
331645.206314,384092.68496,0,352
331686.599277,384072.446657,0,730
331572.11059,384057.042319,0,730
331668.307341,384054.119686,0,730
331451.035694,384045.033018,0,663
331697.359465,384144.787605,0,632
331519.927549,384026.362649,0,626
331659.661984,384160.857553,0,730
331587.202593,384100.689114,0,730
331613.679366,384189.341453,0,730
331627.221548,384138.193063,0,730
331549.941471,384077.8274,0,432
331639.146777,384142.577075,0,730
331496.92447,383955.371148,0,425
331583.88529,383993.597477,0,491
331575.025033,384200.971818,0,730
331624.731305,384050.798097,0,581
331562.194359,384318.260951,0,382
331489.292243,384025.3643,0,583
331537.678551,383990.434962,0,704
331522.50612,384252.613682,0,338
331618.054002,384054.50109,0,321
331499.538166,384276.08935,0,688
331404.560614,384036.431875,0,695
331479.667249,384058.949667,0,124
331589.408144,384074.31587,0,548
331609.909595,384273.801762,0,384
331464.162524,384101.426084,0,570
331420.20574,384034.649174,0,447
331492.899192,383987.569912,0,730
331467.476822,384064.130295,0,253
331502.054495,384038.874093,0,172
331563.199286,384164.437282,0,730
331545.934854,384060.184768,0,456
331514.045787,383994.609325,0,730
331511.363818,384024.304698,0,294
331486.523984,383957.65235,0,730
331610.052279,384288.727765,0,83
331540.118624,384230.828689,0,671
331644.330995,384199.765994,0,509
331415.419345,384033.554832,0,730
331506.790853,384093.867056,0,730
331578.940782,384081.57203,0,730
331530.968758,384129.268705,0,657
331700.808468,384110.74221,0,730
331542.548046,384223.764811,0,730
331674.495981,384140.158906,0,730
331563.637169,384340.149832,0,74
331491.814061,384021.666822,0,730
331468.493093,384043.430405,0,730
331421.33653,384059.346531,0,574
331591.508923,384142.082134,0,558
331579.157287,384306.466495,0,730
331626.878481,384235.451381,0,730
331689.540706,384168.984584,0,730
331655.731969,384098.657409,0,730
331453.406895,384030.698253,0,650
331503.358124,384046.541085,0,730
331610.966363,384184.392319,0,730
331580.334115,384341.690941,0,730
331631.828749,384247.905942,0,546
331655.72958,384159.272912,0,730
331548.774821,384261.546635,0,31
331555.499495,384284.783581,0,730
331649.361579,384253.668032,0,730
331640.994466,384254.671999,0,572
331604.152944,384249.02553,0,702
331623.428154,384097.277709,0,694
331569.949163,384285.681166,0,730
331547.593536,384160.456055,0,730
331603.655514,384173.240579,0,730
331576.762071,384248.748241,0,95
331598.251404,384087.002544,0,209
331594.369979,384017.037836,0,730
331637.856866,384186.957611,0,730
331666.158876,384137.61064,0,730
331508.13377,384167.295048,0,342
331663.758457,384228.224944,0,334
331586.825651,384104.022854,0,93
331506.638269,384186.572243,0,76
331537.453092,384073.588878,0,8
331694.288984,384127.76557,0,37
331448.455261,384042.776506,0,179
331588.107204,384008.519681,0,730
331561.253693,383979.325098,0,21
331475.822808,384093.054097,0,422
331517.549367,384290.605956,0,730
331646.71427,384205.956221,0,297
331676.277111,384146.668681,0,520
331615.822104,384173.163747,0,730
331706.076549,384134.530604,0,628
331463.323161,384129.761665,0,510
331599.897288,384238.720257,0,418
331502.892675,383938.238926,0,730
331477.30265,383974.68547,0,51
331550.363945,384071.700599,0,730
331649.532156,384071.477274,0,123
331556.214871,384319.346322,0,730
331638.46789,384045.622692,0,730
331524.046652,384130.196924,0,730
331652.605594,384046.422042,0,730
331478.599737,384144.239676,0,702
331520.73151,384093.328006,0,730
331573.119161,384103.29646,0,730
331592.002893,384098.072564,0,730
331533.159233,384128.799795,0,730
331541.878918,384025.507858,0,730
331541.595037,384184.914744,0,659
331454.563693,384075.682119,0,730
331584.618051,384212.178326,0,617
331638.877669,384181.415635,0,94
331557.280658,384306.07589,0,561
331649.072065,384146.863545,0,730
331402.74574,384022.956219,0,730
331570.288403,384179.823705,0,730
331597.52961,384275.112796,0,423
331690.775911,384136.622564,0,730
331575.086947,384049.329916,0,252
331703.745458,384125.759865,0,730
331434.104539,384030.3409,0,730
331650.942483,384219.192219,0,730
331668.025074,384115.405753,0,657
331527.424183,384197.467626,0,730
331744.952447,384130.932282,0,730
331667.832911,384158.321401,0,22
331674.318592,384142.143792,0,730
331627.623129,384144.085679,0,427
331533.488392,384159.273249,0,730
331532.882869,384036.859496,0,730
331671.455048,384205.072824,0,311
331392.555203,384053.18844,0,730
331627.208293,384093.39147,0,452
331648.721631,384245.770274,0,725
331695.081152,384094.578932,0,615
331568.516525,384324.379116,0,381
331442.527201,384053.132062,0,692
331654.0737,384210.581899,0,304
331508.6425,384179.658704,0,730
331497.850095,383972.27888,0,730
331626.414108,384058.476365,0,6
331645.859799,384112.094394,0,51
331739.643841,384117.895741,0,730
331557.363362,384267.661358,0,542
331570.29248,384026.955375,0,730
331537.591324,384164.069533,0,251
331462.311293,384063.869188,0,730
331567.314668,384283.056683,0,467
331561.892601,384125.372881,0,730
331418.919587,384027.764127,0,730
331492.891487,384091.299845,0,730
331497.085107,384001.75245,0,730
331528.07997,384209.230461,0,730
331659.84499,384068.845773,0,730
331410.44909,384008.714629,0,730
331588.4822,384017.30108,0,730
331696.13654,384074.660224,0,503
331515.080474,384155.359992,0,730
331462.688632,384088.216579,0,730
331507.406224,383964.232917,0,469
331459.168403,384139.853011,0,571
331483.191923,384022.821624,0,515
331575.613237,384267.174528,0,730
331576.640562,384338.577987,0,195
331730.406776,384153.742576,0,730
331473.205158,384027.030506,0,730
331560.498962,384016.588079,0,715
331444.832051,384022.111757,0,730
331652.587857,384233.306523,0,730
331605.184109,384066.17345,0,9
331661.998513,384215.335879,0,730
331623.474977,384090.809881,0,730
331711.411576,384092.761781,0,730
331555.148017,384038.525151,0,616
331608.735265,384197.51072,0,454
331705.066217,384130.969032,0,730
331507.687728,384021.66695,0,730
331641.957625,384189.539234,0,662
331712.580296,384147.625134,0,221
331622.926756,384252.406264,0,730
331449.383675,384134.18179,0,485
331526.613561,384255.953933,0,578
331684.354866,384180.979279,0,730
331693.257274,384083.09291,0,379
331588.989831,384222.833568,0,730
331616.567801,384052.876635,0,730
331398.384934,384050.342487,0,730
331505.368914,384170.473821,0,182
331568.645335,384085.909672,0,730
331560.441557,384144.036867,0,730
331529.642807,384010.083636,0,730
331542.983502,384162.179647,0,730
331577.818296,384326.886356,0,647
331406.788986,384052.705779,0,361
331546.994951,384289.597208,0,730
331564.551006,384329.510113,0,397
331636.926639,384108.16721,0,730
331574.860568,384224.689254,0,473
331585.569177,384306.229353,0,177
331576.468692,384235.987421,0,666
331546.821533,384309.061023,0,502
331545.181609,384314.280289,0,84
331616.611217,384225.412237,0,730
331719.444303,384171.751562,0,730
331554.63686,384110.230068,0,638
331603.737444,384223.69146,0,369
331569.441541,384227.034956,0,730
331643.761269,384248.651679,0,222
331568.16592,384158.219932,0,730
331632.305342,384059.35742,0,682
331611.381011,384188.013023,0,699
331555.98772,384144.276611,0,678
331573.428983,384116.335214,0,730
331526.855807,384166.166864,0,526
331630.136637,384077.492562,0,730
331632.236078,384185.631586,0,604
331521.544209,384151.780027,0,730
331693.645309,384137.202263,0,350
331458.844381,384013.710658,0,730
331647.745246,384244.068947,0,730
331608.498068,384078.820643,0,133
331579.609933,384342.826301,0,730
331571.075051,384151.121891,0,730
331723.811942,384107.26843,0,582
331439.125177,384002.55465,0,649
331551.698807,384204.171978,0,557
331545.048314,384138.73436,0,392
331542.82717,384091.967115,0,730
331642.651028,384237.183478,0,721
331480.495798,384095.586004,0,730
331504.407845,384269.235488,0,235
331642.339387,384113.673905,0,210
331737.771487,384151.883922,0,14
331465.177262,384149.953396,0,207
331700.713412,384097.292055,0,730
331645.616922,384161.242473,0,730
331603.228727,384111.641905,0,611
331640.314542,384135.365492,0,730
331582.336993,384122.871506,0,730
331644.967766,384203.791536,0,180
331552.709955,384032.610136,0,387
331703.859186,384173.456937,0,643
331585.83606,384080.474149,0,680
331562.654906,384060.027796,0,530
331593.458501,384228.280155,0,711
331657.002263,384211.01978,0,730
331622.02737,384104.674595,0,698
331513.937724,384151.418431,0,730
331600.450786,384045.587036,0,359
331487.070272,384069.673772,0,694
331689.430199,384187.827668,0,439
331584.504932,384167.665038,0,654
331436.815567,383994.744101,0,332
331599.15271,384244.484232,0,730
331624.974887,384200.421043,0,460
331507.952269,384040.629328,0,607
331532.511817,384266.482341,0,373
331546.90399,384130.067569,0,730
331513.882773,384073.470547,0,730
331522.869829,384185.04096,0,382
331542.538566,384277.504948,0,90
331697.086018,384156.23563,0,730
331684.313203,384220.103945,0,730
331569.667254,384007.801491,0,730
331549.365564,384171.610406,0,698
331416.415017,384004.902517,0,730
331657.879672,384132.821389,0,730
331651.630767,384072.187988,0,568
331457.300682,383990.127596,0,325
331543.746585,384226.205486,0,599
331669.668663,384072.887153,0,608
331592.667432,384048.036961,0,629
331493.452199,384083.528447,0,730
331579.464384,384063.456885,0,512
331604.39009,384170.631014,0,730
331564.084362,384272.994416,0,713
331606.733425,384117.678537,0,730
331738.066752,384124.392644,0,489
331574.825872,384298.193051,0,730
331544.118774,383991.612442,0,701
331495.885297,384162.512058,0,708
331671.485988,384082.164638,0,730
331495.852503,384280.497396,0,730
331584.60052,384186.689182,0,268
331544.637559,384225.385347,0,445
331506.204056,383972.94681,0,730
331524.616368,383999.002727,0,560
331663.823304,384198.590809,0,730
331569.910847,383995.077317,0,331
331680.950517,384086.075043,0,730
331463.820388,384006.489323,0,730
331617.053122,384022.018663,0,585
331603.796304,384281.060954,0,156
331574.63471,384088.46238,0,646
331488.283623,383997.703734,0,730
331450.585947,384047.549693,0,17
331645.578569,384240.456996,0,109
331550.079787,384248.006018,0,730
331638.639863,384249.760711,0,730
331576.529209,384173.016645,0,730
331546.328391,384107.728186,0,154
331616.032762,384146.154814,0,730
331644.982619,384228.502524,0,730
331579.083804,384237.255089,0,303
331625.343142,384121.755064,0,730
331584.002074,384087.842712,0,730
331551.915475,384150.199357,0,505
331670.156349,384190.712614,0,730
331656.892308,384253.987168,0,130
331526.955252,384178.987836,0,441
331689.382333,384150.041039,0,730
331653.214773,384158.986989,0,454
331611.522207,384157.022822,0,446
331521.887963,384095.475979,0,77
331633.677399,384185.825824,0,622
331746.332849,384128.053756,0,730
331461.829541,384004.210928,0,730
331622.396234,384164.474054,0,187
331589.886455,384246.577442,0,730
331548.327549,384168.285995,0,262
331690.42446,384129.829147,0,730
331648.571717,384039.219495,0,703
331449.535687,384040.395117,0,520
331571.298775,384294.396723,0,681
331676.696686,384206.246244,0,528
331659.488227,384188.979443,0,730
331572.023199,384160.511722,0,486
331632.984693,384108.326903,0,36
331485.77013,384033.579427,0,730
331563.508027,383989.622842,0,640
331477.607164,383956.162781,0,730
331420.151181,384046.274965,0,711
331529.745543,384313.680678,0,566
331734.719604,384141.449506,0,243
331569.944977,384166.231024,0,730
331715.069013,384118.862958,0,369
331569.97983,384142.089799,0,77
331489.225068,384084.42175,0,730
331559.261115,384035.011827,0,730
331583.083234,384206.107591,0,730
331563.510799,384285.230239,0,730
331406.757698,384049.358277,0,100
331571.795721,383985.346308,0,416
331542.25505,384180.266369,0,403
331495.437365,384075.86028,0,730
331645.754069,384079.602984,0,730
331424.948995,384000.601609,0,730
331635.5794,384164.805472,0,730
331605.540823,384067.74211,0,147
331750.214154,384139.928944,0,728
331469.917897,384029.602494,0,399
331656.664155,384096.622835,0,730
331571.445302,384269.61215,0,730
331509.45916,383988.320639,0,730
331460.043485,384142.584959,0,730
331545.674999,384098.068281,0,684
331719.245274,384104.614879,0,730
331596.468669,384283.227126,0,590
331531.661899,384056.65509,0,730
331478.412988,384151.912741,0,730
331518.280848,384092.698304,0,504
331528.00985,384083.099544,0,730
331495.238245,384068.467836,0,478
331614.800807,384085.46138,0,415
331567.010757,384193.764656,0,730
331458.330525,384144.756345,0,181
331582.193603,384305.955912,0,651
331444.638268,384058.677814,0,730
331563.147646,384032.923169,0,730
331630.017432,384261.274003,0,457
331673.78843,384136.435132,0,730
331462.45226,384006.587124,0,730
331680.648284,384202.563485,0,320
331716.35361,384096.068852,0,673
331668.581386,384232.227621,0,625
331582.490057,384141.651641,0,730
331539.08284,384268.18008,0,730
331477.767651,384071.767481,0,309
331642.469332,384044.467456,0,730
331587.526403,384318.812387,0,652
331681.057005,384144.795641,0,120
331683.783713,384084.412966,0,730
331525.859238,384280.944114,0,440
331677.445555,384091.967725,0,565
331523.607665,384155.819851,0,730
331462.78206,383997.866804,0,730
331588.269001,384191.327286,0,451
331510.357829,384072.328625,0,730
331564.434218,384157.208699,0,232
331513.78942,383999.93984,0,730
331647.4781,384065.909319,0,618
331643.149262,384064.556564,0,730
331473.926912,383984.066575,0,730
331457.730758,384006.265864,0,493
331718.353721,384110.296807,0,730
331475.567827,383986.381383,0,730
331456.085028,384134.405679,0,415
331633.875103,384158.636256,0,373
331622.177502,384183.028979,0,730
331605.869315,384060.701012,0,730
331542.534663,384165.650883,0,730
331501.209222,384147.850146,0,730
331610.588724,384232.419402,0,555
331526.801153,383951.344151,0,730
331540.06994,384243.179723,0,730
331554.591497,383995.17369,0,730
331513.625548,384137.95058,0,606
331530.166819,384194.376632,0,730
331633.451696,384248.808977,0,730
331509.277277,384282.023966,0,730
331577.463375,384001.623981,0,329
331753.683314,384142.627923,0,633
331656.799741,384206.02397,0,641
331458.944964,384014.674482,0,730
331618.07316,384284.527497,0,358
331494.599364,384101.440933,0,730
331539.392031,383962.619236,0,730
331555.243014,384187.287004,0,28
331519.300543,384254.067308,0,730
331536.202156,384252.555193,0,730
331546.331389,384018.94196,0,300
331570.924041,383996.95774,0,39
331649.707255,384185.237014,0,730
331560.596914,384004.649327,0,687
331584.90142,384042.543384,0,730
331564.461604,384125.039118,0,730
331550.650842,384138.841707,0,730
331444.102794,383997.542687,0,730
331461.453423,384011.76648,0,665
331583.322358,384125.084846,0,730
331711.216265,384179.52184,0,730
331506.825198,384271.081584,0,131
331585.036427,384023.329805,0,730
331421.268844,384000.775585,0,590
331509.894542,384083.996497,0,730
331659.733452,384127.934059,0,671
331587.257577,384186.175979,0,730
331730.089857,384111.626315,0,730
331569.294345,384262.458548,0,560
331633.40829,384248.047109,0,730
331557.539426,383988.752273,0,198
331493.406696,384056.355653,0,96
331407.730427,384019.408276,0,11
331671.215356,384167.100469,0,730
331530.880526,384126.614793,0,730
331467.293262,384041.810307,0,730
331397.44336,384049.342329,0,730
331568.907377,384223.401663,0,730
331538.629531,384196.509454,0,730
331637.300591,384071.895637,0,730
331613.132439,384276.437814,0,730
331389.572347,384048.43963,0,215
331593.764911,384211.953998,0,730
331468.656774,384087.550832,0,336
331456.097436,384021.257682,0,109
331570.488293,384085.747633,0,730
331552.644939,384176.191726,0,723
331528.913387,384010.60039,0,730
331567.658015,383982.678151,0,730
331529.426613,383969.788849,0,730
331558.060122,384196.047339,0,730
331512.154841,383961.692861,0,164
331476.510658,384124.135897,0,730
331638.061953,384210.805863,0,443
331598.090749,384022.775999,0,730
331730.029477,384110.714726,0,424
331515.308284,384131.210364,0,730
331517.859058,384248.1672,0,239
331641.311516,384182.657761,0,730
331478.231727,384141.874774,0,547
331475.071475,384139.857757,0,253
331523.351722,384173.177075,0,730
331529.108715,384237.038461,0,459
331487.091075,384120.956081,0,730
331530.895146,383987.311771,0,151
331483.066574,384104.705154,0,689
331540.440801,384194.271478,0,128
331739.360009,384155.657495,0,730
331562.364987,384216.905361,0,730
331571.994758,384032.147518,0,137
331671.058168,384082.281325,0,118
331638.51005,384045.843819,0,217
331577.798933,384031.658113,0,564
331517.940482,384043.410353,0,730
331742.895021,384131.713273,0,239
331464.208081,384007.899012,0,452
331451.842682,383996.64104,0,710
331444.448262,384045.274439,0,620
331508.908237,383982.60182,0,730
331679.195838,384102.062327,0,730
331475.02653,384149.309082,0,730
331491.911559,384125.547822,0,609
331526.88353,383960.369622,0,149
331584.86121,384008.744009,0,730
331568.481293,384232.536698,0,270
331666.360561,384210.320885,0,730
331601.902974,384282.938317,0,730
331624.819266,384248.246587,0,730
331570.794092,384182.388319,0,730
331652.315056,384223.993804,0,566
331531.881004,384286.036346,0,730
331515.264012,384077.753081,0,329
331490.640813,384040.821274,0,730
331522.47595,384066.268291,0,591
331610.597226,384130.720048,0,730
331695.96654,384201.90343,0,730
331508.673329,384142.868808,0,730
331482.784947,384084.572839,0,730
331667.090792,384226.255198,0,730
331597.755239,384066.642469,0,730
331683.675085,384109.839853,0,730
331595.606598,384106.808767,0,626
331586.378929,384040.002939,0,730
331481.709094,384077.282136,0,306
331560.297138,384013.598393,0,374
331578.793869,384066.737421,0,730
331486.762742,383949.094811,0,730
331679.951474,384149.009547,0,730
331549.029544,384181.197705,0,730
331582.962118,384209.818955,0,730
331537.744165,384295.362688,0,74
331542.412599,384081.44749,0,730
331636.383294,384072.568433,0,500
331521.098086,384277.107344,0,730
331546.816923,384248.784591,0,392
331544.395319,384151.544072,0,434
331514.436968,383986.602506,0,730
331575.867896,384030.60279,0,730
331510.137999,384133.942502,0,730
331456.278152,384035.6654,0,44
331569.044894,384002.497451,0,730
331735.709892,384161.900479,0,730
331707.946668,384173.996951,0,730
331503.00518,384038.75967,0,189
331536.033278,384030.142799,0,730
331624.864822,384032.988692,0,730
331530.91773,384000.140446,0,725
331548.092786,384167.474023,0,730
331601.75983,384152.883732,0,274
331741.95198,384127.224583,0,624
331590.140963,384233.090005,0,730
331626.274482,384285.250435,0,730
331560.939381,384326.214296,0,410
331586.519229,384125.463466,0,730
331494.206266,384157.169031,0,730
331665.119712,384088.056934,0,730
331416.289181,384059.180558,0,730
331613.461431,384064.104609,0,730
331547.368798,384199.181787,0,482
331560.300257,384037.208651,0,730
331496.333317,384066.425655,0,730
331543.363747,384176.790913,0,173
331667.837476,384240.694701,0,529
331439.504753,384073.093799,0,32
331734.393838,384118.244773,0,730
331534.389433,384079.95414,0,534
331467.360775,384063.259255,0,730
331573.680891,384251.783489,0,280
331536.271953,384265.452568,0,439
331458.449366,384099.982359,0,473
331475.455801,384063.138416,0,730
331579.901511,384087.464515,0,346
331543.618776,384141.096108,0,148
331548.690854,384206.850564,0,511
331576.396243,384229.515505,0,730
331613.065264,384178.458445,0,337
331700.471243,384181.009513,0,730
331434.333467,384054.613281,0,730
331645.601487,384077.823988,0,730
331589.797135,384002.85449,0,730
331592.86045,384241.673828,0,194
331511.936135,384044.964943,0,730
331716.269723,384111.452848,0,359
331538.202344,384019.227394,0,730
331542.082759,384240.699383,0,730
331735.576907,384157.375184,0,730
331533.003161,384048.717908,0,730
331562.081713,383991.819211,0,97
331590.29497,384262.416866,0,506
331577.834382,384081.911835,0,250
331452.12993,384002.100233,0,730
331618.28273,384061.523874,0,730
331709.446925,384185.187841,0,730
331408.820858,384050.971503,0,88
331527.246533,384245.541606,0,567
331461.143369,384084.551389,0,706
331474.219691,384061.232496,0,146
331490.890905,383966.378044,0,730
331571.767712,384207.470788,0,199
331662.728862,384160.91223,0,364
331678.492569,384186.459512,0,464
331564.029383,384127.604505,0,730
331540.246757,384295.333333,0,368
331544.85948,384276.135009,0,49
331422.452629,384012.167758,0,700
331492.029914,383997.742392,0,730
331619.030202,384081.609853,0,284
331582.149797,384190.827693,0,730
331551.994785,384028.907267,0,730
331533.800368,383994.996312,0,730
331600.685602,384145.698465,0,730
331528.016762,384202.347794,0,730
331665.212175,384134.231917,0,552
331622.062499,384086.648045,0,730
331639.210841,384251.965417,0,450
331552.136203,384203.677973,0,730
331519.479793,384108.697678,0,730
331591.359565,384249.871918,0,438
331488.432857,383940.418079,0,730
331606.276521,384241.047675,0,730
331428.25467,384044.323255,0,193
331569.315774,384215.631992,0,286
331590.822512,384086.109285,0,730
331410.51283,384056.076414,0,300
331465.838016,384041.945995,0,627
331618.400656,384287.564743,0,289
331559.54706,384062.908878,0,730
331523.865013,384166.761724,0,730
331524.34168,384118.333686,0,730
331498.775733,384041.720187,0,126
331655.851542,384102.074277,0,730
331581.366525,384331.295942,0,224
331610.231639,384243.211279,0,730
331664.822925,384223.003405,0,323
331580.323399,384172.472907,0,266
331590.743233,384202.015284,0,730
331638.442248,384095.792018,0,372
331495.76706,384016.063674,0,186
331618.600912,384050.29973,0,730
331585.293947,384265.590816,0,730
331525.357433,384027.037103,0,730
331680.698685,384162.870291,0,730
331559.928067,384049.984256,0,730
331732.823478,384140.822138,0,283
331631.563987,384039.308441,0,583
331608.809573,384195.769983,0,730
331541.910911,384033.469229,0,281
331493.762933,384036.04336,0,107
331569.868591,383997.181775,0,730
331685.10436,384171.697315,0,88
331707.421355,384142.070101,0,211
331638.595451,384140.665948,0,669
331569.142177,384270.783196,0,730
331559.825411,384149.203693,0,730
331500.283943,384036.039857,0,586
331632.635694,384164.426649,0,664
331526.795889,384102.841484,0,338
331604.894893,384074.498919,0,14
331484.005956,384089.405639,0,162
331513.08447,384159.446234,0,730
331590.730009,384093.245804,0,730
331473.791721,383969.756988,0,730
331638.190131,384054.473497,0,730
331417.777285,384000.299803,0,714
331474.402303,383969.330858,0,730
331696.163885,384185.098078,0,730
331629.714446,384094.400775,0,513
331468.556549,384044.19517,0,730
331549.710639,384289.649934,0,162
331492.36962,384134.973097,0,730
331630.857759,384093.415029,0,730
331628.775174,384212.689988,0,730
331581.499287,384005.340758,0,730
331496.050159,384011.8686,0,730
331477.667679,384124.442,0,730
331595.791912,384170.725319,0,730
331483.719731,383986.534268,0,730
331478.306917,384161.512749,0,730
331547.97428,384046.366207,0,730
331640.703108,384104.177221,0,307
331666.965465,384067.446835,0,730
331642.440798,384091.584636,0,420
331566.374512,384065.478006,0,730
331535.313189,384057.245723,0,730
331681.01743,384181.290149,0,730
331485.985397,384029.921418,0,636
331511.003469,384191.473885,0,256
331457.038536,384056.536337,0,730
331518.904393,383964.912336,0,578
331709.185377,384094.450832,0,207
331731.389126,384127.786826,0,459
331584.301264,384222.033122,0,730
331468.660537,383965.381982,0,183
331692.191993,384169.563077,0,475
331662.356597,384087.352755,0,526
331563.698184,384161.431622,0,29
331608.023047,384296.555359,0,479
331553.419437,383980.596642,0,601
331428.055237,384060.937278,0,424
331729.115475,384111.824628,0,730
331578.998828,384325.949406,0,563
331521.112478,384066.176168,0,219
331497.834199,384116.497166,0,730
331594.245142,384035.741667,0,730
331659.370433,384203.700358,0,730
331521.181048,384185.129281,0,730
331535.837739,384204.293602,0,254
331551.067384,384153.716287,0,222
331551.702187,384222.226857,0,730
331518.863172,383959.154556,0,730
331645.576316,384093.889906,0,730
331429.012141,384003.872663,0,730
331508.165912,384175.904193,0,577
331411.901378,384024.103624,0,730
331612.202919,384274.786254,0,728
331577.08612,384134.944136,0,699
331417.498964,384058.653975,0,730
331542.185907,384282.452654,0,13
331597.932248,384284.013389,0,691
331456.748157,384101.730293,0,673
331483.370681,383999.984043,0,688
331524.604147,384184.839994,0,360
331581.365955,383999.371838,0,277
331584.883638,384004.924198,0,730
331684.327174,384194.944768,0,167
331504.175595,384070.196795,0,730
331494.871426,384014.44766,0,375
331517.091334,384125.989112,0,639
331517.040936,384127.811477,0,648
331624.65147,384259.056783,0,730
331672.467058,384083.337649,0,169
331641.352395,384217.942866,0,191
331533.267706,384279.52554,0,455
331648.431422,384151.925272,0,730
331525.800342,384274.769178,0,362
331535.945633,384016.6306,0,173
331592.809262,384040.220557,0,59
331612.642585,384154.985517,0,637
331524.478599,384182.628114,0,168
331628.323775,384131.729204,0,528
331571.090877,383996.696969,0,730
331581.002072,384067.116676,0,564
331511.800349,384055.731861,0,636
331553.616986,384274.061376,0,582
331505.682917,384051.960168,0,575
331666.8471,384142.381314,0,377
331615.297292,384274.563806,0,489
331522.194142,384173.85083,0,730
331710.330481,384164.66018,0,111
331485.861772,384146.349404,0,446
331545.823965,384080.546526,0,331
331649.182918,384181.398915,0,192
331520.891962,383963.170274,0,115
331480.814923,383998.333307,0,448
331638.844683,384243.716768,0,730
331579.290489,384102.204588,0,730
331538.749472,384291.01693,0,240
331534.957807,384117.126886,0,730
331380.69202,384039.832105,0,67
331643.71628,384257.816874,0,712
331568.470104,384337.365559,0,730
331527.632709,384195.128081,0,730
331586.275628,384123.187685,0,47
331590.278163,384102.261924,0,730
331532.214552,384000.244421,0,730
331496.776899,384086.113809,0,730
331544.986309,384086.608121,0,730
331586.127188,384279.146271,0,730
331495.187508,383936.414092,0,730
331664.546086,384109.593318,0,730
331610.059382,384160.070056,0,730
331574.506656,384123.342098,0,153
331481.833838,384107.959277,0,201
331535.98526,384267.212722,0,730
331578.843077,384257.1016,0,436
331497.608823,384178.709231,0,730
331402.968861,384019.676217,0,383
331634.069496,384254.03428,0,177
331577.880452,384259.401769,0,701
331502.096218,384057.328636,0,730
331524.504213,384252.897562,0,559
331582.251632,383999.639857,0,212
331480.260337,384126.06886,0,644
331574.059584,384301.80962,0,730
331462.166727,384146.539256,0,550
331530.105776,384128.301083,0,730
331657.732184,384168.897376,0,730
331608.66378,384257.697315,0,533
331434.758909,384063.680593,0,730
331603.648811,384204.741466,0,507
331504.796643,384042.594025,0,730
331582.90758,384262.35471,0,715
331572.847372,384275.375787,0,730
331539.485252,384045.023496,0,655
331550.263201,384048.043543,0,43
331634.866396,384224.232816,0,650
331624.102901,384121.607594,0,730
331567.325772,384035.546129,0,628
331615.201137,384153.58281,0,646
331552.838279,384169.993611,0,431
331574.552597,384178.641188,0,730
331643.116099,384088.345487,0,407
331578.872342,384239.983705,0,605
331731.905325,384141.603107,0,730
331452.877838,384064.471382,0,730
331620.221059,384162.165517,0,355
331653.872873,384193.576803,0,730
331577.082108,384144.043588,0,389
331580.485332,384094.576926,0,730
331610.968206,384202.688854,0,420
331554.180611,384202.448169,0,241
331564.087083,384088.282447,0,730
331627.10996,384111.343751,0,691
331541.279244,384238.568764,0,730
331421.733747,384022.103044,0,378
331697.246417,384178.851206,0,730
331553.971498,384076.96724,0,730
331482.470617,383944.09999,0,730
331598.065392,384024.727651,0,730
331511.247854,384133.607755,0,730
331608.845751,384229.117491,0,703
331607.283162,384134.67219,0,730
331639.974432,384055.10842,0,707
331633.429482,384204.989086,0,730
331474.596471,384126.857984,0,527
331525.125591,383966.446537,0,730
331517.586574,384016.656648,0,325
331659.730247,384086.352664,0,730
331626.888481,384225.92983,0,730
331628.737832,384033.59051,0,730
331688.389014,384143.779403,0,428
331536.703641,384084.847019,0,538
331605.718327,384138.042918,0,718
331655.31325,384156.920906,0,466
331410.544542,384052.644022,0,730
331705.095193,384159.06863,0,730
331583.854768,384019.654617,0,518
331666.142575,384111.142011,0,667
331609.633456,384058.882408,0,730
331641.313799,384106.462994,0,722
331664.882473,384058.26735,0,730
331665.390573,384101.418094,0,605
331518.484213,384155.638111,0,196
331555.238425,384014.153858,0,730
331441.451139,384043.718211,0,729
331620.360564,384105.690434,0,730
331552.566711,383998.704979,0,536
331546.515172,384024.228313,0,730
331634.155211,384132.309916,0,730
331633.137032,384158.484411,0,730
331590.747747,384033.805086,0,730
331656.044638,384114.055915,0,263
331636.461984,384228.855783,0,730
331639.555031,384057.517632,0,730
331445.876221,384085.195484,0,730
331707.297876,384123.967988,0,622
331516.977971,384095.377804,0,145
331539.663793,384124.509765,0,63
331420.904017,384067.080243,0,637
331588.183659,384102.102731,0,588
331593.030814,384006.267318,0,730
331455.487005,384003.718407,0,730
331480.536874,384140.065796,0,730
331621.96773,384141.250634,0,142
331655.169879,384155.367296,0,510
331684.929532,384072.171618,0,621
331534.64804,384286.609853,0,730
331525.478551,384012.977093,0,598
331544.623964,384117.07967,0,730
331568.614289,384017.76732,0,730
331426.80967,384074.966443,0,54
331584.456312,384103.169743,0,730
331536.755694,384203.568988,0,730
331494.440869,383950.678174,0,730
331592.604824,384238.713765,0,727
331493.648103,383990.610146,0,730
331593.443432,384314.065639,0,598
331496.64365,384120.94204,0,267
331495.084653,384175.662166,0,730
331640.112169,384193.584668,0,119
331507.116103,383986.510814,0,643
331592.740793,384201.652676,0,730
331557.232326,384097.64849,0,730
331588.811095,384100.785785,0,730
331651.938762,384135.745801,0,403
331519.168361,383954.456364,0,487
331660.488197,384238.818541,0,233
331505.985862,384138.855269,0,71
331508.930733,383958.840926,0,730
331511.453291,384098.68034,0,730
331493.009231,384104.095348,0,584
331664.768799,384244.851012,0,730
331564.603244,384040.264564,0,616
331579.17493,384019.375274,0,730
331486.791282,383960.866789,0,525
331582.086545,384312.391419,0,411
331559.908779,384221.54705,0,730
331609.734599,384093.320209,0,730
331566.793252,384267.644997,0,730
331539.870629,383971.575678,0,629
331583.798527,384270.582301,0,41
331452.246334,384143.242794,0,653
331600.781856,384121.938356,0,705
331607.085828,384097.811443,0,730
331594.908296,384244.710762,0,464
331626.734275,384143.131791,0,155
331510.795931,384178.878882,0,477
331490.090596,383937.300292,0,519
331671.844358,384115.871719,0,730
331641.731621,384158.016076,0,414
331554.085433,384119.019791,0,230
331591.089695,384245.468363,0,730
331625.352193,384159.790581,0,451
331638.357424,384050.809391,0,730
331689.354354,384085.022848,0,597
331574.21506,384253.783728,0,727
331508.762987,384172.754483,0,730
331586.603393,384175.063479,0,716
331675.362476,384163.758817,0,262
331711.44721,384113.944213,0,730
331645.699319,384253.928239,0,639
331452.25071,384092.69256,0,246
331578.413117,384168.553112,0,730
331529.144343,384081.853379,0,663
331542.493965,384247.877459,0,483
331568.719362,384328.693815,0,396
331458.237352,384035.861176,0,474
331495.366119,384079.316269,0,730
331551.734425,384326.637373,0,597
331508.046434,383962.547211,0,273
331647.921379,384074.02602,0,66
331466.943067,384089.146325,0,82
331591.886649,384259.70909,0,30
331594.897265,384136.089793,0,730
331685.245793,384093.539268,0,666
331536.628959,384130.140001,0,160
331531.661474,384259.985635,0,62
331586.201834,384183.9889,0,730
