332881.050968,379206.602115,0,437
332914.300016,379229.289878,0,730
332976.79917,379400.057882,0,507
332853.085967,379252.663618,0,119
332725.793781,379092.168694,0,170
332764.952272,379127.643444,0,305
332953.045719,379234.413558,0,730
332665.837543,379042.700673,0,730
332915.342406,379343.608386,0,730
332846.354734,379170.55065,0,730
332910.156976,379349.637,0,730
332929.698402,379428.264154,0,730
332828.373432,379192.221023,0,151
332835.693662,379095.796179,0,713
332991.877338,379397.081758,0,148
332717.576713,379000.663978,0,730
332815.087384,379145.452389,0,508
332934.824955,379378.915445,0,94
333067.590779,379364.544024,0,243
332776.364131,379188.063311,0,730
332711.323052,379027.130229,0,673
332815.365354,379087.678466,0,138
332986.795232,379254.479864,0,158
332910.296576,379270.705126,0,730
332883.437838,379230.900904,0,447
332779.482403,379060.303663,0,152
332791.97039,379170.337553,0,668
332843.498865,379184.642238,0,495
332801.447017,379165.567005,0,730
333009.538457,379362.237461,0,730
332686.056959,378980.126548,0,730
332913.835154,379216.518276,0,531
332756.22608,379154.99737,0,526
332770.558095,379192.387953,0,50
332659.867271,379061.138211,0,730
332614.488433,379013.496553,0,232
332993.578244,379346.706414,0,730
332913.04677,379277.974144,0,730
332893.438776,379337.215291,0,110
332882.516701,379197.728816,0,730
332765.773617,379105.931229,0,597
333046.922967,379325.880353,0,730
332689.08563,379064.164756,0,487
332889.599885,379192.597469,0,730
332982.425923,379244.483043,0,249
332956.321083,379276.93117,0,659
332665.069262,379060.729943,0,730
332897.312026,379178.060648,0,199
332829.493571,379089.928503,0,439
332916.56888,379392.131688,0,435
332665.785778,379030.652126,0,398
332841.494035,379190.916689,0,730
332847.82749,379269.518695,0,612
332993.847381,379286.915116,0,730
332931.976063,379401.452517,0,5
332765.51506,379131.834751,0,730
332990.02614,379365.254695,0,653
333002.861118,379296.145197,0,717
332804.934237,379133.794492,0,730
332723.219315,378995.294433,0,366
332662.519578,379058.445559,0,647
332962.686477,379239.88488,0,279
332789.232195,379082.890055,0,327
332866.526232,379220.715246,0,510
332964.280141,379259.434648,0,643
332813.288085,379224.13182,0,730
332721.698584,378993.027722,0,730
332797.659184,379222.842451,0,682
332846.271305,379155.72746,0,613
332935.542656,379406.008052,0,730
333028.808178,379376.164104,0,730
332875.223751,379288.005078,0,730
332698.338275,379006.502106,0,730
332976.167219,379329.445007,0,693
332810.751099,379142.947283,0,730
332868.961428,379185.293994,0,564
332817.961761,379147.748518,0,730
332980.665099,379374.88539,0,730
332972.355191,379230.269616,0,730
332838.005517,379251.964045,0,730
332956.837007,379381.25042,0,688
333019.384857,379391.982595,0,129
332726.185305,379060.003708,0,691
333009.80376,379295.014103,0,507
333040.425156,379341.411973,0,524
332963.71619,379417.818945,0,730
332916.564294,379363.983273,0,414
332791.914099,379207.33841,0,692
333019.746074,379326.344651,0,431
332987.625904,379249.92456,0,426
333039.078917,379312.714302,0,625
333045.722104,379350.981209,0,730
332749.654056,379090.437427,0,730
332651.788715,379005.279323,0,730
332807.241326,379122.008282,0,730
332895.921545,379295.966717,0,730
332683.293752,378963.107638,0,730
332909.092698,379305.308085,0,646
332771.923618,379130.17216,0,356
332959.768558,379266.819824,0,619
332761.85961,379045.223378,0,730
332963.090482,379240.071103,0,365
332796.40279,379190.041228,0,323
332769.820482,379129.454374,0,730
332877.219247,379158.722565,0,730
332811.100043,379210.30552,0,730
332626.381848,379020.126241,0,730
332624.911674,379031.867843,0,624
332716.012365,379039.029754,0,23
332948.695293,379301.858679,0,730
332955.274033,379248.100023,0,553
332758.759445,379163.251645,0,730
332653.829429,378985.949705,0,530
332726.322424,379007.537315,0,193
332839.39533,379256.401356,0,433
332978.936331,379314.20061,0,69
332974.298568,379262.534806,0,411
332725.071689,379131.890645,0,730
332928.321865,379368.763884,0,79
332709.403859,379058.49007,0,56
332824.90808,379148.727989,0,374
332977.903777,379286.534618,0,730
332836.553205,379255.091168,0,730
333056.607913,379332.531317,0,730
332854.324194,379243.649886,0,600
332893.095613,379309.358311,0,730
332960.650984,379332.494174,0,211
332901.709619,379207.427291,0,730
332636.342831,379014.019957,0,607
333001.941794,379378.593067,0,730
332897.776273,379200.335905,0,577
333023.007458,379278.720199,0,153
332925.966701,379323.236386,0,517
332806.429433,379144.355386,0,730
333025.883965,379358.180308,0,421
332857.033659,379279.679716,0,623
332932.29574,379268.075228,0,730
332815.404651,379168.271394,0,730
332958.976902,379411.938246,0,730
332716.182259,379047.395353,0,730
332976.484912,379393.940276,0,730
332938.8635,379422.913549,0,295
332803.879737,379167.63755,0,457
332670.243691,379019.767176,0,730
332919.34627,379374.145546,0,730
333077.259552,379326.193168,0,730
332806.695261,379112.942587,0,185
332710.944349,379072.766751,0,215
332851.967772,379242.381523,0,730
332765.828905,379045.273875,0,687
332733.974268,379086.36617,0,730
332665.329354,378974.714723,0,225
333019.288817,379306.475424,0,516
332849.281617,379112.170547,0,217
332777.345126,379185.065887,0,730
332990.168132,379280.695694,0,536
332809.085706,379087.765969,0,448
332910.431006,379240.85813,0,396
332689.778206,379101.865437,0,730
332962.451999,379229.946366,0,606
332806.530889,379064.968509,0,690
332784.409374,379077.970686,0,730
332925.892683,379277.944205,0,562
332988.025123,379254.248054,0,283
332949.900545,379335.946857,0,730
332927.089638,379401.984317,0,124
332914.095775,379297.521391,0,679
332912.678055,379189.331733,0,730
332673.495653,379067.946065,0,730
332867.825935,379296.949143,0,730
332853.743547,379245.913452,0,487
332882.04361,379333.883653,0,593
332932.705978,379282.406457,0,730
332792.923435,379166.938272,0,730
332761.452245,379151.28876,0,328
332962.811915,379407.275931,0,701
332988.81958,379320.622325,0,638
332953.340338,379312.048427,0,367
332712.674832,378990.201165,0,554
332850.499086,379136.936038,0,730
332823.743319,379120.762927,0,730
332794.181692,379060.163644,0,187
332955.297726,379399.998837,0,107
332887.232853,379235.467884,0,369
332796.806792,379102.673085,0,337
332747.481483,379142.971146,0,570
332874.536679,379185.417411,0,730
332712.158135,379087.703771,0,699
332746.909314,379110.988113,0,730
332957.550011,379336.315879,0,730
332978.000891,379272.496343,0,730
332815.903898,379206.863242,0,730
332744.292333,379012.104385,0,539
332839.921848,379216.578623,0,512
332952.770674,379215.861917,0,730
332946.739158,379235.425524,0,670
332791.942206,379064.481171,0,730
332763.277426,379151.413194,0,349
332811.807453,379220.57036,0,730
332843.912601,379197.062221,0,89
333078.675097,379333.655824,0,463
332735.159355,379007.884837,0,595
332712.098421,379095.836655,0,730
332906.955344,379172.425875,0,730
333031.52535,379378.508704,0,730
333017.0881,379320.9163,0,652
332771.337208,379074.885815,0,518
333018.604778,379391.67804,0,730
332962.117403,379349.876862,0,441
332943.121874,379258.4563,0,394
332722.325027,379034.693818,0,504
332655.488031,378988.863658,0,730
332680.106683,379092.988214,0,325
332819.568601,379220.008934,0,725
332817.165578,379216.355407,0,675
332808.461086,379201.69995,0,257
332733.643865,379008.176771,0,730
332692.882356,378962.564262,0,29
332659.392288,379040.025771,0,223
332957.607144,379297.709392,0,730
332904.404515,379262.294851,0,220
332938.844848,379189.291434,0,730
332739.860196,379060.671816,0,730
332926.859066,379264.118008,0,730
332892.47284,379226.389399,0,730
332678.368911,378985.645046,0,730
332964.757242,379397.848289,0,730
332846.507805,379205.394319,0,730
332858.131331,379250.00049,0,730
332955.525765,379319.137262,0,640
332917.684493,379273.06996,0,621
333081.585483,379350.052463,0,730
332748.079248,379086.332002,0,558
333053.216455,379300.837028,0,246
332921.972029,379177.822534,0,636
332865.72065,379210.441556,0,540
332892.955899,379153.277262,0,727
332922.989236,379293.233842,0,291
332955.898676,379252.800256,0,730
333042.290764,379364.72538,0,730
332859.517824,379293.019726,0,300
332955.438019,379385.340132,0,730
332987.730183,379328.83119,0,629
332694.854385,379030.610055,0,730
332713.722843,379093.926395,0,730
332948.092899,379214.114888,0,276
332921.327454,379356.592063,0,66
332978.190544,379326.790537,0,596
332806.110194,379082.462343,0,730
332643.073152,379026.578905,0,730
332850.734267,379267.881572,0,730
332946.574884,379354.599418,0,730
332761.575204,379122.268067,0,253
332814.264781,379200.524199,0,364
332961.829311,379276.436432,0,705
332967.200428,379373.916364,0,620
332924.225534,379231.174432,0,730
332931.997207,379214.965499,0,37
332968.540763,379242.456007,0,730
332831.765882,379179.97466,0,615
332777.309826,379136.369308,0,730
332899.18288,379345.873293,0,730
332806.285115,379119.59558,0,730
332980.164343,379396.800328,0,648
332825.027249,379234.744527,0,396
332918.633372,379364.382468,0,730
332937.401094,379266.333854,0,549
332690.107687,379035.891336,0,626
332921.253497,379206.56355,0,730
332931.415439,379195.152001,0,730
332919.773761,379314.858707,0,730
333072.04248,379348.475938,0,730
332717.010847,379075.231774,0,335
332682.817935,379080.513571,0,730
332791.778423,379161.889384,0,730
332653.247203,379019.054584,0,340
332935.624045,379218.585797,0,730
332905.408334,379246.624138,0,442
332708.286854,379077.283036,0,218
332940.692867,379429.118458,0,322
332764.153284,379189.287107,0,230
332987.262454,379376.317129,0,621
333064.279315,379329.865634,0,730
332652.670202,378982.992044,0,48
332768.626499,379135.029258,0,730
333040.069125,379315.442903,0,476
332945.667032,379319.370103,0,730
332961.769387,379323.729078,0,730
332940.202339,379402.030687,0,326
332709.436754,379028.236684,0,361
332724.319918,379038.364247,0,526
332999.568043,379263.819056,0,730
332688.082267,379006.401786,0,730
332754.147833,379095.322951,0,217
332963.9041,379411.15334,0,475
332742.639726,379145.112564,0,730
332722.545899,379043.701419,0,730
332755.087885,379141.690218,0,653
333044.534601,379309.50046,0,730
332701.780603,379005.497667,0,261
332980.034845,379392.13603,0,660
332731.619899,379034.60702,0,730
332928.205418,379286.177483,0,522
332824.505308,379178.64892,0,730
332866.189268,379306.786203,0,356
332807.520699,379066.837052,0,730
332901.082757,379333.669507,0,31
332996.447737,379333.047934,0,35
332852.522389,379224.664397,0,350
332997.410216,379325.642346,0,730
333028.027264,379285.136233,0,730
332669.370539,379009.751605,0,730
332677.138934,379072.823928,0,706
332728.131119,379099.59382,0,730
332782.149609,379191.464052,0,679
332790.950126,379088.845735,0,730
332688.726403,379049.509105,0,289
332760.227384,379086.439844,0,488
332841.311926,379192.939306,0,342
333027.654946,379302.839029,0,730
332932.004705,379285.643281,0,730
332888.701848,379300.70434,0,680
332788.932333,379210.590589,0,206
332954.839392,379325.117545,0,730
332773.64979,379037.740229,0,730
332685.501652,379012.984079,0,399
333013.836866,379360.106081,0,317
332709.09606,378975.929772,0,470
332931.878871,379252.376689,0,632
332801.836645,379205.653823,0,418
332840.498789,379264.403054,0,354
332884.628967,379286.565387,0,730
332833.437272,379111.009108,0,730
332765.117512,379132.073979,0,730
332706.043623,378981.405645,0,472
332705.432236,379088.427886,0,730
332652.948866,378981.664939,0,730
332973.378432,379331.986621,0,255
332973.317162,379225.416218,0,730
332859.545826,379116.26075,0,730
332914.076399,379277.7776,0,301
332812.466421,379229.527733,0,730
332904.231452,379250.030134,0,377
332850.014072,379178.939968,0,730
332919.657488,379357.506905,0,211
332975.753805,379406.234343,0,134
332752.273886,379157.386242,0,667
332865.818437,379227.342151,0,530
332770.273576,379088.213405,0,730
332793.0301,379095.196271,0,384
332803.289887,379168.717043,0,605
332789.712604,379204.715694,0,402
332882.590024,379304.787367,0,92
332964.429669,379327.033104,0,730
332860.881045,379119.859955,0,310
332731.675977,379077.675092,0,512
332691.970729,379052.100305,0,491
332878.710697,379332.955645,0,601
333048.83535,379319.890093,0,730
332927.113749,379227.723344,0,730
332852.664543,379247.867626,0,730
332805.318937,379112.549095,0,381
332841.444065,379264.255675,0,730
332944.627193,379342.959528,0,730
332934.679251,379268.954734,0,485
332977.818392,379384.563225,0,559
332724.494243,379068.951399,0,598
332835.891137,379192.656253,0,730
332991.381686,379339.897806,0,702
332678.018322,379040.755967,0,730
332614.630789,379020.212942,0,730
332903.479673,379241.747503,0,579
332965.304335,379334.973548,0,730
332939.801025,379191.766676,0,730
332946.820672,379267.372897,0,730
332856.861874,379155.427314,0,603
332795.978158,379195.912694,0,730
333040.233234,379296.289739,0,730
332820.723261,379241.454862,0,77
332764.385237,379048.249713,0,242
332741.792569,379108.4258,0,414
333051.880513,379339.189576,0,730
332903.218468,379338.990325,0,730
332787.687559,379118.269811,0,730
332712.570624,379127.120766,0,167
332806.502144,379131.573508,0,511
332740.257096,379076.483221,0,595
332941.638143,379304.859554,0,658
332702.721747,378995.729552,0,730
332883.963109,379322.464316,0,730
332934.41488,379244.627893,0,557
332710.161511,379019.994018,0,218
332853.448202,379208.109536,0,730
332930.452783,379379.897797,0,730
333038.802436,379378.798999,0,323
332730.867536,379015.467808,0,534
332965.488171,379358.196585,0,332
332937.400767,379347.43463,0,194
333015.239907,379367.063539,0,222
332736.497835,379080.511459,0,221
332969.770662,379322.300926,0,730
332977.752123,379346.27861,0,730
332684.734835,379004.545275,0,730
332752.94384,379145.663246,0,464
332740.371923,379133.729197,0,710
332914.220749,379236.112257,0,730
332942.349587,379237.883629,0,524
332742.862222,379058.289536,0,715
332724.612587,379081.267688,0,674
332980.588348,379331.377416,0,634
332738.459635,379103.786318,0,730
332947.94534,379379.791458,0,248
332756.781753,379144.134973,0,689
332879.530564,379168.904752,0,730
332820.381324,379234.655682,0,302
332718.920373,379135.131231,0,576
332778.271922,379158.960786,0,704
332814.310324,379108.802723,0,667
332876.938101,379158.811534,0,687
332969.126769,379343.889231,0,730
332766.042995,379169.280684,0,540
332917.203505,379340.842924,0,730
333008.498109,379325.83148,0,631
332656.176344,378999.211124,0,466
332772.830136,379176.123189,0,730
332854.92483,379207.301041,0,492
332989.050749,379342.116145,0,693
332927.010716,379316.915153,0,237
333043.867214,379296.661596,0,486
332866.236354,379268.826545,0,624
332859.765153,379256.390708,0,730
332942.106805,379198.956199,0,306
332904.670652,379188.344549,0,730
332772.134628,379084.841381,0,730
332760.46583,379056.992358,0,730
332909.837076,379325.0949,0,674
332744.753171,379154.692301,0,673
332769.535023,379056.589092,0,712
332845.976856,379102.36133,0,227
332842.812321,379247.112759,0,720
333021.767006,379274.564202,0,28
332753.834882,379022.957512,0,224
332644.994606,379017.533161,0,730
332723.335258,379088.341473,0,643
332650.080978,379047.207853,0,592
332952.523377,379238.658383,0,538
332959.852581,379323.985102,0,730
332827.707274,379092.075327,0,730
333014.060376,379317.980891,0,305
332765.838251,379182.039509,0,244
332779.632772,379137.194488,0,513
332956.829965,379233.409435,0,458
332988.296478,379328.612167,0,352
332804.586998,379096.823927,0,730
332748.822061,379120.012071,0,471
332933.051151,379196.767127,0,730
332743.693545,379165.042517,0,730
332631.645354,379028.158998,0,730
332732.883269,379005.002668,0,722
333039.300644,379288.683617,0,400
333033.886615,379282.056311,0,383
332805.719781,379151.462976,0,730
332665.973187,379019.832269,0,730
332907.633037,379383.936222,0,730
332709.006269,379028.704137,0,676
332831.127942,379254.333083,0,164
332904.697049,379375.58362,0,204
332914.198614,379176.539437,0,730
332666.316396,378983.774265,0,730
332956.990484,379355.70968,0,730
332950.792933,379327.947101,0,730
332834.780001,379134.451719,0,341
332821.927528,379185.739782,0,730
332756.046878,379104.176914,0,730
332699.468827,379100.516025,0,730
333007.275493,379396.866065,0,649
332996.080237,379362.953073,0,19
332693.785706,379082.449884,0,320
332860.555586,379165.891707,0,730
332818.16346,379087.480111,0,258
332911.760633,379261.415521,0,730
332943.996656,379354.059563,0,464
332925.865491,379199.61965,0,665
332967.613721,379342.398714,0,177
332895.56093,379275.439885,0,142
332872.782329,379150.087676,0,730
332953.225919,379424.724972,0,730
332888.897043,379214.881302,0,730
332947.853319,379359.86096,0,717
332846.946821,379222.374246,0,730
332886.898248,379173.685048,0,168
332928.25028,379290.15944,0,657
332859.350589,379210.441211,0,419
332800.613574,379141.651875,0,716
332884.826546,379294.725338,0,730
332763.373611,379087.009105,0,730
332944.59359,379287.418537,0,542
332902.154166,379239.627829,0,730
332666.120394,379055.232634,0,598
332691.867427,379013.957,0,730
332935.456663,379196.638949,0,730
332956.522793,379350.617997,0,730
332823.423944,379108.568472,0,639
332997.463871,379317.833103,0,730
332836.904269,379188.969084,0,666
332744.207733,379086.521645,0,651
332809.145189,379213.808517,0,658
332991.337144,379373.811708,0,410
332833.894214,379172.563315,0,534
332764.507199,379139.647923,0,730
333003.517892,379260.346993,0,525
332880.671081,379282.542824,0,4
333001.60421,379389.308174,0,500
332743.061316,379024.431943,0,49
332676.637414,379053.447212,0,730
332795.673893,379085.271953,0,730
332675.018878,378968.562038,0,429
332697.503077,379000.732779,0,496
332797.04515,379183.837168,0,174
332887.911439,379204.368869,0,303
332749.463248,379028.373183,0,579
332915.464629,379360.517289,0,594
332700.200013,379017.432138,0,665
332964.765417,379272.822386,0,730
332969.325727,379232.27161,0,604
332838.464819,379146.596228,0,330
332650.030672,378985.317585,0,730
332853.28186,379152.353932,0,730
332774.333869,379077.806091,0,678
332974.302284,379260.777227,0,730
332763.537556,379131.681289,0,628
332797.174976,379134.455104,0,730
332777.299798,379123.16838,0,730
332699.311335,378983.856264,0,282
332688.418579,379042.455739,0,730
332858.573961,379206.448743,0,730
332881.853117,379283.248243,0,393
332919.527258,379347.760124,0,730
332900.721228,379335.416612,0,730
332971.738477,379306.32521,0,730
332666.430671,379063.993919,0,411
332616.244886,379020.2555,0,730
332858.404195,379113.40663,0,438
332685.648193,379004.821075,0,730
332965.626456,379221.155035,0,730
332738.303176,379032.830008,0,730
332827.763482,379126.064767,0,641
332852.05401,379152.06255,0,730
332707.250002,379105.268938,0,730
332935.511805,379388.578786,0,601
332932.039009,379285.898385,0,698
333092.362192,379347.28595,0,730
332657.909376,378985.685791,0,86
332858.863488,379147.119872,0,195
332784.716044,379063.692292,0,108
332833.523172,379229.188906,0,474
332689.193167,378986.437838,0,722
332789.825892,379103.754198,0,525
332900.029637,379308.477004,0,692
333024.366057,379273.892954,0,354
332873.804183,379228.242494,0,315
332892.38873,379301.771744,0,730
332842.347912,379103.109073,0,730
332774.303959,379037.923202,0,730
332951.924371,379392.542065,0,590
332829.16585,379160.066203,0,688
332983.345209,379387.069065,0,730
332873.631827,379161.827207,0,611
333017.628839,379339.92445,0,582
332731.479331,379082.135934,0,566
332701.139326,379018.917971,0,730
332885.369334,379247.857809,0,125
332991.283978,379300.312049,0,730
332840.085153,379225.544446,0,730
332785.692737,379097.904669,0,730
332656.850768,378988.829394,0,730
332908.692873,379296.966978,0,24
332662.930022,379056.106842,0,531
332892.2987,379244.076606,0,730
332899.835511,379262.565422,0,461
332697.444679,379022.032147,0,454
332796.004614,379162.529866,0,517
332857.339255,379241.687131,0,730
332987.842373,379350.803178,0,544
332936.112148,379259.7856,0,730
332782.226821,379127.583697,0,703
333012.958108,379315.165239,0,730
333021.829728,379375.914199,0,730
332625.554019,379031.405119,0,730
332751.783766,379150.786922,0,44
332778.88693,379165.516995,0,385
332912.509063,379327.702096,0,582
333022.71731,379270.420912,0,730
332919.989261,379283.426549,0,711
332879.064022,379174.031176,0,730
333057.684949,379348.012588,0,469
332929.466184,379430.6725,0,730
332866.110086,379285.422837,0,505
333068.415616,379332.406396,0,43
332971.110184,379334.183968,0,730
332729.1905,379127.826487,0,730
332665.676005,379030.085276,0,230
332617.707013,379013.543661,0,730
332654.350137,379051.595224,0,730
332947.694066,379224.185174,0,162
333033.267468,379279.21586,0,67
332700.354672,378996.777058,0,730
332950.902608,379238.461455,0,292
332885.458653,379154.055025,0,672
332713.222878,379096.462678,0,552
332989.648545,379358.392987,0,266
332893.448914,379242.33159,0,696
332731.544704,379132.806811,0,730
332879.187134,379334.626469,0,730
332799.274321,379092.640802,0,730
332788.74269,379118.658249,0,539
332785.067368,379071.636095,0,141
332928.393731,379338.884584,0,485
332871.779234,379308.910022,0,730
332626.78456,379020.612485,0,730
332736.515946,379133.897061,0,730
332991.588918,379288.132208,0,730
332862.393544,379209.484187,0,69
332693.75684,379052.041809,0,443
332815.237262,379147.004221,0,730
332842.247756,379166.904956,0,730
332786.330808,379141.483402,0,358
332901.383766,379276.830537,0,730
332646.653431,378987.974642,0,30
332969.872951,379342.502725,0,95
332740.9821,379093.937993,0,730
332917.818831,379323.954132,0,730
332856.364626,379233.488638,0,730
332735.09757,379006.414358,0,718
332924.86742,379264.829358,0,730
332653.365472,379013.464141,0,36
332747.040145,379010.407873,0,139
332643.530261,379021.81279,0,192
332949.304203,379338.744072,0,516
332731.637719,379042.155749,0,591
332707.044509,379058.402896,0,21
332708.12871,379082.120452,0,577
332811.42065,379169.518455,0,642
332765.61336,379085.132464,0,503
332850.112031,379244.877546,0,730
332889.070663,379363.68733,0,231
332824.187758,379174.372951,0,570
332814.560329,379176.580242,0,730
332953.76423,379228.758847,0,603
332659.637398,379022.750712,0,329
332933.628487,379421.758847,0,730
332780.717509,379112.587668,0,730
332805.804025,379149.533543,0,586
332945.383086,379285.170072,0,730
332985.808046,379235.60679,0,262
332864.221837,379281.963616,0,730
332721.025578,379096.293796,0,518
333025.327728,379368.07951,0,416
332769.749914,379154.470037,0,145
332796.992443,379100.127843,0,697
332857.469267,379281.771098,0,730
332659.697298,379027.053818,0,502
332754.930992,379026.680721,0,675
333031.906966,379279.17826,0,699
332868.269798,379320.397079,0,483
332694.513607,378967.580712,0,723
332715.085162,379063.727676,0,730
332887.217061,379156.174813,0,730
332796.545276,379110.052693,0,565
332944.081717,379341.407841,0,680
332700.057176,379054.392757,0,298
332868.025189,379150.215681,0,209
332925.548893,379221.552089,0,31
332681.949977,378997.871638,0,705
332693.209889,379086.855997,0,730
332771.943895,379125.418887,0,605
333050.401187,379325.627955,0,420
332858.996693,379260.00211,0,730
332840.846434,379158.845597,0,235
333048.078275,379309.870927,0,650
332811.063977,379225.381859,0,479
332634.04303,379027.061714,0,676
332783.293835,379126.821535,0,730
332662.876524,378985.115632,0,730
332715.571118,379064.178171,0,125
332715.939132,379082.931168,0,441
332906.398033,379398.491403,0,120
332973.345235,379394.594915,0,730
333073.742632,379341.45507,0,730
332810.202939,379240.827259,0,157
332956.571024,379207.151432,0,513
333011.647794,379319.745578,0,730
332966.219411,379293.677902,0,729
332687.174856,379060.568623,0,730
333035.020036,379298.203537,0,730
332836.869858,379129.305519,0,610
332800.925508,379143.603992,0,552
332899.173336,379345.653469,0,23
332904.851457,379345.86727,0,266
332969.53547,379341.628215,0,572
333014.746456,379389.511765,0,730
332931.54889,379235.314095,0,730
332878.013123,379158.610946,0,427
332979.786514,379258.655417,0,730
332647.565606,379034.203172,0,730
333009.560305,379332.93743,0,730
332860.029482,379234.32717,0,432
332765.001938,379127.928667,0,380
332797.446077,379204.504426,0,719
333040.411312,379292.123663,0,730
332732.484699,379088.203075,0,730
332765.093849,379171.646395,0,730
332798.006694,379075.613065,0,730
332789.081768,379190.278257,0,293
333044.376633,379316.613882,0,730
332930.239414,379290.299074,0,562
333019.368736,379282.039732,0,533
333004.714532,379391.468515,0,730
332975.673759,379346.86153,0,730
332715.491201,378990.352168,0,730
333032.229195,379309.800912,0,730
332962.382802,379362.761418,0,730
332718.751149,379051.270821,0,730
332828.227347,379153.057054,0,730
332869.118425,379277.342755,0,519
332824.59569,379167.795136,0,730
332702.512322,378986.370641,0,561
332668.012476,378997.733896,0,622
332913.65543,379273.518281,0,34
332877.283303,379164.50796,0,730
332945.690084,379347.670619,0,730
332904.782654,379292.51045,0,730
332762.986325,379124.223199,0,730
332859.807721,379197.102512,0,419
332995.534937,379403.753997,0,326
333007.375708,379381.776297,0,730
332903.105369,379297.633554,0,353
333025.553984,379298.241357,0,327
332798.85838,379120.246986,0,730
332646.924765,379052.406706,0,431
332821.570293,379197.905549,0,683
332981.697148,379336.802553,0,655
333053.013207,379311.296094,0,730
332905.720569,379299.270567,0,556
332707.96619,379123.467712,0,584
332857.123515,379215.181548,0,604
332889.719705,379307.413029,0,585
332849.539643,379155.737238,0,79
332925.83024,379360.983731,0,730
332695.281425,379052.545171,0,730
332829.330288,379243.980293,0,730
332827.086891,379113.664084,0,170
333006.380608,379337.103742,0,339
332876.64457,379335.281313,0,730
332865.944892,379273.396602,0,730
332975.621045,379407.136019,0,176
332957.358004,379226.700204,0,220
332988.121867,379296.217456,0,640
332931.271262,379205.207755,0,235
332671.595479,379035.53079,0,314
332713.269411,379057.63388,0,14
332858.932429,379155.641953,0,379
332979.032944,379285.654369,0,723
332957.382342,379324.415634,0,730
332955.509926,379222.374872,0,548
332760.507048,379073.542904,0,106
332786.887099,379116.191865,0,662
333034.758735,379342.454298,0,262
332959.71104,379311.979559,0,263
332938.828634,379259.595282,0,730
332850.311829,379242.406472,0,378
332749.804447,379082.556418,0,730
332772.205192,379046.320143,0,730
332963.868856,379250.289084,0,730
332891.94088,379340.308933,0,730
332868.586497,379198.268239,0,730
332997.483717,379343.354786,0,730
332938.410792,379402.349396,0,730
332929.820378,379278.490842,0,730
332869.210506,379154.382938,0,569
332960.178339,379388.437621,0,730
332902.51646,379313.598004,0,730
332833.232883,379168.085046,0,730
332803.687081,379184.240805,0,730
332901.562446,379335.060084,0,239
332875.908525,379315.707398,0,376
332642.973645,379047.244288,0,407
332986.474295,379336.414104,0,730
332728.769086,378999.955797,0,730
332747.288112,379154.535221,0,730
332824.000814,379248.47441,0,207
332858.753122,379130.388349,0,319
332715.567619,379048.286313,0,135
332881.02243,379323.994367,0,730
332696.679084,379109.952393,0,488
332755.348735,379141.555319,0,730
332964.977273,379342.063286,0,730
333070.082779,379363.473811,0,730
332912.491028,379365.606059,0,730
332691.060712,379064.861333,0,730
332947.933177,379407.695747,0,730
332760.021105,379095.623009,0,393
332856.722683,379264.511428,0,718
332928.772775,379282.761199,0,612
332927.23342,379402.373511,0,573
332859.107385,379299.64954,0,730
332668.494956,378977.388495,0,730
332996.334528,379339.022202,0,730
332889.509152,379294.130016,0,367
332921.862366,379204.06899,0,713
332888.237916,379239.038683,0,730
332737.087999,379148.659177,0,730
332961.304565,379338.0388,0,730
332940.464042,379275.288829,0,247
332716.644631,378994.912821,0,351
332750.038959,379036.01116,0,479
332774.118291,379136.900999,0,730
332761.433371,379071.778013,0,594
332963.083996,379212.116627,0,49
332849.153103,379104.36404,0,730
332957.676509,379249.814884,0,321
332909.205151,379190.66165,0,730
332849.642809,379280.572841,0,730
332825.094792,379120.239849,0,580
332854.661553,379290.747051,0,338
332666.703813,378981.180204,0,730
332811.69874,379106.969187,0,399
332909.41289,379369.359321,0,40
332865.85588,379245.858927,0,730
332775.084668,379172.354785,0,706
332656.979163,379065.663057,0,730
332901.503963,379294.924159,0,651
332700.984676,378988.033296,0,563
332764.602759,379131.396384,0,297
332926.331138,379269.971617,0,608
332941.890894,379363.181689,0,571
332804.000907,379181.505095,0,730
332865.187993,379180.413799,0,148
332926.886071,379305.891979,0,730
332691.70847,379073.182277,0,592
332716.541915,379048.29139,0,730
333022.194004,379338.801973,0,730
332820.892036,379160.917931,0,730
332671.697969,379050.872003,0,730
333008.153975,379258.589126,0,730
332888.931776,379297.645795,0,519
332644.900067,379009.796932,0,467
332912.135224,379352.974375,0,730
332759.757428,379052.951134,0,350
332694.18793,378990.943315,0,730
332755.294624,379136.696181,0,730
333068.46877,379323.550302,0,614
332945.236237,379394.536923,0,730
332942.390491,379305.841896,0,649
332949.659825,379225.745902,0,510
332895.746523,379195.170023,0,704
332956.554854,379356.79755,0,462
332754.592407,379053.760244,0,712
332669.436252,379061.221995,0,417
333034.251895,379322.960164,0,730
332932.350857,379208.346938,0,730
332812.559288,379237.492527,0,281
332826.658801,379195.113694,0,568
332737.03376,379155.060612,0,730
332773.76816,379140.084054,0,578
332903.171006,379253.683336,0,681
333047.094108,379304.420258,0,730
332947.576666,379198.071195,0,730
333047.989537,379350.377996,0,730
332944.149431,379229.888896,0,711
333003.173672,379387.209172,0,730
332940.938325,379374.439152,0,730
332729.076596,379147.76649,0,730
332925.096733,379339.664927,0,730
332957.658622,379230.221093,0,730
332845.020208,379120.838408,0,349
332813.988799,379243.457017,0,730
332910.535996,379309.070075,0,730
332943.914799,379388.242335,0,730
332772.633815,379173.275763,0,730
332915.321557,379392.167287,0,136
332778.652806,379181.016203,0,521
332644.077228,378990.775917,0,435
332982.242517,379357.667,0,730
332812.528581,379071.686426,0,730
332832.937502,379151.578318,0,408
333044.95492,379350.873918,0,515
332895.674427,379281.181115,0,730
332745.789121,379037.826889,0,238
332944.58811,379314.281147,0,599
332944.676684,379292.17381,0,730
332934.012373,379266.120414,0,730
332846.913176,379127.6394,0,447
332728.778063,379047.426681,0,54
333077.157992,379355.638363,0,730
332695.10067,378970.83981,0,730
332850.149684,379178.301657,0,730
332903.236565,379365.100611,0,453
332924.166945,379179.106917,0,660
333001.542147,379318.517233,0,264
332900.863665,379222.107672,0,730
332939.444062,379261.973037,0,606
332916.827901,379377.940674,0,347
332842.381302,379127.194532,0,278
332968.35176,379370.119962,0,730
332807.214701,379160.105545,0,730
332744.122506,379083.839267,0,240
332806.20649,379087.554009,0,629
333055.467104,379353.152173,0,730
332787.16312,379115.956468,0,730
332978.611053,379236.897476,0,144
332742.606028,379124.94239,0,730
333028.267951,379364.129434,0,730
332943.940775,379358.122999,0,730
332989.058169,379294.185757,0,730
332659.314105,379057.864131,0,274
332820.628872,379193.7766,0,45
332720.95283,379069.421735,0,730
332750.663667,379142.968575,0,730
332931.258685,379358.462088,0,730
333058.697599,379361.566692,0,463
333017.326818,379264.251897,0,730
332861.740647,379286.414902,0,573
332928.109314,379400.704355,0,636
332898.772849,379220.708337,0,730
332778.102455,379109.689065,0,730
332903.792601,379384.646785,0,730
332972.808655,379345.752188,0,730
332941.543725,379334.568468,0,730
332895.564718,379179.37727,0,730
333003.815666,379319.808677,0,730
333007.92146,379366.703725,0,42
332678.819924,379061.98491,0,730
332864.505748,379271.460184,0,288
333052.977461,379358.388385,0,730
332841.596348,379163.974296,0,730
332750.051886,379025.751383,0,214
332725.554163,379126.926789,0,730
332740.662285,379080.969473,0,584
333018.307579,379272.094112,0,499
332684.064764,379085.380166,0,730
332927.530545,379215.443868,0,646
332757.337964,379155.230057,0,685
332903.038887,379353.347964,0,635
332900.213813,379339.328628,0,608
332849.203439,379126.848203,0,730
332856.832867,379264.58584,0,730
333033.282996,379323.020644,0,730
332976.164935,379232.783642,0,112
332934.937738,379214.783961,0,730
332924.724466,379432.994067,0,730
332725.145268,379006.062216,0,730
332768.635175,379124.911426,0,308
332750.070257,379017.663568,0,730
332659.579448,379011.600685,0,477
332718.751773,379042.461721,0,363
332933.900228,379363.46441,0,730
332973.004737,379353.536844,0,730
332987.858574,379403.070501,0,730
332729.872652,379080.868772,0,730
332714.130173,379077.896438,0,730
332935.726919,379304.403529,0,352
332746.7858,379067.862394,0,730
332891.56489,379180.61311,0,730
332727.292136,379076.622833,0,131
332948.310479,379226.218545,0,578
332748.175464,379117.932286,0,99
332767.843412,379077.731739,0,730
332739.275284,379097.127801,0,730
332932.623358,379364.4121,0,265
332951.791747,379299.036068,0,617
332976.844109,379378.260926,0,459
333009.364759,379274.733389,0,546
333019.184349,379385.947424,0,730
332953.272801,379283.040729,0,502
333000.570865,379367.004181,0,730
332958.977161,379399.125567,0,523
332872.600561,379178.553989,0,730
332793.054015,379175.659968,0,436
332804.405807,379113.431308,0,730
332929.926947,379393.1365,0,730
332904.257388,379356.78673,0,707
332793.554558,379077.373218,0,94
333009.919444,379394.89093,0,654
332927.690287,379378.312082,0,134
332771.548658,379033.947406,0,730
332876.866519,379143.246886,0,171
332876.660148,379192.503526,0,730
332893.210457,379186.51198,0,669
332956.154807,379298.493948,0,130
332970.125327,379248.148532,0,53
332772.423236,379199.50772,0,694
332958.564752,379330.715914,0,4
332863.35536,379213.321647,0,174
332700.835635,379108.251521,0,730
332965.02736,379315.83179,0,663
332982.834363,379411.463731,0,730
332743.677348,379033.577151,0,64
332847.423455,379173.316874,0,730
333030.153399,379341.804051,0,730
332988.820534,379310.147677,0,730
332767.651085,379079.469945,0,730
332831.034481,379153.172446,0,730
332959.345123,379378.128765,0,275
332837.896717,379178.988528,0,346
332673.145841,378967.980018,0,669
332721.573788,379063.970095,0,701
332868.368263,379226.798677,0,730
333024.381976,379279.678586,0,730
332849.881775,379120.730981,0,424
332911.569646,379360.144008,0,239
333059.488422,379352.713998,0,503
332685.682008,378997.575789,0,730
332800.438095,379166.48669,0,730
332966.672235,379387.40601,0,730
332842.96473,379143.276819,0,730
332761.821904,379185.273748,0,730
332778.524583,379074.617455,0,432
332827.591423,379144.838405,0,730
332948.941352,379416.466803,0,410
332705.485938,378971.568473,0,556
332720.658252,378997.956786,0,645
332702.200649,379046.07263,0,730
332669.433581,379071.903759,0,709
333022.310053,379386.627495,0,730
332653.163622,378983.947694,0,509
332722.746195,379008.343178,0,730
332926.477463,379201.748002,0,449
332986.537166,379292.053057,0,730
332902.408657,379268.775763,0,111
332843.859922,379222.874999,0,202
332953.150019,379234.381361,0,631
332866.451928,379268.452385,0,312
332700.338561,379108.974767,0,730
332886.337283,379276.045407,0,514
332809.144307,379117.080921,0,730
332914.230283,379401.201659,0,730
332724.837238,379051.156383,0,10
332995.416478,379390.819656,0,730
332751.060309,379081.503753,0,730
332646.746698,379001.526584,0,730
332721.725634,379020.526791,0,730
332928.972674,379189.388969,0,730
332748.668421,379158.064247,0,254
333068.041148,379340.922036,0,730
332801.597022,379130.292576,0,730
332664.367567,379014.665956,0,730
332825.568283,379174.007383,0,730
332831.63647,379094.831029,0,581
332826.00978,379173.633905,0,2
332792.989911,379099.846248,0,708
332702.187166,379045.390818,0,156
332654.988061,379006.124778,0,480
332679.004367,378993.803367,0,543
332967.345838,379344.17637,0,417
332894.577951,379338.966326,0,730
332746.529934,379095.773024,0,730
332831.830014,379121.250793,0,637
332940.261731,379409.665306,0,309
332720.115157,379061.707761,0,391
332920.533656,379250.948585,0,730
332887.373083,379181.562931,0,730
333041.788723,379298.013097,0,730
332982.545517,379254.815712,0,587
332972.385081,379311.628648,0,258
332744.026817,379082.148269,0,430
333002.00963,379273.520525,0,730
333016.640677,379292.643349,0,436
332790.398339,379053.398266,0,375
332836.388499,379262.287645,0,730
332806.462001,379185.576693,0,730
333059.161039,379319.622602,0,730
332966.902184,379385.757256,0,730
332953.417376,379305.307304,0,730
332738.392453,379068.042116,0,442
332936.061208,379275.425225,0,428
332728.163649,379064.497049,0,730
333037.692342,379343.493732,0,730
332883.650617,379295.236107,0,449
332915.045965,379259.941846,0,730
332873.573469,379272.004037,0,730
332824.04153,379211.696674,0,671
332808.139259,379130.310808,0,461
332636.421977,379003.244081,0,730
332756.716147,379033.604103,0,293
332670.84823,379073.462084,0,300
332855.45582,379197.667049,0,100
332796.392252,379171.582786,0,103
332676.611724,378984.633423,0,730
332889.220992,379256.034325,0,730
333043.010169,379318.40116,0,343
332935.473594,379339.774625,0,36
332930.241646,379332.414892,0,654
332772.662872,379128.550765,0,559
332754.988208,379178.072253,0,460
332946.959748,379417.958858,0,730
332967.09169,379320.288178,0,151
332815.621432,379164.909081,0,470
332909.348713,379286.900642,0,730
332869.681129,379217.959877,0,251
332723.100411,379019.993275,0,730
332843.903531,379167.507852,0,689
332905.153555,379249.545984,0,730
332745.920206,379168.780633,0,730
332836.556069,379157.430766,0,472
332703.600877,379097.115325,0,708
333009.95111,379339.436325,0,588
332935.685853,379280.33518,0,730
332899.503955,379253.938349,0,730
332718.929498,378993.626536,0,63
332959.657752,379276.214182,0,730
332636.298734,379040.244512,0,338
332900.766437,379334.141953,0,633
332738.770851,379050.728256,0,284
332940.543432,379230.906797,0,574
332691.785178,379095.83867,0,724
332911.067774,379199.969452,0,394
332694.701806,379075.528715,0,730
332666.466078,379001.351663,0,590
332713.163789,378984.811274,0,719
332823.794292,379133.813114,0,730
333065.226661,379325.400572,0,567
332950.505494,379413.731572,0,730
333063.506003,379357.103615,0,328
332748.961113,379135.035971,0,252
332993.334661,379366.833542,0,179
332936.532866,379383.200435,0,172
332889.806214,379364.942429,0,730
332868.703545,379309.56642,0,550
332792.340054,379136.042908,0,730
332761.174814,379114.350016,0,730
333040.41897,379351.847079,0,112
332946.482063,379362.884307,0,730
332717.277619,378985.147423,0,730
332898.36399,379278.082805,0,730
333076.863955,379330.488254,0,730
332793.906656,379123.554644,0,285
332639.747535,379047.982929,0,730
332717.784248,379133.510682,0,405
332808.670644,379189.68689,0,379
332831.082393,379200.159257,0,730
332875.212765,379229.23294,0,668
332886.837575,379203.660782,0,267
332884.69907,379287.688101,0,730
333044.740004,379365.327152,0,730
332714.865061,379064.009874,0,360
332848.146847,379258.325048,0,730
332742.118407,379094.735875,0,730
332871.213913,379268.699272,0,618
332861.139997,379266.951438,0,730
332875.908049,379223.254295,0,106
333041.462405,379373.133769,0,259
333027.435577,379280.906533,0,331
332827.820053,379163.606822,0,730
332861.148089,379280.486561,0,144
332736.58595,379048.659172,0,33
332954.424965,379398.533455,0,549
332785.878372,379145.540129,0,214
332934.508707,379289.032517,0,730
332964.333279,379271.1555,0,545
332964.968169,379405.833096,0,99
333010.663856,379278.572023,0,336
332950.822538,379377.491289,0,409
332775.045802,379177.921602,0,730
332953.685711,379279.205412,0,478
332888.284827,379323.209352,0,730
332795.089859,379221.433899,0,638
333086.6209,379354.327975,0,730
332922.352075,379216.380478,0,551
333022.933646,379349.496896,0,532
332950.995286,379399.279379,0,16
332912.235487,379239.356218,0,730
332938.398877,379337.310712,0,730
332895.418884,379156.82453,0,730
332775.162983,379133.224445,0,730
332771.875073,379106.206175,0,709
332641.082683,378997.480463,0,625
333078.954462,379361.248356,0,730
332936.106396,379426.932402,0,730
332630.514588,379004.293013,0,616
332709.091852,379117.589872,0,24
332887.162834,379313.984465,0,730
332909.637075,379273.771317,0,429
332808.854551,379195.072779,0,730
332879.537143,379145.947652,0,313
333025.634892,379289.637126,0,730
332930.037439,379225.210498,0,730
332852.844918,379223.857851,0,730
333044.546666,379312.346114,0,504
332710.869307,379061.068855,0,730
332899.737352,379208.173459,0,581
333038.194833,379332.329572,0,456
332871.119122,379238.174559,0,730
332688.124079,379055.826367,0,730
332870.380999,379152.580394,0,730
332915.585431,379286.631409,0,376
332732.979507,379030.108742,0,730
332918.149919,379393.499262,0,730
332904.887952,379220.795676,0,730
332790.561397,379217.208596,0,730
332695.632361,379047.387893,0,730
332999.087666,379288.76612,0,656
332737.638766,379025.854434,0,661
332848.499167,379232.187811,0,375
332829.838346,379089.970238,0,520
332905.730472,379238.527085,0,730
332856.324444,379198.027661,0,339
332700.785955,379116.236414,0,200
332804.461389,379111.800917,0,60
332676.885889,379060.792877,0,644
332653.32591,379060.404951,0,730
332902.109349,379328.794004,0,196
332744.03477,379149.962716,0,223
332772.297446,379190.390697,0,730
333034.339905,379383.815591,0,730
332672.25334,378996.865085,0,671
332823.123941,379228.828879,0,681
332923.175276,379294.636387,0,321
332907.175256,379268.456497,0,726
333027.079159,379320.919017,0,730
332823.737848,379239.564368,0,730
332830.52567,379118.819846,0,730
332820.299025,379129.275205,0,730
332792.211895,379099.89959,0,730
332837.307652,379180.755763,0,655
332913.18679,379324.145167,0,163
332900.556722,379279.487196,0,648
332759.370468,379086.657656,0,397
332917.216958,379351.227264,0,730
332798.356172,379155.1918,0,615
333034.096096,379339.524825,0,730
332686.13733,379042.121861,0,730
332958.338277,379329.903982,0,730
332741.740396,379082.25202,0,730
332902.044468,379189.95945,0,730
332820.546821,379149.135933,0,730
332886.761264,379327.042163,0,730
332804.580247,379191.351524,0,730
332911.997568,379243.234715,0,168
332930.929481,379182.824961,0,730
333073.803909,379327.058055,0,335
332757.398173,379088.019058,0,730
333030.839709,379358.588162,0,620
332661.526359,379068.023202,0,728
333027.434021,379380.180099,0,730
333024.297618,379333.776106,0,142
332913.089696,379266.880671,0,730
332839.499195,379272.039186,0,730
332657.962248,379057.121668,0,730
332904.188694,379286.048204,0,589
332805.384409,379069.911343,0,576
332657.698961,378995.533577,0,702
333078.143067,379328.266921,0,319
332670.76159,379057.895829,0,389
332632.12229,379015.103937,0,527
332722.951629,378995.413033,0,86
332884.820323,379201.642747,0,730
332972.376078,379293.472,0,245
332821.866198,379208.940273,0,730
332946.148011,379238.381223,0,730
332801.954561,379155.195298,0,730
332916.476209,379263.689224,0,730
332951.456532,379235.442531,0,402
332809.634048,379126.249226,0,730
332674.929859,379017.653551,0,730
332895.037379,379295.681919,0,730
332964.204403,379310.70413,0,209
332810.512829,379198.197209,0,389
332784.413114,379056.213918,0,265
332886.208736,379356.860114,0,296
332921.792751,379334.221584,0,730
332813.859058,379154.947476,0,84
332760.806235,379036.18736,0,26
332964.191056,379312.459551,0,317
332945.916965,379281.589512,0,730
332651.954074,379052.794363,0,730
332988.452656,379352.575782,0,98
332871.874955,379228.032072,0,446
333030.114367,379309.034585,0,730
332741.819965,379067.908526,0,416
332768.116068,379164.427309,0,730
332920.591633,379336.636134,0,730
332766.885134,379125.210548,0,730
332933.602428,379350.954039,0,730
332861.730234,379251.120631,0,730
332969.862087,379292.061968,0,241
333067.170644,379336.549553,0,730
333043.375506,379287.960006,0,697
332915.278423,379331.324342,0,730
332697.569912,379018.004344,0,282
332870.073701,379287.602488,0,730
332884.405157,379142.942227,0,126
332791.585881,379179.58493,0,283
332734.330692,379146.297587,0,730
332892.839396,379201.671971,0,460
332695.959818,379111.513722,0,730
332947.93262,379286.119821,0,254
332908.548701,379269.117961,0,119
333027.21082,379365.321086,0,730
332702.963121,379014.851319,0,413
332931.159345,379396.844298,0,730
332859.762423,379285.664884,0,730
332633.014433,379030.555293,0,730
332976.825721,379255.698992,0,353
332992.313314,379322.489566,0,730
332946.419248,379405.971789,0,730
332936.360152,379381.191977,0,188
332827.792705,379159.301468,0,730
332949.622537,379357.459084,0,730
333030.523404,379337.441878,0,730
332900.607306,379200.537589,0,730
332949.687464,379257.675005,0,565
332920.832138,379294.639231,0,329
332729.655813,379098.516762,0,730
332887.83582,379161.595582,0,551
332937.851216,379345.171471,0,730
332821.207819,379205.832968,0,476
332784.776322,379082.148469,0,730
332890.904083,379184.766424,0,730
332826.87392,379172.998743,0,730
332876.394784,379138.49217,0,726
332946.93397,379360.69954,0,623
332769.762832,379052.93914,0,730
333007.951031,379350.43072,0,306
332722.185838,379004.535308,0,645
332952.255847,379225.677348,0,21
332914.484617,379244.70778,0,730
333073.333276,379353.242885,0,656
332746.776306,379049.912147,0,695
332938.200794,379277.678701,0,730
332803.674374,379130.883105,0,730
332821.419186,379185.13888,0,730
332887.119921,379261.16788,0,730
332722.696593,379019.043611,0,607
332769.136378,379140.309662,0,730
332995.465464,379364.840703,0,730
332677.727697,379046.167893,0,730
333071.189662,379362.878661,0,730
332935.97277,379325.609779,0,132
332912.554037,379410.571707,0,682
332737.323618,379134.192133,0,664
332684.250065,379047.242398,0,627
332950.986092,379234.769282,0,730
332860.702372,379217.455067,0,303
332927.375171,379358.099158,0,650
333006.146541,379372.715731,0,730
332745.296739,379145.198034,0,730
332675.981413,379001.714428,0,730
332928.164165,379409.202429,0,9
332906.310442,379373.285654,0,730
332812.523013,379136.276099,0,183
332694.553009,379024.747652,0,448
332726.874617,379037.720509,0,641
332944.862724,379289.11729,0,730
332935.016533,379236.697977,0,730
333000.933112,379379.442535,0,730
332756.64008,379103.951436,0,443
332662.842364,378987.951086,0,83
332937.565655,379379.141967,0,730
333027.358254,379366.411641,0,308
332773.542403,379048.499074,0,386
332676.096735,379032.695633,0,730
332771.19708,379033.477156,0,666
332924.681275,379416.487444,0,715
332873.641142,379177.9054,0,434
332976.085049,379335.595087,0,39
332719.182003,379078.423209,0,644
332959.79706,379319.150511,0,730
332781.9676,379089.077753,0,440
332964.368491,379387.798245,0,730
332660.928222,379059.808201,0,730
332771.542247,379147.89505,0,401
332715.512033,379074.595013,0,730
332815.294425,379186.952202,0,730
332996.030649,379380.978175,0,730
332761.138234,379120.87121,0,730
333023.14319,379348.3891,0,730
332735.244175,379106.871544,0,730
332888.100362,379160.080232,0,730
332808.568511,379184.002735,0,424
332864.711775,379144.45419,0,730
332715.867331,379072.070331,0,730
332689.659111,379028.710326,0,698
332919.32772,379228.904765,0,332
332734.411701,379044.981187,0,730
332751.597245,379104.217741,0,730
332716.656638,379000.515855,0,730
332941.243277,379417.736053,0,730
332769.564099,379137.784624,0,730
332948.468647,379214.674607,0,433
332705.672815,378974.230781,0,450
332932.087323,379268.41839,0,57
333011.433073,379309.076968,0,730
332959.015377,379366.669803,0,730
332863.318659,379201.589727,0,730
332918.908266,379346.110781,0,150
332716.535328,379102.180526,0,730
332947.927833,379204.565002,0,224
332639.544852,379012.327069,0,197
333055.934731,379349.730891,0,730
332895.296802,379179.887678,0,477
332716.413655,378999.999944,0,730
332900.720207,379186.045149,0,639
332685.69339,379023.193777,0,730
332843.084038,379124.162614,0,309
332836.364763,379112.588574,0,730
332891.306738,379326.023435,0,730
333034.475488,379294.608541,0,248
332939.002438,379261.135279,0,730
332729.173752,379085.307431,0,557
332724.126909,379118.511882,0,730
332768.54432,379052.178906,0,730
332814.214995,379081.313384,0,730
332886.336476,379236.161183,0,730
332824.15876,379225.294578,0,280
332963.083224,379318.853179,0,730
332941.219971,379213.930499,0,355
332732.01279,379041.212078,0,160
332696.362405,379080.25378,0,383
332940.398525,379274.114074,0,344
332958.117831,379310.543407,0,635
332967.388084,379276.799783,0,730
332676.767958,379046.652791,0,271
332682.633157,379086.666113,0,544
332718.619045,379080.00409,0,574
332940.23781,379418.796481,0,730
332925.453273,379293.066395,0,730
332840.943679,379266.467085,0,160
332803.625284,379197.877766,0,730
332617.209629,379020.901893,0,730
332885.61892,379221.454169,0,730
333042.459656,379324.815934,0,541
332980.637333,379350.635141,0,580
333035.429396,379327.292725,0,11
332799.035079,379169.090193,0,91
332954.552099,379386.466384,0,501
332909.860643,379263.317829,0,593
332847.366018,379196.54603,0,730
332678.228106,379009.356889,0,730
332954.173883,379284.915264,0,730
332890.108965,379282.769295,0,200
332972.269869,379241.849762,0,331
332798.472822,379139.957084,0,135
332720.907003,379084.647384,0,730
332943.093547,379344.024143,0,730
332676.125537,379089.272906,0,657
332864.326235,379187.568199,0,97
332811.809759,379147.809243,0,730
332764.585439,379187.164196,0,730
333059.878041,379314.829833,0,493
332708.707628,379054.036256,0,122
332938.489098,379426.127777,0,730
332896.024741,379301.084036,0,139
332986.301726,379304.531688,0,191
332770.321791,379050.135611,0,730
332632.212577,379039.633857,0,546
332960.307833,379313.144886,0,730
332971.349809,379231.246025,0,619
332833.979623,379120.154016,0,730
332788.961264,379128.604572,0,342
333002.944545,379275.639219,0,730
332813.383766,379196.980716,0,730
332658.642402,379038.310524,0,373
332921.602842,379407.661292,0,538
332904.956619,379378.017029,0,597
332860.421944,379289.195656,0,730
332838.274981,379164.087331,0,730
332990.408623,379388.885034,0,730
332957.305093,379382.280438,0,730
332992.955521,379282.158292,0,730
332904.064232,379384.725086,0,730
332945.749979,379232.281774,0,529
332956.627648,379218.939832,0,166
332860.124693,379127.006579,0,203
332770.637826,379184.258973,0,684
332659.180021,379016.983743,0,730
332699.48327,378999.498719,0,730
332859.607363,379272.46293,0,222
332652.816762,379055.387706,0,730
332767.093462,379110.675971,0,730
332816.574416,379231.959439,0,714
332849.359584,379125.023465,0,137
332732.285191,379075.172423,0,730
332806.296825,379214.037426,0,672
333030.540303,379384.640288,0,730
332743.184624,379077.942655,0,730
332867.739374,379270.517203,0,730
332927.400361,379377.804559,0,730
332818.147945,379162.032819,0,245
332948.676268,379265.470797,0,374
332900.493087,379268.203545,0,494
332845.063078,379144.829041,0,127
332990.661193,379246.555521,0,730
333053.187754,379351.255036,0,683
332795.280938,379127.741858,0,730
332918.468566,379173.598305,0,730
332867.16858,379162.780201,0,730
332857.180285,379291.023142,0,730
332953.632713,379248.593309,0,591
332838.380758,379188.03677,0,729
332695.493484,379072.208386,0,445
332990.203118,379273.271833,0,730
332919.59507,379418.495407,0,260
332802.237726,379169.063849,0,583
332924.636518,379307.341375,0,730
332659.594319,379053.645126,0,730
333050.226677,379315.231451,0,388
332910.59472,379272.608281,0,32
332950.968335,379406.964446,0,372
332879.568927,379161.029727,0,700
333045.095665,379332.256128,0,730
332983.170716,379242.787543,0,730
332706.467181,379096.365496,0,730
332798.682108,379108.100051,0,382
332942.645712,379250.83273,0,730
333075.717138,379343.454037,0,730
332926.875041,379286.309026,0,380
332844.291286,379229.240621,0,205
332697.417167,379007.592585,0,730
332900.531322,379237.051599,0,234
332735.253477,379110.116283,0,384
332629.836086,379017.372575,0,422
332697.523774,379115.071598,0,730
332740.264653,379114.100357,0,730
332956.843331,379332.213629,0,730
332679.284629,379077.291726,0,446
332909.804876,379288.233493,0,730
333013.17178,379369.545131,0,730
332833.729005,379182.353402,0,348
332924.431331,379395.220052,0,610
332722.918187,379097.195791,0,71
332807.428287,379101.904816,0,529
332706.244746,379056.575303,0,730
333082.693571,379339.147085,0,490
333023.889867,379355.768236,0,700
332867.670235,379137.516517,0,572
333054.629284,379373.4979,0,663
332903.088277,379268.237528,0,143
332916.362803,379294.79709,0,730
332987.657066,379362.188604,0,730
332682.847969,378957.421207,0,677
332876.593104,379306.874244,0,730
332851.743465,379136.610313,0,730
332874.595303,379207.158938,0,730
332934.312388,379188.365146,0,730
332783.19724,379116.871332,0,362
332923.735401,379335.593771,0,535
332812.440416,379084.173571,0,730
332618.163028,379020.756403,0,730
332809.662989,379230.517889,0,589
332921.408552,379227.314367,0,730
332897.386862,379194.904124,0,730
332760.343991,379161.188701,0,730
332831.358648,379192.148256,0,730
332945.950349,379356.772917,0,226
332812.721374,379082.623865,0,730
332705.88829,379056.168747,0,313
332929.298202,379300.890051,0,730
332825.351855,379233.429963,0,428
332904.874866,379269.212426,0,730
332922.191317,379241.919651,0,426
332794.965862,379118.001488,0,192
332651.967335,378992.567609,0,197
332934.081328,379207.252166,0,500
332835.570159,379170.481054,0,730
332970.984986,379393.218478,0,509
332877.764571,379225.368946,0,548
333013.181403,379354.415989,0,609
333027.99476,379374.455356,0,730
332911.114389,379244.493589,0,320
332691.511333,379016.751656,0,164
332844.217958,379138.985882,0,730
332771.593367,379046.518821,0,484
332953.250432,379205.033803,0,690
332817.3874,379192.856682,0,730
332661.026316,379040.587219,0,297
332965.659403,379405.74315,0,730
332658.371254,379046.302252,0,6
333044.805231,379335.290299,0,730
332781.177892,379107.840062,0,630
332797.187324,379057.638921,0,684
332853.422982,379252.425251,0,169
332701.70358,379046.054421,0,730
332663.7559,379071.112845,0,730
332993.821394,379252.658008,0,730
332800.279127,379100.688482,0,617
332888.984882,379180.007652,0,730
332708.632168,379100.128526,0,611
332939.186563,379209.754647,0,730
332883.014504,379228.984775,0,730
332867.372966,379164.098291,0,730
332970.439487,379399.911716,0,730
332776.649119,379133.991896,0,272
332825.081777,379113.852713,0,730
332959.493596,379403.764559,0,618
332860.589133,379296.980008,0,730
332991.497739,379332.808943,0,404
333007.161721,379318.011781,0,730
332645.212254,379046.404147,0,730
332866.706182,379272.893597,0,730
332976.414291,379404.039987,0,730
332904.39672,379383.818806,0,471
332710.256305,379114.140452,0,42
332806.213416,379150.33709,0,634
333040.667845,379319.33048,0,730
332868.951968,379251.98028,0,662
332940.94149,379242.642626,0,566
332744.627839,379130.30508,0,483
332921.054382,379323.788866,0,563
332731.64338,379091.601945,0,554
332711.263174,378980.614574,0,369
332995.974837,379383.976268,0,730
333070.359581,379351.05379,0,730
332893.523974,379183.305898,0,730
332976.565818,379331.477208,0,730
332699.906045,379093.950511,0,600
332992.659398,379266.502834,0,730
332895.643456,379171.610698,0,730
332972.06411,379282.24283,0,51
332822.650797,379178.317399,0,730
332980.430983,379347.02461,0,730
332929.460159,379208.977568,0,511
332878.601266,379288.411071,0,730
332861.450165,379301.948071,0,652
332769.18983,379086.366417,0,730
332982.022882,379231.858132,0,523
332927.199079,379264.610652,0,532
332947.767789,379361.105479,0,730
332936.828919,379369.553961,0,730
332878.86145,379312.271134,0,70
332826.402289,379121.441541,0,730
332628.251841,379030.194867,0,730
332907.800584,379168.379162,0,730
332882.972524,379137.666494,0,387
332748.136598,379039.861339,0,233
333087.729743,379348.825739,0,707
332671.096438,378987.193189,0,677
332881.596221,379135.623878,0,412
332896.586447,379315.834287,0,730
332674.571826,379021.677839,0,75
332706.951124,379038.458654,0,730
332936.954127,379343.420969,0,324
332617.306412,379015.826739,0,730
332677.646108,378965.902507,0,730
332877.926265,379339.602743,0,3
332806.280123,379175.854339,0,730
332935.935648,379345.68794,0,295
332904.580038,379379.857953,0,685
332984.339491,379320.840784,0,730
332715.680522,379006.65537,0,459
332795.1952,379220.948135,0,107
332739.288081,379121.918396,0,596
332892.125353,379320.467245,0,710
332978.689803,379359.272037,0,55
332913.722971,379335.711357,0,730
332956.800002,379218.773278,0,728
332873.736047,379138.470262,0,730
332977.141788,379295.044613,0,678
332873.834793,379161.506972,0,430
332840.851424,379195.185717,0,730
333000.692093,379365.807127,0,730
332773.874769,379118.124468,0,730
332944.724294,379415.708313,0,720
332762.899678,379140.958446,0,730
332913.193854,379410.258927,0,454
332768.713391,379168.051896,0,444
332979.323722,379244.75948,0,452
332740.673013,379055.613078,0,89
332952.21912,379205.971244,0,730
332754.773033,379085.872994,0,730
332874.14288,379229.68533,0,632
333047.962301,379328.694671,0,491
332869.544079,379130.974784,0,730
332723.721323,379074.576979,0,694
332733.144953,379008.218261,0,730
332732.104354,379129.10243,0,104
332990.204937,379246.469477,0,403
332702.744028,379056.804469,0,52
332922.490676,379344.371075,0,194
332996.625403,379306.280594,0,237
332863.059903,379206.360409,0,730
332906.110518,379359.131552,0,363
332898.744302,379202.02183,0,730
332884.747802,379268.913499,0,730
332982.856849,379263.268065,0,371
332946.332624,379246.392553,0,359
332935.785273,379216.398452,0,730
332971.469973,379389.473184,0,515
332821.939358,379129.22424,0,730
332730.174939,379067.036703,0,730
332981.05946,379365.488029,0,730
332762.830288,379082.480878,0,686
333053.973606,379336.922594,0,22
332828.566471,379130.150583,0,180
332672.184511,379050.86658,0,730
332807.31805,379116.430658,0,730
332980.993606,379254.922234,0,730
333030.232906,379382.03698,0,730
332864.407447,379251.08523,0,575
332968.37489,379250.317734,0,730
332740.794478,379156.803797,0,730
332626.605498,379030.163914,0,730
332966.690929,379392.178472,0,542
332758.776111,379156.769012,0,466
332880.473137,379187.971148,0,664
332851.289013,379204.96505,0,11
332919.389257,379261.000035,0,161
333014.249106,379319.273337,0,131
332904.742522,379371.024691,0,730
332909.246182,379304.769091,0,730
332736.56448,379071.648899,0,264
332778.372948,379184.173348,0,630
332947.005544,379305.990261,0,451
332857.290458,379214.668872,0,311
332724.036979,379136.324204,0,133
333011.787381,379349.289118,0,730
332763.767302,379120.160172,0,189
332720.052305,379029.929807,0,13
332889.967527,379262.857425,0,149
332634.385188,379025.352216,0,602
332790.985383,379063.071294,0,522
332887.174383,379166.519489,0,505
332882.103008,379325.634151,0,480
332931.024014,379329.308371,0,730
332915.632829,379247.220393,0,730
332943.499305,379374.190089,0,355
332838.467907,379269.164553,0,730
332989.928911,379245.250678,0,730
332962.870493,379247.182981,0,58
332930.561495,379213.607445,0,73
332892.31146,379196.465421,0,730
332753.384766,379115.785976,0,714
332968.742358,379253.365312,0,730
332675.461695,379039.333327,0,730
332788.827631,379150.239412,0,730
332811.490035,379138.132093,0,730
332736.554685,379025.065324,0,730
332982.503443,379362.394467,0,730
332898.972739,379243.948086,0,716
332972.455162,379387.121928,0,730
332919.095352,379344.275989,0,381
332863.346695,379306.237157,0,730
332866.729781,379287.184051,0,730
332694.185988,379052.351556,0,575
332846.619427,379151.828437,0,730
332804.418409,379202.452491,0,730
332993.181521,379387.131982,0,253
332959.583884,379377.0461,0,730
332745.482595,379139.093079,0,613
332906.161483,379318.701295,0,163
332821.47919,379155.319239,0,730
332649.431994,379049.602206,0,730
332998.114401,379293.891446,0,521
333003.419506,379391.406512,0,560
332885.223244,379301.217263,0,730
332682.316918,378966.634151,0,543
332815.657633,379232.418358,0,3
333072.125055,379321.343693,0,730
332756.32342,379089.374399,0,318
332900.154604,379385.978323,0,730
332758.340336,379031.45216,0,322
332870.75785,379263.40484,0,730
332707.547905,379113.160885,0,226
332794.492201,379088.277763,0,730
332861.800229,379232.694006,0,730
332841.815923,379110.992982,0,730
333044.413928,379353.223175,0,365
332739.93258,379081.811763,0,721
332888.891285,379228.548484,0,730
332893.728655,379209.993891,0,467
332899.81577,379241.295912,0,730
332977.821123,379373.562103,0,409
333012.980928,379361.903072,0,730
332865.060249,379288.095041,0,180
332962.942347,379289.767899,0,527
332770.325499,379075.755929,0,661
332759.879886,379152.557319,0,730
333007.405759,379275.11433,0,696
332847.476486,379281.815563,0,614
332864.055762,379232.884148,0,249
332848.437867,379282.90859,0,730
333014.68467,379369.724534,0,670
332957.707065,379219.675285,0,547
333021.736626,379342.589498,0,158
332863.207843,379128.494123,0,198
332842.106385,379180.969929,0,724
332669.513688,379043.495265,0,730
332917.806426,379220.723256,0,730
332812.135388,379146.649231,0,568
332685.139361,378962.803764,0,730
333031.015958,379384.850192,0,730
332811.905951,379186.271277,0,730
333037.549531,379341.044931,0,730
332828.126975,379213.641931,0,560
333003.614675,379254.680797,0,730
332734.275911,379078.803061,0,499
333040.564781,379346.956441,0,730
332937.735504,379287.227158,0,637
332876.42996,379318.391594,0,730
