330681.773756,379993.330028,0,292
330726.120166,380006.309121,0,689
330595.563766,379976.241576,0,730
330760.066751,379895.050938,0,612
330632.288245,380091.346676,0,515
330701.017245,380148.376296,0,730
330754.154239,379922.531834,0,657
330720.403485,380074.182976,0,364
330750.572894,379907.066276,0,730
330686.189219,380031.155044,0,730
330689.037858,380023.851447,0,717
330686.208273,379957.78024,0,627
330531.592841,379911.629886,0,532
330585.548519,379930.807909,0,730
330560.614418,379965.838225,0,655
330523.79123,380014.21291,0,730
330716.645008,380037.101065,0,138
330800.879993,379988.90536,0,600
330648.660371,380099.907867,0,224
330826.689371,380125.705394,0,730
330677.283582,380081.842683,0,709
330784.576587,380165.044477,0,557
330535.968479,379991.753766,0,689
330551.209761,379858.539957,0,611
330809.380135,380107.041543,0,353
330751.689258,380005.861552,0,730
330587.791541,380012.934853,0,446
330527.746243,379943.84454,0,730
330783.112384,380129.809847,0,483
330574.123617,380111.091528,0,730
330550.383561,380124.931729,0,603
330805.311065,380121.656292,0,560
330536.770404,379887.634259,0,652
330804.330876,379900.196625,0,253
330777.389022,379915.34491,0,6
330731.265163,379903.162943,0,730
330693.153171,379855.032504,0,730
330647.708217,380054.830194,0,730
330709.820771,379933.042832,0,28
330686.864806,380123.311565,0,730
330533.254821,380038.288072,0,483
330567.82746,380072.576056,0,688
330706.576665,379898.88522,0,730
330558.929052,379933.757534,0,304
330621.6563,380121.103002,0,730
330711.0707,379887.751517,0,448
330799.217943,379943.910605,0,730
330548.246304,379884.881498,0,355
330778.209601,380133.539857,0,676
330827.498244,380133.547786,0,714
330591.699876,380125.562888,0,278
330683.163328,380057.852236,0,730
330612.075184,379822.488693,0,730
330641.965218,379864.278311,0,730
330657.763445,380041.816769,0,730
330789.87184,380020.052184,0,730
330670.403656,379869.906719,0,730
330666.678727,380051.847339,0,730
330653.578754,380122.14385,0,643
330778.736377,379843.944987,0,227
330529.748314,379968.726679,0,602
330558.732998,379973.33485,0,730
330783.458737,379884.23451,0,730
330554.123365,380045.478727,0,730
330688.313047,379890.513025,0,730
330773.757343,380036.682124,0,730
330694.713274,380119.464474,0,189
330700.139263,379868.000828,0,730
330733.65687,380100.200761,0,730
330809.689791,380068.435067,0,730
330748.013652,380048.419049,0,717
330579.399738,380073.15151,0,730
330657.518887,380155.853969,0,684
330612.794205,379844.881364,0,63
330797.522358,380168.857328,0,730
330646.484989,380042.02719,0,585
330785.12314,380143.681955,0,651
330769.516703,379886.060379,0,730
330608.861594,379918.339286,0,78
330524.557777,379902.51427,0,730
330624.679005,380086.976921,0,31
330727.663767,380111.588974,0,730
330674.181416,380015.179834,0,730
330652.862824,379897.738228,0,459
330707.683875,379840.268749,0,301
330676.13634,379864.691536,0,730
330625.516238,379880.350037,0,730
330780.728749,379943.51017,0,730
330578.773552,379824.19373,0,730
330692.505725,380098.503391,0,730
330717.747701,380154.068864,0,730
330618.116879,380047.165031,0,730
330718.493341,380131.869692,0,730
330691.378267,379836.920093,0,730
330752.302186,379874.387522,0,655
330526.408608,379973.336046,0,730
330597.912572,379899.557697,0,730
330694.641321,379984.150584,0,1
330600.603991,380017.055745,0,730
330534.181128,379968.573335,0,730
330707.907662,379840.819812,0,730
330724.616674,379849.571732,0,730
330682.103177,379872.385338,0,730
330619.67316,380004.361683,0,730
330794.700782,380033.863098,0,43
330749.02616,380029.418887,0,675
330619.258658,380112.812809,0,91
330668.935478,380055.968403,0,635
330760.628796,379893.973217,0,440
330744.256097,380039.501452,0,579
330784.204753,379860.933319,0,414
330729.445915,379839.186772,0,245
330540.355882,380075.30293,0,730
330591.056382,380066.807102,0,660
330540.770517,379863.771208,0,730
330758.662088,379961.146407,0,730
330804.765808,379903.155577,0,730
330579.842657,379828.334279,0,283
330691.687296,379981.223134,0,433
330629.300349,380090.904597,0,730
330680.956105,379858.847866,0,615
330687.245308,380054.121301,0,730
330646.879052,379988.390746,0,134
330598.312196,380028.84171,0,336
330587.90493,379930.461764,0,606
330745.356741,379855.048493,0,657
330666.996485,379975.209772,0,296
330749.883703,379851.31317,0,336
330649.555011,379985.822574,0,345
330713.294917,379934.9121,0,202
330589.448463,379915.426656,0,386
330721.572245,379879.772757,0,421
330787.294489,380085.401677,0,730
330624.916325,379828.251237,0,567
330789.323967,379967.858117,0,11
330604.952573,380095.385447,0,730
330556.239547,379986.607505,0,730
330660.22589,380066.649556,0,730
330627.263386,380103.28863,0,730
330796.239567,379972.237829,0,730
330738.222531,379883.119806,0,730
330539.565519,379903.917825,0,730
330764.313126,380114.834932,0,730
330687.628145,379848.392102,0,580
330704.095971,380163.442795,0,257
330628.316741,379847.233624,0,730
330672.1564,380052.128526,0,730
330565.916717,380037.406708,0,671
330677.132835,379944.411538,0,556
330710.194843,379995.674815,0,402
330624.918783,380018.237711,0,496
330559.309045,380024.185021,0,596
330665.181735,380112.515217,0,339
330774.014813,380159.161396,0,200
330584.702148,380088.281861,0,730
330526.871813,379869.681986,0,290
330581.370472,379920.842485,0,410
330602.06852,379859.199839,0,241
330597.764714,380013.793785,0,230
330591.987023,380115.068864,0,13
330740.676881,380103.773894,0,564
330696.427042,380060.10404,0,730
330786.455845,379987.645063,0,730
330778.949026,379948.152921,0,303
330770.694627,380092.086886,0,643
330732.465828,379887.802726,0,730
330525.584263,379863.483568,0,730
330711.388912,379940.008173,0,397
330697.128515,380121.068391,0,730
330530.671993,380111.214655,0,406
330615.831174,379837.901262,0,566
330582.042904,380128.121653,0,635
330590.027032,379882.43586,0,730
330589.235853,380039.755629,0,730
330663.307347,379945.117654,0,91
330566.629895,380114.739855,0,730
330545.602183,380034.681989,0,623
330782.246713,379987.563923,0,730
330713.949873,379878.489313,0,730
330691.696684,380062.67901,0,594
330627.122345,379886.150609,0,730
330700.258912,380072.972386,0,730
330706.549064,379896.558935,0,573
330629.51747,380102.877725,0,438
330617.420946,379972.094672,0,730
330766.145208,379954.174413,0,730
330540.986737,380082.136793,0,730
330676.119909,379874.480069,0,730
330593.607948,379829.006402,0,69
330779.486812,380128.351837,0,464
330609.7775,380117.874598,0,648
330695.377052,380112.958642,0,730
330558.227421,379869.242433,0,247
330724.389813,380007.379595,0,545
330644.106928,380024.854507,0,730
330656.521587,379962.89145,0,730
330773.449281,380153.187663,0,399
330679.758724,379899.898555,0,730
330615.655182,379892.748123,0,22
330815.022238,379989.186905,0,730
330700.070453,380003.940545,0,730
330708.993778,379883.737542,0,730
330620.17017,380037.432193,0,561
330710.564735,379857.392162,0,730
330654.719136,380083.203108,0,672
330678.924242,380023.467375,0,661
330580.840292,379864.20083,0,637
330573.414842,380083.420875,0,426
330687.454446,379860.539417,0,526
330617.816643,379849.317879,0,730
330667.510218,380081.752495,0,269
330678.929982,380067.635653,0,730
330697.838832,379985.38461,0,730
330678.530658,379995.920309,0,66
330787.841245,379834.846865,0,730
330762.839654,379976.593486,0,730
330625.90911,380052.07652,0,541
330815.820001,380137.650289,0,631
330526.605897,380063.955241,0,730
330687.678137,380025.944636,0,730
330667.087264,379877.716032,0,504
330555.206004,380125.319794,0,678
330783.297363,380139.017603,0,235
330815.178623,380151.182898,0,306
330642.335591,379858.467537,0,86
330779.234529,379985.772951,0,730
330583.463932,379885.953626,0,730
330683.842852,379930.826731,0,646
330730.83846,379896.491679,0,727
330661.609534,379926.783528,0,499
330695.438322,380111.894506,0,704
330608.860912,380113.847358,0,730
330569.459382,379865.009138,0,730
330561.036431,379921.25578,0,182
330552.516754,379936.361731,0,730
330776.981367,379886.13296,0,285
330581.6962,380140.748703,0,665
330756.511515,380084.623157,0,451
330670.985319,380005.130785,0,357
330626.085838,380129.306981,0,134
330696.404921,380103.457543,0,333
330528.396046,380078.703009,0,185
330681.175083,380005.048975,0,450
330649.289015,380080.124484,0,730
330672.887512,379903.553729,0,667
330615.684877,380046.096003,0,312
330689.610055,379969.252951,0,730
330647.826887,380093.605781,0,241
330785.397116,380019.172096,0,649
330662.592871,380119.691759,0,730
330709.386526,379990.599759,0,730
330766.081785,380071.647563,0,143
330670.009345,380121.493539,0,730
330810.376249,379973.670482,0,730
330710.28594,379848.59679,0,730
330584.691753,379979.304572,0,637
330677.680328,379916.02386,0,695
330804.307009,380137.060728,0,524
330609.705421,379855.365969,0,730
330532.544482,379863.227606,0,150
330531.563887,379887.684637,0,730
330614.752819,379870.459542,0,372
330658.429978,379945.782608,0,730
330678.180652,380098.909136,0,622
330676.501258,379950.961252,0,730
330824.768414,380093.049679,0,228
330711.711636,379839.165274,0,569
330560.804612,380040.475657,0,308
330758.984203,379951.767598,0,730
330558.389974,380082.14466,0,267
330580.291984,380089.482554,0,407
330571.475096,380133.796337,0,222
330819.256897,380018.420381,0,227
330798.730152,379976.287817,0,730
330607.187557,379981.088564,0,730
330771.581032,379923.966327,0,247
330797.9154,379868.336269,0,149
330533.364849,380076.111174,0,236
330767.794809,379857.955887,0,193
330784.11704,380071.261607,0,257
330530.920938,380100.922682,0,218
330556.725444,380030.680847,0,16
330716.600729,380102.650894,0,730
330575.724414,379946.822161,0,311
330698.478108,379865.021687,0,707
330532.756079,379918.224203,0,730
330614.911858,379824.655413,0,730
330615.812404,379927.661302,0,321
330609.264298,380000.182094,0,730
330659.997411,379823.315715,0,93
330640.809979,379876.665739,0,730
330799.208607,380029.91274,0,725
330547.697679,380085.727289,0,604
330760.05492,379905.704519,0,730
330719.928345,380065.553225,0,116
330758.265184,379992.39165,0,664
330799.612825,379970.155891,0,730
330711.377207,380015.562425,0,488
330832.735724,380169.679611,0,291
330667.920162,380151.536097,0,730
330650.309904,380063.391248,0,730
330673.22565,379834.410775,0,730
330560.117936,379899.804262,0,96
330697.28292,380054.424973,0,59
330566.639627,380087.275893,0,640
330694.655626,379915.958422,0,586
330812.095011,379968.794219,0,730
330670.961621,380062.154943,0,730
330746.486157,379831.650382,0,480
330704.322271,379940.456551,0,594
330671.058829,379883.542106,0,436
330758.924368,379831.525421,0,162
330729.136369,380003.463435,0,405
330641.293536,379966.898068,0,730
330568.549044,379942.017842,0,724
330607.485368,380096.876742,0,430
330775.677247,380040.19306,0,354
330758.983066,379874.284104,0,730
330715.497692,379833.806515,0,730
330759.956628,379902.153085,0,582
330641.164587,379858.208694,0,382
330735.936706,379964.167157,0,442
330701.482703,379986.22377,0,730
330637.384652,380016.42925,0,634
330584.956528,379944.052397,0,730
330795.622235,379881.83158,0,730
330714.586519,379850.201549,0,434
330655.803014,380028.461377,0,609
330588.939389,379971.796171,0,477
330674.634682,379978.704744,0,567
330746.834087,379951.45741,0,616
330645.776234,380103.703819,0,248
330530.011279,379963.428718,0,730
330613.173738,379899.382202,0,730
330661.193105,379934.321051,0,730
330753.213221,379989.971356,0,475
330776.840729,380174.87181,0,463
330567.326672,379874.987009,0,730
330775.717245,379992.437889,0,730
330589.265253,380075.941096,0,730
330583.864362,380117.458447,0,730
330687.811474,380101.341817,0,418
330706.479851,379998.318612,0,730
330590.665911,380091.304243,0,730
330770.629834,380017.923142,0,730
330655.413034,379993.086795,0,175
330679.784416,379885.594519,0,476
330739.464822,380119.390287,0,329
330522.500565,380018.106884,0,504
330705.675108,379942.487823,0,382
330756.097969,379876.484282,0,652
330576.677041,380036.124214,0,730
330617.785023,380083.177081,0,530
330743.68328,379868.716149,0,435
330774.074135,379998.203516,0,730
330791.296034,380116.503691,0,730
330570.789452,379937.857288,0,149
330615.576038,380024.899461,0,730
330541.82479,379957.04146,0,730
330751.535949,379860.95377,0,617
330628.585603,379868.51241,0,467
330750.659751,379943.120706,0,730
330718.899399,380045.982798,0,730
330739.22193,380046.439514,0,618
330553.479579,380007.530615,0,609
330774.924467,379846.628714,0,730
330714.968346,380016.868722,0,730
330758.46986,379990.137808,0,258
330705.480414,379833.714142,0,730
330586.410431,379845.09347,0,342
330569.661857,380141.252501,0,313
330616.924439,379839.038606,0,35
330751.469981,380009.219704,0,730
330750.536909,379880.020225,0,730
330779.327542,380015.824669,0,347
330679.740212,380031.436567,0,730
330697.193528,379854.149739,0,621
330587.896935,379877.131924,0,446
330798.694065,380019.301452,0,213
330726.705163,380108.714704,0,245
330581.848682,379821.667365,0,361
330685.314016,380044.028903,0,345
330768.535747,380029.668983,0,587
330727.988505,379966.904573,0,669
330769.417757,380018.724985,0,730
330801.860717,379873.166922,0,539
330634.449727,380067.965836,0,639
330653.973832,380038.363847,0,186
330783.081633,379991.426211,0,555
330767.123115,379926.323518,0,54
330647.181465,379900.805399,0,626
330695.520027,379858.332606,0,214
330691.527359,379836.116724,0,97
330721.663124,380095.232812,0,730
330679.680045,379897.689019,0,730
330670.388722,379982.755902,0,316
330560.543235,380068.836617,0,730
330780.482595,379904.780365,0,656
330725.100281,380128.851663,0,730
330672.514649,379940.632283,0,137
330791.990213,379946.837624,0,527
330709.500407,379964.388846,0,730
330551.626048,379911.541924,0,601
330721.195246,379842.444175,0,730
330799.305928,380179.580066,0,730
330712.065981,380152.240814,0,463
330571.34111,380116.393742,0,460
330605.643794,379935.141293,0,730
330616.744772,379923.127357,0,730
330557.909968,379830.176378,0,730
330725.85387,379909.788775,0,58
330749.533062,380164.606368,0,730
330579.600327,379849.389948,0,243
330772.942427,380048.664902,0,342
330662.33292,379875.127879,0,690
330532.898523,379916.918234,0,529
330617.453885,380070.812411,0,233
330596.064866,379906.03167,0,730
330564.613713,379945.011522,0,730
330733.258118,380126.812372,0,226
330546.784,380110.91998,0,730
330622.608485,379976.170161,0,730
330769.83536,380018.708292,0,331
330778.680486,380161.960047,0,730
330729.091567,379917.374563,0,17
330733.661372,380135.74971,0,668
330564.204103,379936.14102,0,639
330659.13379,379850.719986,0,687
330663.223193,380043.137539,0,489
330618.239097,379940.307232,0,547
330723.324154,379898.67745,0,121
330618.067054,380136.645898,0,730
330579.465049,379918.463653,0,730
330573.237293,380052.843202,0,294
330678.329448,379914.697886,0,730
330747.247063,380036.552222,0,474
330803.78589,380076.923403,0,705
330782.029404,380046.016015,0,290
330826.489072,380133.181777,0,730
330581.535457,380149.527337,0,415
330522.789157,380036.057542,0,713
330633.856158,379829.864555,0,135
330624.801651,380100.808702,0,220
330766.561446,380010.329532,0,16
330576.583508,380132.532537,0,730
330575.025871,379839.252801,0,403
330756.812745,380140.924952,0,628
330591.420089,379994.195521,0,558
330610.66622,379865.854932,0,730
330636.757784,379834.742883,0,503
330599.392597,379865.0645,0,41
330817.813694,380093.012211,0,730
330793.25775,379903.572838,0,706
330797.783081,380030.771382,0,549
330696.429528,380038.896124,0,522
330769.798826,380118.820285,0,373
330661.191821,379924.954834,0,298
330699.60891,380131.436817,0,730
330796.4999,379832.190077,0,624
330680.236773,380086.211935,0,37
330647.601505,380050.095373,0,730
330631.770338,380006.529764,0,730
330720.560492,380094.545951,0,636
330590.854033,379975.14215,0,730
330748.512713,380119.673563,0,730
330528.25594,380059.643968,0,194
330603.649784,379835.651652,0,535
330598.294444,379982.689749,0,30
330605.861777,379896.820098,0,367
330541.699552,380067.375675,0,261
330667.733337,379906.349831,0,730
330783.989691,379900.265089,0,659
330565.242845,379853.281017,0,344
330763.197239,380096.035129,0,431
330662.683763,379875.752311,0,730
330716.221481,380104.403191,0,730
330706.287567,380148.077648,0,730
330594.939901,380124.739136,0,730
330655.579028,380051.841818,0,305
330732.080093,380161.376691,0,564
330532.933021,379933.408236,0,162
330748.551374,379842.950447,0,723
330569.878396,379849.8212,0,613
330677.761697,380042.440461,0,730
330569.585832,379892.37393,0,22
330757.319821,379959.9691,0,730
330725.467095,379885.393158,0,321
330703.761379,380108.641895,0,730
330736.971713,380117.784997,0,449
330821.666063,380084.586853,0,730
330671.13149,379933.85705,0,24
330542.524421,379990.061692,0,105
330620.402412,379877.005728,0,470
330603.739609,380143.626947,0,10
330754.42004,379831.233737,0,279
330669.004232,379885.204681,0,718
330740.444403,379892.99614,0,730
330657.101858,379823.919463,0,74
330817.072122,380056.046542,0,176
330550.53398,380098.916758,0,730
330760.395089,379858.080558,0,730
330781.02791,380136.687634,0,94
330697.887772,379893.515079,0,730
330546.29029,379989.199783,0,102
330700.221358,380076.152465,0,440
330755.664106,380053.451635,0,730
330792.238123,379946.221452,0,181
330581.061531,379848.243759,0,185
330722.452948,380083.217372,0,422
330593.832245,380122.082762,0,199
330677.105226,379946.315651,0,730
330778.39109,379895.629377,0,730
330749.074666,380136.911005,0,730
330717.518101,379864.921451,0,229
330751.813747,380090.709102,0,384
330569.283908,380085.790446,0,595
330733.035062,379843.666735,0,730
330660.216686,380061.19485,0,3
330717.718945,379886.220298,0,73
330649.237656,379971.536961,0,730
330640.362987,379843.291042,0,730
330635.766342,380030.833029,0,730
330654.715275,380075.697965,0,485
330720.363776,380035.19651,0,730
330649.92068,380086.231033,0,730
330786.940807,379912.200796,0,397
330770.425399,380002.578622,0,187
330784.359052,380092.661566,0,730
330805.830338,380166.084983,0,730
330565.033878,379876.024418,0,545
330604.51503,379860.699408,0,702
330775.279093,379989.892823,0,378
330576.653131,379979.541399,0,528
330548.661178,379843.370425,0,693
330572.901846,379859.010143,0,632
330710.623101,380005.98992,0,730
330569.875108,379935.482852,0,171
330592.908373,379890.662555,0,296
330598.306988,379955.641477,0,398
330789.01515,380001.357205,0,659
330661.224571,380102.413832,0,730
330555.094133,379875.569699,0,475
330582.774163,379905.774513,0,730
330792.188642,379842.876881,0,730
330747.623827,379940.638756,0,622
330666.622963,379984.458238,0,513
330557.655058,380099.638744,0,730
330583.244638,379822.953376,0,624
330762.379578,379857.440227,0,730
330687.035829,380068.727199,0,730
330676.003249,379837.866188,0,730
330660.191188,379868.933813,0,101
330721.21028,379990.224506,0,730
330549.050275,379895.841278,0,46
330727.856054,380163.579471,0,730
330581.613671,379860.4779,0,722
330710.290189,379974.333522,0,730
330771.108829,380033.096704,0,401
330599.80413,379846.160783,0,507
330576.87774,379989.515226,0,730
330634.182303,379949.630608,0,730
330705.48954,380160.108643,0,195
330619.9893,380121.324406,0,523
330740.785222,379987.142545,0,730
330689.708153,379909.527075,0,543
330577.473029,380142.374772,0,730
330806.027759,380114.650854,0,730
330778.340034,379901.435987,0,730
330534.234732,380001.84246,0,231
330778.564745,380144.486572,0,419
330793.672257,380068.498282,0,585
330657.014714,380028.018168,0,730
330639.660354,380109.395656,0,730
330675.708127,380117.794814,0,215
330570.462199,380028.705648,0,680
330613.683387,380109.64412,0,213
330604.699793,380081.304602,0,730
330560.465282,379953.186125,0,730
330610.302975,380021.963437,0,45
330597.923489,380092.218477,0,322
330714.224019,379871.260078,0,500
330622.248025,379868.544973,0,719
330648.906997,379917.955062,0,641
330559.91599,379894.038944,0,618
330811.236937,380133.298939,0,730
330606.798654,379922.361079,0,589
330580.99187,379832.990131,0,225
330541.312348,379935.121169,0,232
330637.406174,380095.472814,0,169
330737.729754,380034.105865,0,271
330576.438655,379991.291396,0,310
330648.568688,379994.259897,0,730
330623.419396,380116.66195,0,598
330739.829104,380040.961449,0,395
330637.476569,380127.970044,0,730
330604.931269,379840.07294,0,469
330802.639173,380180.056814,0,126
330755.063679,379891.20439,0,730
330570.730571,379822.711113,0,502
330665.093625,380022.615385,0,209
330654.872513,380000.136637,0,730
330666.496932,379888.672097,0,730
330667.496975,380099.135848,0,132
330524.304445,380046.595542,0,61
330678.360723,380018.537595,0,730
330818.875171,380040.524048,0,68
330586.463021,379938.309529,0,400
330783.820502,379852.869637,0,373
330573.521185,379825.425414,0,299
330639.07712,379931.332351,0,88
330578.135251,380129.080866,0,380
330609.251269,379907.569439,0,730
330594.319606,379921.85077,0,540
330746.981221,380164.564873,0,417
330651.597386,380150.067074,0,730
330610.019972,380001.622969,0,730
330789.1201,379967.438741,0,730
330805.523492,380082.190811,0,730
330785.405933,379888.864926,0,681
330558.128536,379949.476131,0,263
330677.286372,380127.663944,0,577
330523.304236,379937.503424,0,730
330532.165846,380031.798367,0,688
330531.70248,380072.020481,0,694
330581.757457,380067.896929,0,209
330714.28385,379836.675802,0,107
330580.204692,379900.882999,0,234
330578.249846,380063.086314,0,146
330527.961084,379844.035382,0,730
330575.014285,379933.328154,0,631
330686.649191,380132.136508,0,293
330718.999787,380082.280657,0,730
330674.637263,379988.063686,0,262
330638.7965,379939.678912,0,410
330718.295917,380025.681725,0,606
330788.099763,380024.55823,0,730
330578.04354,379953.421775,0,648
330649.34391,380139.064943,0,416
330662.446577,379831.346071,0,21
330743.596248,379904.639686,0,730
330532.041544,379853.461083,0,350
330689.665161,380147.428588,0,406
330699.947888,380057.152598,0,730
330665.108169,380036.492367,0,730
330553.481835,379863.56513,0,43
330603.142788,380069.22579,0,587
330719.808029,379907.362301,0,730
330729.172231,379997.323779,0,730
330622.003967,379829.326073,0,730
330754.660323,379894.633107,0,449
330790.935209,379966.242731,0,597
330668.700794,379881.481171,0,730
330577.198015,379882.226876,0,482
330630.709659,379993.951615,0,730
330554.418896,379928.033747,0,432
330544.913879,380076.393102,0,730
330705.490026,380131.39859,0,366
330590.910492,379985.214591,0,730
330756.731186,379930.354367,0,730
330571.035739,380065.521545,0,383
330695.793306,380060.86255,0,730
330672.502977,379823.457142,0,17
330550.078598,380121.229195,0,718
330750.521437,379872.269629,0,730
330585.060921,379840.929222,0,588
330643.608715,379830.401805,0,729
330768.13027,379965.586795,0,46
330574.036921,379832.345605,0,730
330538.912989,380031.368853,0,730
330721.463556,379842.230411,0,471
330702.229247,380091.27342,0,461
330747.694827,380060.211526,0,536
330774.326152,379984.927389,0,730
330528.303456,380128.96845,0,730
330766.732942,380022.391019,0,730
330713.054151,379997.483784,0,172
330574.754116,379992.069458,0,730
330803.239817,379984.597601,0,429
330779.991275,380021.763842,0,365
330825.249841,380147.018993,0,730
330680.881201,380142.864151,0,730
330729.049167,379857.767421,0,730
330709.426262,380055.117927,0,692
330627.117222,380105.143331,0,589
330775.2748,380064.595347,0,238
330700.155288,379926.723311,0,444
330549.14531,379902.322596,0,136
330749.551202,380071.155149,0,362
330788.117881,379924.628436,0,616
330658.319358,379837.059355,0,730
330787.305129,379829.61369,0,537
330667.992142,380147.863655,0,490
330596.55542,379825.422021,0,83
330557.423054,380144.054737,0,104
330654.569678,379836.726864,0,239
330836.669941,380178.681128,0,80
330527.316239,380064.41574,0,497
330785.289736,380084.447683,0,205
330629.94351,380030.560108,0,699
330790.689224,379934.147924,0,730
330650.673496,380089.948039,0,730
330538.77137,379998.591137,0,730
330672.31146,379858.976768,0,713
330533.969584,380035.032324,0,650
330587.907251,379933.258937,0,451
330571.67716,380140.686566,0,730
330687.627012,380065.475387,0,730
330797.852154,379859.813429,0,443
330809.850085,380100.837534,0,530
330563.49891,380061.687591,0,389
330696.681819,379909.822391,0,234
330550.699917,379956.177264,0,730
330784.993804,379975.502376,0,730
330740.789017,379854.785536,0,730
330728.218353,380113.198522,0,730
330772.655528,379932.285863,0,697
330538.23847,380127.464904,0,730
330683.420341,379902.678716,0,90
330590.736786,379951.490425,0,576
330751.655641,379940.007401,0,323
330664.704843,379853.994833,0,730
330705.131523,379963.284137,0,72
330638.588076,380035.991141,0,487
330595.114706,380044.346476,0,2
330535.196985,380052.403346,0,730
330734.019606,380108.10935,0,120
330605.289984,380126.019471,0,730
330631.899112,380128.656548,0,242
330619.516071,379851.625159,0,730
330587.216998,380086.846403,0,379
330648.901701,380060.421305,0,730
330612.780775,379831.364488,0,730
330564.602809,379909.195236,0,730
330792.311603,380076.240133,0,534
330656.46326,380013.734424,0,112
330616.8665,380053.791053,0,662
330584.47197,379927.430477,0,730
330666.423974,380051.823611,0,7
330562.842879,380125.277788,0,232
330543.420182,379907.512328,0,730
330538.856082,379905.719996,0,415
330803.694885,380127.999876,0,626
330752.626958,380060.763998,0,730
330764.428048,380117.562133,0,730
330654.856903,379831.793117,0,493
330692.955502,379866.679986,0,730
330805.980966,379919.2245,0,730
330552.268781,379866.730368,0,610
330554.10326,379854.088464,0,686
330608.833136,380000.847512,0,730
330609.508748,380110.300756,0,308
330589.371718,379821.587893,0,730
330658.488574,380111.094009,0,665
330640.256932,379827.380889,0,612
330743.393947,379936.402565,0,267
330713.30224,380091.990869,0,730
330559.97961,380087.272943,0,180
330707.582592,380041.68825,0,730
330690.38635,379873.666345,0,730
330560.552609,379988.70267,0,221
330558.30546,379844.148027,0,696
330791.129174,379829.687396,0,95
330680.239302,380058.433529,0,730
330615.783151,380057.894807,0,724
330812.106093,380042.370605,0,730
330697.615437,380104.40819,0,1
330728.394985,379931.597034,0,576
330536.9322,380101.954616,0,81
330731.01053,380042.692323,0,730
330721.609643,379958.930385,0,730
330551.929344,379982.705003,0,634
330700.787426,379956.444545,0,366
330717.885145,379918.778063,0,494
330591.892009,379872.194464,0,36
330755.668516,380096.143985,0,472
330536.482956,379929.489888,0,730
330710.189563,380138.223029,0,730
330589.931342,379927.663729,0,533
330598.032102,380052.518724,0,730
330729.957339,380121.279231,0,572
330619.97648,379948.061491,0,110
330526.785056,380072.552319,0,730
330598.247417,380092.054275,0,730
330521.87146,379912.197946,0,730
330629.99266,380116.248567,0,730
330586.502587,380032.316271,0,730
330782.850105,379970.780049,0,500
330621.366014,379841.491293,0,730
330656.254163,379867.410348,0,590
330678.965254,379896.708472,0,155
330784.476205,379946.436745,0,730
330799.714112,379913.522436,0,730
330579.368871,380108.372604,0,14
330671.387784,380085.640949,0,730
330664.524062,379883.175929,0,705
330798.496604,380096.085362,0,721
330561.165292,380095.727655,0,619
330581.405354,379841.254495,0,730
330771.810601,379875.81807,0,602
330625.583715,380153.937069,0,730
330621.843304,379912.779299,0,583
330637.239282,379901.007948,0,730
330819.334262,380086.027438,0,730
330608.554233,379869.375991,0,559
330602.988261,379853.470539,0,728
330747.409244,379929.280187,0,730
330646.172593,379956.851905,0,730
330795.429706,379991.635673,0,129
330526.97256,379875.68794,0,476
330711.450491,379912.216959,0,730
330681.872346,380008.794201,0,730
330643.021772,379858.739508,0,730
330595.171201,379981.242237,0,75
330718.03639,380141.84705,0,644
330796.769364,379893.724983,0,647
330575.131747,380037.771367,0,730
330742.367764,379964.366143,0,191
330626.950697,379826.81635,0,485
330642.937609,379996.271705,0,730
330705.622131,379982.008139,0,730
330673.043012,380040.380707,0,730
330741.976704,380119.381691,0,554
330648.516096,380098.63216,0,730
330670.95348,380030.560982,0,730
330754.516354,379836.088485,0,527
330751.666378,380043.013054,0,730
330570.590256,379915.342932,0,461
330650.918092,379987.291932,0,730
330687.921078,379973.834936,0,730
330801.390555,380003.449784,0,208
330703.245553,379979.2317,0,730
330800.915348,380077.22112,0,730
330560.040274,380135.256199,0,691
330774.877921,380104.580428,0,730
330798.706793,380092.166235,0,84
330818.935698,380046.271199,0,560
330694.53617,379996.754945,0,543
330767.942265,380083.522335,0,730
330530.479561,380100.712076,0,427
330716.269639,380108.50251,0,715
330703.782853,379965.618347,0,473
330765.199525,380165.322863,0,503
330769.385116,380139.957894,0,730
330621.658588,380087.963948,0,702
330754.750756,380154.103028,0,167
330805.232562,380136.09741,0,730
330772.857957,380093.372345,0,730
330598.729957,380068.966438,0,613
330762.129086,380131.534681,0,730
330661.070927,380135.40444,0,23
330559.123509,379958.357847,0,730
330698.635531,379979.485682,0,286
330643.573788,380007.065726,0,730
330810.637601,380032.769108,0,586
330635.117735,379919.623544,0,144
330576.714427,380056.228557,0,730
330784.502461,379878.655387,0,484
330694.590176,380031.346577,0,348
330598.705314,379943.594799,0,730
330539.958464,379954.793166,0,660
330728.194716,379891.679325,0,730
330531.389689,379849.834841,0,730
330794.516949,379996.260757,0,199
330738.286942,380000.91167,0,214
330603.549212,380151.320896,0,725
330567.551009,379924.073255,0,508
330788.882054,380064.81555,0,730
330745.929749,380015.961301,0,730
330800.095161,380009.357677,0,730
330803.782114,380124.616508,0,730
330725.611336,380078.528562,0,730
330602.033439,380064.421729,0,730
330657.04815,379885.231347,0,730
330622.805366,379958.028262,0,730
330755.550137,379899.228128,0,515
330628.195055,380027.111545,0,516
330608.581992,379953.818043,0,730
330698.823485,379832.982413,0,108
330817.864082,380133.949443,0,730
330576.618302,380069.594768,0,730
330814.428977,380119.042688,0,518
330555.277778,380095.764728,0,730
330729.272283,380139.858272,0,85
330678.411081,380041.24284,0,730
330680.995659,380118.204099,0,671
330741.687859,379856.94341,0,122
330707.413865,379941.782716,0,730
330553.487926,380073.772589,0,535
330604.306738,380098.381178,0,207
330599.847636,379957.249062,0,730
330709.13698,380026.39088,0,730
330585.674282,379822.35638,0,706
330626.62556,380038.924136,0,730
330623.326523,379984.123661,0,428
330571.067914,379974.699856,0,730
330688.658988,379909.991914,0,249
330642.997678,380033.531989,0,568
330645.813694,379880.393679,0,220
330701.684003,380028.637676,0,332
330537.432106,380136.021878,0,730
330572.087438,379903.976807,0,352
330615.642877,379934.982497,0,453
330536.952989,380048.497448,0,730
330557.053061,380145.268985,0,320
330614.708911,380025.011507,0,359
330699.839958,379839.197154,0,577
330634.153637,379850.052977,0,730
330649.790698,380072.792219,0,94
330638.895968,380144.168738,0,524
330746.212567,379955.629214,0,730
330775.638747,380066.024344,0,478
330724.803064,380167.484449,0,730
330712.850339,380139.30568,0,730
330566.102808,379841.060987,0,445
330743.602355,379836.375669,0,677
330713.206014,379984.693978,0,429
330571.643805,380147.420663,0,730
330553.032806,379864.15104,0,518
330764.918324,379992.974667,0,467
330525.876814,380132.235,0,565
330732.437726,380065.717984,0,480
330548.813609,379986.660043,0,615
330576.847161,380018.707967,0,730
330740.058227,379953.77664,0,721
330576.748381,380130.879099,0,730
330624.589388,379977.234057,0,101
330682.369127,379882.475249,0,730
330632.717453,379956.301764,0,730
330561.243779,379855.656954,0,289
330650.248175,379872.05942,0,479
330659.648523,380110.597869,0,253
330549.237899,379949.325113,0,730
330600.007508,379984.250195,0,730
330556.494788,379992.251012,0,730
330752.687058,380118.454545,0,730
330770.991258,380114.277997,0,694
330558.695644,379864.713053,0,730
330647.152755,380111.122966,0,514
330752.088706,379924.775841,0,730
330793.703222,380104.431277,0,730
330705.464526,379948.019485,0,264
330635.354003,380119.101382,0,55
330629.394397,380008.692511,0,730
330735.590375,379987.628795,0,730
330539.772213,379834.203669,0,730
330756.371229,380049.065234,0,344
330564.524442,379825.504199,0,70
330742.045013,379952.155398,0,605
330543.191219,380096.785715,0,730
330622.846117,380008.453287,0,478
330744.886636,379954.770582,0,730
330685.958481,379865.702522,0,730
330675.967308,379940.36136,0,730
330723.447161,379868.647817,0,730
330617.315404,379821.279673,0,462
330577.789284,380103.44633,0,610
330562.157315,379848.767607,0,591
330696.369041,379932.34117,0,118
330524.461512,380023.207025,0,730
330545.877409,379948.277512,0,501
330759.10186,379971.624337,0,730
330638.540042,379862.402248,0,629
330680.724064,379947.597296,0,287
330560.949009,379963.556356,0,588
330753.655652,379927.125541,0,663
330673.922675,380118.355333,0,110
330757.807982,379943.483745,0,663
330669.343832,379859.030355,0,730
330616.380555,379962.095942,0,667
330575.993678,379925.849897,0,578
330565.722178,379976.466501,0,407
330659.640526,379997.206428,0,730
330678.278576,380010.703372,0,730
330749.822388,379871.278194,0,730
330795.065874,379906.390436,0,730
330605.669002,379835.501357,0,598
330791.004088,379939.629359,0,730
330598.180057,379915.740145,0,682
330653.656915,379923.51816,0,730
330645.09732,380041.1368,0,720
330531.751384,379960.265086,0,730
330737.508268,380064.160871,0,452
330714.943457,379895.381673,0,703
330792.237675,379999.786142,0,730
330579.789441,379850.591959,0,202
330639.24329,379858.123826,0,730
330658.583282,379874.763899,0,697
330593.09411,380049.41273,0,678
330528.500635,380096.05511,0,363
330724.395785,380080.135752,0,103
330721.291545,380024.878055,0,730
330642.787944,380002.372123,0,498
330698.74942,380002.287972,0,730
330711.511827,379914.005447,0,638
330599.124617,379939.759984,0,196
330718.025284,379901.23661,0,730
330683.775816,379997.817328,0,730
330555.922172,379849.79781,0,64
330725.006195,379983.883913,0,183
330563.127245,380069.396597,0,74
330798.072517,379848.534763,0,89
330538.674643,379980.397692,0,730
330793.05409,379837.439577,0,730
330760.520608,379919.267984,0,730
330745.207871,380172.295691,0,730
330777.458537,379837.381571,0,730
330620.865011,379916.25065,0,730
330800.254563,380092.33701,0,730
330603.443567,380105.922749,0,730
330660.03317,380035.442728,0,730
330777.653035,380152.128322,0,82
330557.346966,380052.641776,0,730
330681.516266,379972.600413,0,319
330575.825778,379909.723366,0,730
330793.016167,379880.102556,0,641
330616.677171,379858.391349,0,730
330789.369722,379932.4801,0,730
330797.528253,380032.498475,0,307
330540.142336,380080.01563,0,349
330751.741623,380066.554918,0,711
330553.79402,380062.713529,0,2
330667.402092,379994.598313,0,730
330662.402007,379822.678224,0,730
330571.530023,379977.61054,0,374
330706.333443,379955.997,0,435
330657.964465,380041.18456,0,730
330784.317917,379849.790411,0,730
330669.883357,379823.834932,0,730
330657.074369,379993.953251,0,730
330749.025888,380168.207166,0,590
330764.049712,380044.608114,0,730
330697.455722,379909.297623,0,552
330641.248857,379885.43691,0,542
330580.381662,379895.880978,0,354
330759.674798,380057.823182,0,147
330607.089586,380129.401694,0,730
330792.555314,379957.706657,0,730
330650.908138,379899.949695,0,730
330757.593864,379955.547701,0,196
330616.781991,380063.404449,0,730
330565.116294,379974.287718,0,730
330643.758432,380079.028954,0,157
330598.944557,380005.671313,0,441
330673.342897,379946.601023,0,730
330541.35096,379835.737853,0,146
330801.663122,379984.476529,0,730
330826.158878,380140.284037,0,730
330529.598956,379825.275584,0,730
330717.642893,380071.661646,0,505
330683.223931,379930.344671,0,391
330525.129403,379895.290646,0,20
330774.484961,380059.147026,0,730
330634.452373,380073.805954,0,13
330587.76747,379997.401179,0,730
330756.538757,379972.544294,0,505
330570.198305,379881.965794,0,730
330526.432293,379951.581968,0,730
330676.101864,380007.028156,0,730
330786.51482,379829.664043,0,408
330772.101215,380174.325981,0,358
330739.423241,380168.499466,0,645
330673.620344,380038.618442,0,730
330593.424003,380115.294702,0,528
330744.303569,380044.188079,0,491
330708.717059,380124.012782,0,730
330785.80998,380067.272208,0,730
330608.055995,380116.39752,0,730
330543.087877,379877.433463,0,582
330548.317517,379998.072448,0,730
330574.758658,380082.848107,0,730
330783.463392,380087.275885,0,730
330681.831377,380135.495037,0,268
330788.377806,380052.380695,0,730
330603.423396,379956.440768,0,730
330545.467441,379968.714515,0,677
330569.764573,379840.973728,0,730
330703.10393,380029.988206,0,679
330680.054835,380072.647205,0,390
330724.250789,379946.891194,0,730
330619.86877,380155.299115,0,581
330529.63093,379885.458545,0,730
330529.748894,379917.197573,0,722
330581.459946,380124.567917,0,730
330776.983688,380037.44928,0,714
330738.952928,379995.402908,0,693
330675.824423,380031.448321,0,601
330598.886272,380107.766539,0,730
330732.738415,379890.7745,0,730
330647.731321,380008.784112,0,557
330675.887956,380111.534028,0,276
330526.368593,380138.383076,0,730
330778.879778,380064.064524,0,707
330747.672587,379971.096529,0,339
330774.369658,380143.796368,0,150
330775.23525,379936.23494,0,730
330624.837574,379880.219666,0,139
330715.895788,379845.277695,0,317
330766.783998,380141.014137,0,673
330667.324656,380006.640965,0,730
330597.948704,379902.696786,0,268
330793.923847,379926.587918,0,730
330693.78093,379948.428431,0,193
330808.174116,379969.962152,0,730
330779.728306,380118.645153,0,563
330662.234925,379960.844513,0,206
330565.820443,379957.117042,0,730
330736.53994,380076.599949,0,730
330554.215424,380050.121506,0,325
330713.970383,380129.960503,0,506
330619.07594,380154.327765,0,730
330568.31082,380071.775126,0,509
330541.629307,379949.936898,0,563
330776.718972,380130.779983,0,460
330761.47538,379964.828933,0,726
330595.147611,380124.892798,0,730
330797.491561,379886.115004,0,107
330693.246372,379831.160429,0,730
330596.066864,380067.037432,0,730
330779.68281,380091.413158,0,730
330535.442831,379952.443546,0,190
330591.245584,380094.310705,0,78
330530.255964,380032.139556,0,730
330617.804335,379980.625191,0,469
330720.415035,380110.540786,0,551
330592.953035,379876.513005,0,368
330672.820702,379979.367701,0,438
330552.778508,379862.561443,0,730
330734.318224,380079.448597,0,703
330718.783102,379843.404584,0,50
330642.562286,380060.942917,0,371
330740.541836,380048.433415,0,464
330609.019035,380104.15746,0,644
330686.831618,380033.819635,0,174
330666.328869,379947.340334,0,730
330670.819034,380020.987279,0,3
330546.545773,379978.989,0,730
330712.358612,380088.115506,0,361
330761.788947,379851.012689,0,250
330552.446465,380105.222637,0,730
330631.743223,380125.534406,0,381
330638.868579,379940.955498,0,160
330686.129801,380051.97649,0,730
330582.991122,379953.23293,0,730
330673.944413,379974.17214,0,701
330540.530675,379834.056893,0,730
330557.680106,380033.178565,0,651
330732.807035,380047.57462,0,730
330746.080489,380089.936617,0,331
330748.05506,380019.302121,0,730
330607.722979,379826.238008,0,509
330801.170164,380070.519682,0,730
330593.961744,380120.822565,0,730
330689.069773,380120.629596,0,539
330742.599669,380043.115222,0,684
330776.664318,379868.020762,0,349
330531.346456,380083.198692,0,109
330810.707911,380168.610118,0,289
330726.016242,380129.622422,0,128
330606.326911,380041.896775,0,730
330667.94726,379921.331887,0,730
330625.862493,379982.246194,0,730
330549.371216,380091.258612,0,730
330532.105977,379913.023845,0,727
330697.108017,379963.026235,0,482
330621.078134,380099.471188,0,159
330600.220523,380011.153361,0,730
330610.522303,380139.895203,0,700
330803.823928,380026.301991,0,470
330522.286169,380000.521903,0,58
330664.256398,379946.978114,0,83
330757.31501,380128.072847,0,219
330646.475089,379886.674287,0,730
330523.350922,380056.585329,0,730
330663.551485,379866.759029,0,730
330794.365685,379887.968585,0,730
330646.972529,380103.885632,0,704
330644.754738,380045.644506,0,420
330815.323626,380073.922141,0,531
330775.566146,379945.783642,0,521
330593.785823,380087.3901,0,343
330766.425825,380012.93554,0,730
330575.211715,379893.196714,0,730
330789.871168,380119.242326,0,64
330579.295326,379916.60228,0,730
330801.71468,379901.016562,0,212
330682.586088,379893.634861,0,452
330755.317276,380164.742109,0,730
330672.226864,380070.766919,0,444
330640.855964,380054.612364,0,393
330663.394813,379949.265392,0,692
330557.265041,380074.145457,0,730
330735.364974,379996.128478,0,65
330723.609803,379909.358149,0,501
330559.582776,379918.258627,0,730
330649.243677,379923.69396,0,730
330600.222044,379984.401459,0,536
330576.461815,379939.597401,0,492
330728.874696,379911.480117,0,258
330723.237374,379883.657839,0,156
330630.658604,379927.073193,0,144
330545.720433,379924.700713,0,512
330750.669257,379862.491092,0,730
330761.88499,379885.622654,0,730
330604.372033,380001.851259,0,730
330597.966319,379837.611331,0,36
330791.073408,379857.284468,0,396
330749.430943,379928.692188,0,730
330684.14757,379892.3008,0,730
330683.550977,379875.714776,0,712
330782.594815,379958.569757,0,730
330795.249662,379922.399786,0,726
330574.047583,380083.393416,0,730
330816.652336,380126.387826,0,433
330675.257042,379874.417235,0,730
330709.634815,379981.492033,0,166
330590.924817,380120.344689,0,730
330706.393698,379908.520353,0,79
330627.199611,380091.767839,0,394
330684.379163,379837.799889,0,173
330791.366589,379829.009651,0,730
330800.59576,380026.297462,0,672
330729.473028,380150.527748,0,730
330746.815405,379827.08378,0,730
330599.318749,379836.545437,0,730
330747.874971,380081.205112,0,730
330651.990682,379891.89014,0,730
330772.16469,379840.828006,0,730
330630.869391,379878.933375,0,534
330807.505962,380153.745005,0,730
330767.392542,380138.834288,0,730
330707.749246,380009.1666,0,683
330636.756083,379844.551993,0,244
330752.567078,379897.211842,0,522
330534.64211,379862.760284,0,730
330756.179562,379855.901027,0,730
330717.48471,379949.05741,0,519
330635.238501,379968.591812,0,730
330599.351138,380140.899352,0,458
330771.233736,379929.279434,0,730
330533.938138,380089.715563,0,145
330596.927677,379832.373657,0,730
330803.605387,379929.626136,0,642
330803.218437,380175.432424,0,592
330782.045567,379994.309282,0,387
330790.768483,379955.382819,0,314
330668.341839,379838.030212,0,405
330676.951639,380118.051783,0,730
330607.646429,380042.098553,0,730
330609.852147,379915.071859,0,730
330576.734611,380120.422303,0,510
330694.398463,379887.09633,0,18
330654.71818,380155.194932,0,201
330671.513503,380006.671715,0,730
330686.23374,380149.104406,0,322
330632.205441,379953.308644,0,614
330634.946375,379835.161657,0,730
330740.995939,380013.928691,0,381
330745.081861,379956.596765,0,716
330554.906708,380054.690097,0,550
330692.065855,379854.698337,0,730
330766.181124,380130.164812,0,730
330806.742437,379932.677188,0,233
330741.046233,379910.577569,0,130
330668.822028,379839.310227,0,728
330675.056637,380063.399037,0,66
330702.165435,379987.496736,0,155
330796.631572,379879.637061,0,730
330591.728591,379978.496835,0,730
330553.889117,379993.555925,0,544
330813.800642,380174.282833,0,730
330556.906461,379956.423365,0,161
330662.730173,379883.526207,0,404
330587.874372,379923.430892,0,730
330638.953013,379889.313262,0,730
330599.661269,380047.889607,0,730
330565.059908,379971.045986,0,723
330627.728609,380111.175338,0,730
330552.812794,379845.950472,0,325
330754.987425,380025.596969,0,203
330738.322549,379990.639987,0,730
330639.521411,379984.535095,0,358
330571.824084,379860.317859,0,497
330555.104841,379950.416598,0,265
330523.601777,380017.246514,0,99
330773.744149,380159.468979,0,730
330801.249442,380131.212817,0,685
330730.717295,380088.658896,0,600
330741.076698,379935.707458,0,614
330817.98452,380154.902375,0,131
330605.541853,380048.581051,0,377
330661.097865,380031.692442,0,237
330557.038535,379899.714445,0,730
330819.970933,380051.705738,0,730
330781.49303,380104.351703,0,486
330616.729221,379866.451938,0,521
330669.402261,379939.751466,0,730
330739.538298,380046.552154,0,730
330563.080051,380016.251644,0,457
330741.69428,379871.847993,0,730
330588.197576,380005.125015,0,123
330760.339435,379952.632257,0,653
330809.690504,380143.380863,0,263
330807.797752,380009.345461,0,730
330613.902493,379890.540034,0,730
330651.218266,380110.244473,0,335
330544.41934,380050.920823,0,187
330586.884779,379982.650209,0,41
330743.369784,379933.015784,0,730
330814.641567,380019.486388,0,61
330548.299912,379837.841681,0,730
330565.526232,379911.078439,0,730
330557.621767,379862.04598,0,730
330648.238749,380038.309939,0,730
330736.88393,380057.442628,0,417
330662.935864,379827.040608,0,538
330673.712715,379977.694979,0,730
330584.338345,379985.157647,0,274
330649.743624,380040.308873,0,502
330644.19756,380140.023096,0,730
330572.003027,379912.991811,0,730
330731.855582,379979.533573,0,284
330720.145647,380064.231604,0,531
330641.571931,379976.868445,0,730
330719.84247,379926.940633,0,730
330738.18587,380150.315432,0,730
330681.19375,379849.144338,0,720
330717.363046,380017.697147,0,210
330696.672079,379981.740095,0,544
330829.518712,380180.028791,0,380
330615.137895,380147.341214,0,730
330620.37902,380075.12948,0,272
330609.16161,380132.374705,0,571
330701.828847,379893.488956,0,730
330603.611294,379945.788965,0,668
330767.830501,379958.284517,0,676
330823.599893,380165.540645,0,314
330642.434469,380137.12972,0,492
330715.702716,380104.643385,0,311
330730.89589,379990.128365,0,479
330676.365936,379847.905661,0,375
330522.704836,380048.019917,0,730
330612.030047,379862.574483,0,160
330742.642336,379894.8922,0,184
330651.649894,380047.131471,0,730
330578.49118,379826.962456,0,730
330706.891069,379961.940701,0,302
330539.617424,379934.299481,0,730
330793.47897,379832.139973,0,695
330596.784777,379972.799194,0,730
330577.991571,380106.932743,0,495
330679.959309,380034.338334,0,111
330817.82858,380148.752842,0,418
330669.269167,380155.402603,0,106
330823.391746,380079.719447,0,559
330606.770694,379980.407356,0,730
330632.84695,379829.018893,0,730
330539.24777,380056.918497,0,730
330809.466913,380071.041052,0,627
330587.899676,380122.521293,0,730
330672.342223,379934.380567,0,216
330807.501519,380023.873308,0,63
330757.994829,379947.257194,0,548
330541.465826,379971.521145,0,730
330531.344261,380130.41671,0,730
330673.075456,380116.528864,0,730
330783.321351,380142.151408,0,730
330559.481969,380141.591555,0,8
330785.260422,380099.328944,0,295
330792.563531,380048.563884,0,280
330565.014691,379861.103852,0,730
330652.6143,379864.924737,0,608
330797.583125,380118.039982,0,730
330716.068247,379998.308606,0,730
330630.165846,380057.021141,0,730
330716.869069,379862.563893,0,473
330675.487594,379825.303891,0,330
330643.076068,379970.10923,0,259
330522.133404,379984.703075,0,730
330687.73734,379984.379209,0,608
330593.166725,379864.610107,0,141
330783.104591,379896.38466,0,506
330767.179869,379902.292826,0,642
330540.527476,379992.554318,0,466
330572.142662,379918.741657,0,730
330730.701271,379970.163156,0,414
330733.351503,380055.920622,0,730
330662.068219,380160.113297,0,730
330579.781598,380097.20013,0,561
330779.557267,379968.723753,0,730
330588.384935,379942.531456,0,730
330649.123255,380028.204537,0,516
330691.693518,379891.694265,0,430
330641.270621,380081.725104,0,593
330798.325502,380108.893086,0,730
330651.244584,379896.213523,0,685
330652.128825,380026.101031,0,730
330749.055862,380025.980527,0,730
330760.554377,379869.875737,0,525
330596.735983,380070.322972,0,730
330676.231579,380089.832735,0,47
330583.743602,380078.461589,0,680
330722.645187,380075.868211,0,357
330694.970759,379864.433319,0,513
330666.361502,380030.384749,0,172
330590.4068,379955.30159,0,730
330578.120684,379919.425519,0,730
330669.26634,380092.06239,0,730
330605.601592,380033.03549,0,628
330645.204216,379927.537935,0,605
330628.423327,380150.436555,0,730
330570.743062,380020.237652,0,517
330820.999956,380040.696001,0,391
330566.170252,379911.463783,0,730
330780.877103,380074.784669,0,304
330701.820855,379874.76978,0,730
330827.844389,380123.775625,0,730
330783.670911,379949.440091,0,730
330681.334436,380132.624348,0,632
330664.156561,379881.414186,0,730
330551.028555,379992.045293,0,700
330537.683541,379989.43293,0,730
330686.118469,380139.810626,0,173
330622.807487,379967.376435,0,711
330689.57034,379891.749973,0,324
330756.394923,379973.250431,0,730
330555.252487,380063.149934,0,730
330786.691742,379956.941338,0,431
330693.230373,380123.162996,0,730
330544.548651,380056.237693,0,584
330599.119795,379904.867207,0,555
330717.191505,379848.223561,0,640
330541.023129,379822.810461,0,400
330704.119054,379840.976229,0,730
330587.713203,380016.4197,0,179
330602.329654,380066.234503,0,141
330803.00975,379912.723552,0,730
330538.469535,380121.169795,0,730
330754.987953,380087.453163,0,730
330828.112369,380160.695498,0,138
330687.214104,380039.941966,0,580
330587.613209,380142.173625,0,698
330735.805038,379871.212255,0,730
330685.393116,379986.187217,0,654
330668.676142,379916.551425,0,194
330524.350888,380034.514874,0,710
330822.708129,380068.886342,0,701
330745.60908,379915.276497,0,730
330545.753941,380134.149007,0,593
330538.86857,380094.897881,0,730
330597.536836,379905.209738,0,30
330619.959249,379827.511138,0,629
330785.607456,379838.429948,0,709
330563.156113,380083.897991,0,459
330746.392175,379835.80728,0,730
330646.469781,380034.507698,0,161
330693.853213,379898.114701,0,730
330632.740882,380151.340912,0,317
330614.580999,380084.009774,0,125
330750.516465,379951.775365,0,730
330534.081646,379844.462083,0,730
330562.38359,380074.140554,0,730
330772.503933,379935.577242,0,409
330708.523457,380071.945595,0,730
330767.995462,379989.115334,0,683
330788.71399,380151.184731,0,730
330722.237255,380168.570106,0,730
330694.163346,379835.010408,0,730
330624.901673,380127.450031,0,638
330800.73296,379986.385386,0,455
330758.246277,380114.513716,0,481
330567.22242,379869.956785,0,730
330532.884844,379987.160217,0,730
330550.559243,379995.269097,0,450
330552.389046,380136.190873,0,154
330756.829487,380060.040591,0,674
330567.128547,379870.794403,0,206
330560.863914,380062.698987,0,730
330635.662841,380120.209605,0,730
330661.38509,379931.973176,0,517
330751.109786,379931.558064,0,279
330672.945681,380000.073706,0,223
330758.098905,379857.510866,0,550
330669.72438,379831.976746,0,553
330637.871105,380009.456888,0,390
330598.858547,380009.681779,0,404
330563.812467,380054.172719,0,708
330615.082157,380139.907253,0,323
330715.140291,380027.177562,0,411
330562.293745,380071.707543,0,730
330740.734263,379937.652654,0,730
330723.74879,379826.175624,0,730
330762.668109,380099.262788,0,730
330798.083269,379864.708733,0,730
330789.988566,379889.153811,0,730
330675.541548,379851.326567,0,240
330726.528052,379895.813411,0,666
330539.035756,380074.185519,0,340
330660.886367,380116.121699,0,730
330526.227738,380131.807054,0,730
330529.084723,380011.652149,0,730
330758.021191,380166.676722,0,730
330523.791003,379966.742776,0,419
330819.644994,380113.700585,0,645
330656.604891,380085.95527,0,730
330540.432589,379842.919491,0,730
330705.283189,380097.765792,0,538
330529.417669,380072.621241,0,730
330598.897335,379960.59656,0,350
330682.455017,379925.332897,0,730
330657.659503,380055.818289,0,730
330523.22847,380025.77679,0,277
330546.431362,379850.352022,0,730
330702.495432,379825.419701,0,730
330684.991998,380062.951227,0,189
330721.878939,379982.300056,0,679
330638.930955,379999.675373,0,372
330739.812609,380126.577783,0,681
330824.12018,380088.637721,0,730
330598.917646,380124.822482,0,730
330663.837385,379845.711626,0,730
330830.196655,380137.743609,0,730
330816.995957,380123.437044,0,730
330708.785254,380013.436353,0,730
330530.523929,380056.607427,0,175
330585.292293,380045.569922,0,730
330712.572017,380146.809427,0,730
330727.914783,380009.065853,0,330
330696.031637,380093.79413,0,408
330663.103486,379961.825055,0,595
330529.53219,380047.793907,0,730
330732.042714,379840.907568,0,730
330640.158031,379890.486948,0,169
330692.875437,380002.554839,0,730
330717.489921,380093.929759,0,523
330603.482776,379895.001773,0,687
330761.0081,379847.672826,0,730
330728.745982,379826.171602,0,730
330791.124804,379978.654487,0,730
330657.162612,380128.921382,0,730
330781.863331,380166.097653,0,716
330778.161052,380167.426828,0,60
330542.57877,380034.798316,0,730
330535.586207,380067.850746,0,441
330593.505384,380029.770806,0,8
330657.877928,380068.227254,0,730
330785.730164,379883.073138,0,496
330734.641327,379870.405553,0,730
330530.945902,379949.712725,0,89
330728.620653,379928.235165,0,519
330545.916619,380130.785655,0,730
330629.575869,379897.619782,0,730
330533.159868,379844.279332,0,356
330792.410263,379886.037413,0,730
330566.529247,380126.873396,0,327
330709.843518,380114.376694,0,691
330654.469156,379952.512937,0,583
330601.294378,380006.58826,0,710
330827.068221,380115.92514,0,730
330577.554043,379949.882736,0,730
330572.348218,380007.366595,0,442
330735.734954,380007.127066,0,389
330551.23495,380057.363277,0,230
330680.360583,379930.113243,0,255
330808.916598,380039.230315,0,730
330802.247663,380168.414434,0,698
330781.058533,380000.452287,0,730
330528.124243,379954.461501,0,474
330639.735272,379821.319325,0,730
330653.645732,380123.71103,0,730
330807.636671,379974.991483,0,79
330734.097645,380024.163208,0,328
330598.6953,380036.100479,0,455
330623.545821,379890.54336,0,388
330628.305424,380024.121142,0,288
330581.51434,380069.399056,0,76
330748.755388,379880.759287,0,730
330576.587413,379944.087754,0,271
330816.083339,380072.235661,0,730
330760.527691,380083.349289,0,730
330685.493326,379956.384994,0,730
330772.981556,379936.537657,0,730
330810.856954,379987.505437,0,456
330747.077604,379930.058164,0,730
330654.58024,379981.260008,0,581
330829.641732,380146.249447,0,730
330598.627796,379851.695744,0,316
330526.989886,379862.397434,0,730
330768.253363,380156.156565,0,730
330769.053219,379927.434902,0,730
330709.284656,379904.171809,0,649
330593.428794,379819.826894,0,147
330778.750863,380115.251061,0,369
330791.230837,379878.831105,0,730
330608.243821,379846.328991,0,730
330783.151826,379886.728816,0,423
330665.291611,379890.895236,0,562
330629.876817,380132.13351,0,730
330743.503851,379845.078539,0,666
330713.606164,380086.764962,0,24
330677.142684,379830.567489,0,57
330595.539007,379981.791123,0,326
330627.316467,380030.307362,0,699
330814.701758,380028.805465,0,730
330715.41038,379898.651087,0,730
330802.147875,379951.975732,0,730
330699.247352,379995.857748,0,465
330745.594266,379959.744804,0,335
330620.636256,379994.660435,0,176
330563.899537,379844.487464,0,730
330776.49767,380000.447797,0,730
330561.931589,379884.395734,0,210
330792.243057,379912.436824,0,730
330697.088514,379916.499033,0,348
330592.313757,380069.928649,0,542
330627.854231,380039.982886,0,619
330726.886812,380142.963196,0,730
330694.834893,380016.724865,0,603
330765.475725,379983.614953,0,730
330602.772446,379927.047441,0,730
330698.900555,380161.6665,0,537
330541.245292,379884.723408,0,333
330721.310178,379964.327118,0,424
330774.521234,379908.724958,0,115
330707.354918,380151.158615,0,730
330553.707107,379982.018592,0,730
330545.984568,380099.215462,0,208
330546.834961,380096.716488,0,730
330643.32675,379840.307279,0,457
330764.801923,379981.708002,0,29
330523.631377,379912.606739,0,730
330736.101046,379920.806983,0,283
330715.759417,379884.913578,0,623
330617.410348,380098.505101,0,625
330625.484566,380092.581472,0,413
330579.793679,379885.628237,0,730
330554.785739,379959.115016,0,454
330561.471308,380038.622573,0,730
330584.009273,379827.083935,0,730
330802.263071,380174.993173,0,730
330648.460258,379962.532018,0,730
330682.760348,380161.818868,0,26
330741.186731,379844.776345,0,437
330670.815798,379829.165398,0,620
330674.55292,380034.982474,0,730
330744.080712,380145.908606,0,654
330565.096399,379937.140023,0,98
330702.561818,379943.433398,0,730
330640.165293,380032.445658,0,129
330780.88941,379855.261513,0,131
330771.621253,380165.141481,0,481
330637.822282,380037.21008,0,730
330574.909487,379918.198483,0,730
330566.982223,379871.637012,0,730
330524.78671,379984.970519,0,730
330793.913489,380073.791559,0,730
330616.733215,380037.813421,0,730
330651.428927,379928.115675,0,730
330537.137557,380062.139998,0,669
330636.993935,379964.527998,0,730
330755.72263,380068.175126,0,620
330806.73438,379947.476338,0,730
330550.680831,379873.007617,0,385
330790.260142,380081.607803,0,195
330681.916092,379924.515223,0,730
330564.733647,379915.774589,0,270
330754.498165,380101.093507,0,118
330752.722542,379843.364323,0,607
330625.493266,380046.610452,0,607
330697.566689,379859.946101,0,730
330778.022565,379932.634386,0,730
330665.379793,379894.88731,0,276
330796.13133,379914.362223,0,730
330787.144564,379969.88971,0,730
330595.476977,379970.417876,0,238
330650.908338,380071.167502,0,730
330731.330151,379889.640504,0,565
330780.578704,380170.913807,0,730
330818.450257,380107.688831,0,712
330743.929474,379976.743697,0,50
330594.413421,380088.729118,0,730
330760.686843,379864.604223,0,730
330731.067369,379860.881535,0,384
330561.417975,379930.821779,0,730
330724.672452,380111.301391,0,730
330712.991208,379935.335329,0,198
330579.541731,380081.269311,0,511
330776.474811,379980.528172,0,575
330668.572355,379990.894095,0,730
330671.854492,380027.648281,0,730
330786.806912,379913.136951,0,386
330523.500157,379911.170964,0,730
330551.652251,379866.430195,0,730
330657.921413,380105.242527,0,119
330637.259905,380117.702653,0,730
330574.157604,379987.341542,0,730
330745.708042,379895.506251,0,730
330787.243386,379969.244458,0,730
330535.029223,380091.549391,0,592
330734.825791,380110.760947,0,730
330673.618953,379931.535064,0,636
330524.666104,379880.297198,0,730
330782.324561,380169.393218,0,730
330813.440552,380155.488213,0,113
330605.392162,379975.822815,0,729
330744.053284,380083.028001,0,127
330626.038996,380115.036201,0,730
330677.545873,380066.310516,0,20
330748.156904,380107.614439,0,730
330790.658509,380148.160767,0,9
330739.64732,380057.718343,0,599
330756.192845,379984.489147,0,422
330823.806804,380161.916741,0,730
330713.253195,379879.628969,0,730
330611.533521,379951.210491,0,730
330777.524222,379992.590289,0,106
330672.255803,380037.95437,0,730
330525.35517,379946.193791,0,730
330615.954069,380123.572243,0,259
330705.939528,380036.392113,0,379
330792.332543,379899.695263,0,529
330721.967878,380061.043817,0,546
330802.577546,379921.688303,0,371
330708.998589,379919.140375,0,34
330589.288877,380134.376599,0,730
330621.736979,380015.413204,0,690
330620.697314,380029.710402,0,730
330663.714978,379885.23165,0,730
330729.974952,379958.945995,0,554
330807.292647,379928.572912,0,730
330569.856209,380129.832941,0,730
330662.952436,379917.714652,0,730
330719.426662,380100.437435,0,572
330726.305192,380136.808235,0,730
330610.521344,379832.265935,0,217
330798.214025,379940.876542,0,730
330620.746474,379931.669281,0,32
330633.311058,380126.136202,0,55
330824.911715,380133.432337,0,730
330589.462334,380099.13043,0,730
330651.132995,380060.192942,0,472
330634.352003,379835.368025,0,715
330693.553397,380153.680673,0,730
330688.007092,379957.26483,0,730
330582.285709,379975.361803,0,730
330774.401696,379976.749573,0,658
330568.007988,380082.949561,0,686
330561.20347,379897.723753,0,730
330585.754085,380007.962467,0,682
330611.255856,379915.061224,0,730
330738.654651,379909.297602,0,730
330671.620693,379911.816064,0,443
330751.454096,380032.088874,0,730
330826.97476,380088.379555,0,21
330640.52703,380109.667811,0,599
330585.579298,380088.551083,0,670
330799.872122,380087.421275,0,730
330657.453098,379854.930442,0,548
330730.581581,380018.95499,0,730
330559.254366,380057.166871,0,376
330678.317288,380013.635131,0,730
330629.136828,380112.187254,0,730
330523.72938,379927.618411,0,730
330563.143503,380121.152469,0,18
330545.836548,379996.01751,0,337
330606.996114,380022.716804,0,334
330563.782118,379989.434484,0,730
330748.256145,379837.361901,0,730
330665.257106,379991.934808,0,730
330718.817939,380017.702024,0,730
330773.748595,379883.591277,0,122
330679.142549,379964.564,0,52
330570.729721,379830.436389,0,673
330536.121196,380099.066044,0,288
330542.999197,379862.740581,0,326
330541.514921,380075.008577,0,730
330613.602898,380119.514865,0,730
330696.616353,380008.407271,0,730
330653.648021,379851.688841,0,71
330760.250137,379927.627462,0,730
330707.260463,379844.660275,0,730
330682.481127,379924.436555,0,730
330761.042841,379920.718483,0,625
330589.275487,380128.871636,0,730
330674.207202,379884.078323,0,653
330573.815036,380018.979299,0,730
330767.793185,379941.988787,0,730
330665.636142,380146.014884,0,363
330790.315008,379870.22466,0,97
330568.949062,380142.299062,0,69
330577.488816,380099.73147,0,730
330801.258746,379984.139126,0,719
330690.363769,379966.528576,0,217
330641.215743,380105.597046,0,730
330703.826933,379915.072287,0,730
330751.926867,379943.032851,0,56
330635.866759,380116.665016,0,458
330642.592329,379920.622903,0,646
330648.57852,380049.112627,0,730
330813.316636,380168.294448,0,439
330699.177743,380123.665924,0,204
330559.827164,380070.985812,0,730
330554.533267,379865.325717,0,591
330610.819296,380154.280842,0,730
330536.237619,380055.117561,0,197
330789.787226,379938.600984,0,730
330546.211943,380088.270892,0,730
330791.286188,380030.169629,0,411
330802.302793,379939.736278,0,730
