331052.868356,380862.087736,0,159
331154.894558,380811.444567,0,730
331069.359226,380968.992125,0,194
331113.491482,380939.902091,0,708
330991.218988,380787.201277,0,730
331045.926002,380724.041854,0,730
331151.880506,380908.196868,0,730
331054.760489,381048.065839,0,12
331179.345514,380790.723941,0,730
330967.87671,380822.289819,0,730
331140.178813,380740.609953,0,730
330971.557763,380874.238888,0,730
330946.548289,380886.259992,0,730
331120.968245,380798.740306,0,343
331045.442637,380783.517281,0,582
331186.488999,380747.740547,0,527
330951.714227,381139.585076,0,730
331050.59155,380817.82956,0,730
331035.783388,380801.156015,0,730
330944.840532,381040.214512,0,730
330956.412421,380908.902347,0,699
330949.577775,380816.276269,0,142
330968.481502,381112.204542,0,730
331202.53174,380763.872282,0,730
331141.510744,380732.021761,0,570
330955.835938,381024.833981,0,730
331060.982066,381018.448676,0,730
331045.446606,380994.247665,0,49
331022.272495,380872.023788,0,730
331041.145443,380983.558626,0,730
331040.698135,381021.329231,0,730
331080.798573,380905.132253,0,730
330937.101926,380895.256609,0,611
330954.228534,380735.838807,0,730
331008.277265,380985.412124,0,730
330959.5385,381010.194062,0,730
330934.8067,380927.802862,0,107
330914.195185,380821.48712,0,398
331130.313843,380931.912548,0,168
331170.0539,380739.34814,0,311
331188.03957,380847.144781,0,730
331135.847534,380769.941494,0,730
331103.141047,380964.34667,0,730
331109.934611,380880.763314,0,730
331151.695012,380899.208163,0,730
330976.748955,380822.999206,0,730
331114.872606,380854.678322,0,730
331140.620574,380914.998094,0,606
331056.671677,380893.339724,0,269
331117.640099,380840.964206,0,536
330933.820526,380783.42412,0,301
330929.951595,380877.016195,0,730
331024.733988,380735.683171,0,467
331148.236307,380796.784902,0,730
331075.685965,380870.952088,0,730
331204.705677,380757.155017,0,730
330936.747529,380799.068695,0,730
331078.627527,380819.658059,0,2
331011.888182,380820.051743,0,730
330982.212082,381061.685719,0,563
330995.697224,380758.882849,0,406
330980.596354,380790.766767,0,201
331205.375385,380777.687881,0,695
330943.057676,381096.573657,0,347
331020.517267,380876.698182,0,730
331111.501154,380973.9083,0,730
330986.052076,380816.268327,0,730
331027.028377,380865.677421,0,730
331082.795886,380968.501257,0,730
331096.387107,380784.525887,0,730
331092.349679,380772.377021,0,730
330997.949722,380972.000002,0,730
331155.662676,380774.805709,0,730
331015.092567,380773.835973,0,730
330931.913293,380945.724566,0,320
331049.433909,380881.409477,0,730
331130.102892,380781.601721,0,730
331157.767175,380878.045242,0,492
330986.892753,381121.949804,0,359
330952.166888,380909.585573,0,730
331150.696123,380724.643884,0,730
331125.972914,380774.36218,0,730
331133.982643,380791.589026,0,15
331160.110465,380859.353054,0,730
331032.774236,380994.921483,0,141
331122.76514,380722.012907,0,327
331085.087541,380876.106969,0,77
330937.215446,380753.572632,0,730
331009.077323,381101.94379,0,730
331191.515202,380760.712822,0,730
331100.830224,380847.564327,0,730
331069.794737,380773.63605,0,730
331066.949514,380794.115909,0,730
331009.899173,381010.062521,0,648
331142.137154,380734.75708,0,730
331142.386289,380911.043312,0,730
331084.017098,380803.103321,0,730
331069.648383,380747.997734,0,524
331013.631956,380864.646191,0,730
331087.079322,380963.066854,0,364
331079.997556,380781.376798,0,730
330960.438835,381066.08446,0,304
330913.865894,380775.654893,0,575
330943.111777,380884.272923,0,301
330994.796443,381047.299064,0,515
331038.434014,380964.713676,0,730
331061.707803,380913.334548,0,558
331058.792294,380753.338497,0,730
331103.196863,380805.687868,0,730
331106.801278,380767.517278,0,730
330914.733013,380743.195425,0,705
331059.093712,380735.052868,0,730
331093.323854,380851.493766,0,704
330947.619416,380920.448729,0,730
331128.100756,380885.49457,0,730
331045.015235,380911.717642,0,730
331011.929202,381040.605837,0,730
331020.958191,381089.624966,0,730
331003.84157,380854.187544,0,612
330980.497394,380900.982779,0,730
330991.939593,380914.413741,0,711
331093.351673,380775.806826,0,730
331188.651218,380800.848589,0,608
331142.469482,380805.601294,0,435
331102.274724,380912.350401,0,730
331024.886009,380881.992168,0,330
330929.41798,380956.160155,0,730
331045.673325,380812.028779,0,410
331060.071936,381012.119716,0,730
331030.982291,380894.943782,0,709
331050.179236,380902.777507,0,477
330957.443012,381097.416475,0,730
331102.087071,380754.814079,0,730
330987.880941,380786.137852,0,379
331052.227449,381007.09033,0,730
330993.284237,380857.153017,0,730
330980.236177,380891.224319,0,434
330944.441023,380836.642043,0,730
331014.657501,380723.978083,0,730
331181.203152,380781.361766,0,182
331159.652082,380737.296092,0,357
330985.241751,380984.485132,0,730
331076.012072,380872.421488,0,730
330990.850439,380988.502139,0,730
331133.143175,380824.319811,0,261
331049.682188,381044.169895,0,730
330979.293254,380820.861093,0,730
331134.724421,380914.374586,0,730
331065.938734,380965.349513,0,730
330959.050132,380926.584562,0,730
331048.026507,380825.583071,0,730
331008.305643,381029.663886,0,730
331006.032433,380948.707183,0,163
331055.734902,380919.901079,0,579
331144.421554,380816.794781,0,730
330994.772038,380912.502532,0,730
330942.445231,380840.259042,0,436
331141.133529,380865.482436,0,730
331163.076632,380855.068413,0,730
330956.553853,381151.928114,0,730
331053.130386,380726.871452,0,730
330976.504669,380830.934673,0,277
331041.962872,381057.558868,0,730
330956.540001,380732.231366,0,342
331079.94412,380828.500362,0,730
331103.318063,380848.130127,0,730
331199.3914,380813.265481,0,730
331138.010042,380761.111075,0,730
331095.239795,380746.657423,0,730
331109.074904,380831.744492,0,730
330996.794827,380895.03187,0,126
331201.399431,380752.525062,0,539
331125.284424,380751.237193,0,172
331004.035554,380924.631675,0,730
330944.116575,380952.883357,0,730
331126.2602,380740.379257,0,730
330980.555979,380855.600839,0,309
331172.787469,380762.848069,0,730
330911.776206,380809.173105,0,730
330936.947817,380862.731864,0,655
331141.941489,380792.721298,0,472
331010.583457,380832.787438,0,730
331098.654305,380954.963439,0,730
330956.840331,381117.626985,0,608
331114.511557,380752.242062,0,467
331088.645556,380816.396584,0,98
330941.8166,381041.966286,0,165
330983.693964,381052.711985,0,730
330962.806872,381138.081032,0,386
331130.673098,380927.828252,0,730
331112.391256,380730.981363,0,730
331205.692942,380785.410535,0,730
330987.435542,381027.937585,0,302
331048.721326,380749.18705,0,653
330995.392245,381103.304633,0,730
331076.093432,380753.426006,0,709
330993.668148,380849.725622,0,730
330959.104699,381068.229896,0,730
331132.719014,380720.203499,0,730
331138.490763,380853.397532,0,730
330905.616723,380732.13774,0,730
331014.966228,380768.960236,0,550
331095.650451,380863.131062,0,85
331024.747463,380823.736147,0,730
331008.93488,381071.989945,0,218
331070.881549,380924.133809,0,281
331175.234445,380781.984423,0,505
331030.200735,381014.091534,0,529
330951.6697,381172.598654,0,730
331110.27295,380957.081944,0,523
331198.788232,380826.65728,0,730
331111.913537,380722.755323,0,730
330991.757857,381029.738501,0,195
331046.084924,380863.474257,0,233
331073.514272,380806.33755,0,730
331186.647644,380774.802663,0,714
331086.970225,380923.930041,0,275
331112.174056,380759.940278,0,163
330935.736095,381046.384861,0,730
331050.636682,381010.557763,0,124
331051.51063,381021.155879,0,404
330998.730443,381080.800477,0,730
331204.408345,380749.924709,0,730
330929.253605,380953.613091,0,730
331036.364477,380984.934252,0,299
331125.013073,380793.116075,0,730
331067.985164,381023.019175,0,483
330983.433493,381019.990795,0,730
330936.282229,380952.293267,0,366
330985.341698,380932.291774,0,627
331151.624727,380836.361318,0,449
331221.45049,380770.809877,0,554
330947.063172,380954.862013,0,730
330948.31902,380985.045872,0,404
331009.424019,381075.325325,0,384
331076.453495,380863.556191,0,730
330962.876955,381071.137006,0,730
331031.471996,381061.477213,0,615
331143.883668,380719.13659,0,730
330953.350648,381142.923535,0,730
331051.428596,380989.96824,0,730
330993.912091,380781.9788,0,730
331029.284044,380921.934485,0,730
331002.233432,381052.249999,0,730
330972.395375,381137.507508,0,730
331102.594507,380790.718693,0,109
331077.00052,380802.120587,0,16
330990.975235,380739.970147,0,383
331074.62618,380986.611576,0,494
331114.07336,380865.826789,0,19
331001.158373,380877.741979,0,409
331166.337655,380752.307521,0,187
331100.883173,380985.818247,0,422
331212.854884,380778.533712,0,730
331166.519603,380803.627421,0,459
331089.637968,380736.018772,0,377
330959.411201,380798.74221,0,730
331139.427155,380824.75926,0,271
331190.978271,380802.830656,0,730
331058.634056,380977.54456,0,730
331019.285104,380863.021065,0,703
330963.857602,380733.143981,0,730
331102.592208,380908.403551,0,390
331126.777988,380800.541284,0,730
330945.343111,380936.637148,0,321
330995.792556,380998.088272,0,730
330952.380076,380852.323365,0,640
330918.012824,380726.996915,0,730
330993.889129,380918.034196,0,717
331140.183351,380746.719281,0,284
331014.722146,381067.820108,0,730
330998.633072,380932.685757,0,730
330963.928859,381125.466116,0,537
330999.274371,380840.12974,0,88
330980.281159,380973.19937,0,730
330910.704901,380768.260723,0,350
331020.950776,381074.499687,0,730
331040.271117,380842.335046,0,713
330978.533505,381114.239421,0,73
331098.476796,380848.463653,0,730
331171.305961,380810.438905,0,636
330938.451819,380879.249727,0,730
331172.96452,380818.35483,0,730
330994.290904,380857.928079,0,730
330992.853361,380961.249635,0,730
331076.836945,380849.427224,0,345
331117.15174,380853.103109,0,730
331180.484019,380812.494083,0,550
330937.716956,380824.075723,0,730
331018.860635,381001.510337,0,329
330985.63272,380790.833475,0,730
330979.330033,380906.909477,0,730
330959.438882,380841.213199,0,620
331096.195049,380715.905794,0,255
330979.798347,381005.159474,0,697
331093.656728,380940.494385,0,137
330992.891198,380761.662454,0,730
331075.850889,380928.078428,0,512
331127.16714,380743.662429,0,730
331059.843184,380782.240788,0,730
331001.869201,381043.533514,0,730
330922.284346,380848.106801,0,533
331116.062597,380883.621196,0,730
331194.097864,380809.559856,0,730
331085.434991,380890.292693,0,730
330995.908712,380949.118277,0,730
330977.833963,380883.428288,0,541
331096.265293,380787.212915,0,730
331089.570733,380852.549906,0,99
331023.81725,380829.847219,0,730
331092.270801,380729.441628,0,684
331127.347567,380769.22841,0,730
331175.546999,380815.761912,0,730
331021.150183,381045.525645,0,730
331169.234466,380744.327753,0,408
331157.9372,380795.809927,0,691
330954.609865,381124.367257,0,730
331076.671276,380803.85346,0,730
330975.046303,381107.317449,0,528
331034.827568,381052.669486,0,730
331082.983758,380949.557805,0,730
331092.71202,380733.86804,0,322
330943.550136,380917.831854,0,730
331128.1885,380872.748317,0,730
331091.057723,380793.647098,0,292
331056.287316,380781.884064,0,730
331071.04158,380990.508851,0,730
331025.64436,380893.011595,0,371
331093.578425,380730.124802,0,730
331144.347103,380854.448158,0,730
331005.344639,381045.280138,0,622
331019.578112,380730.452483,0,170
331105.755786,380889.732944,0,730
331222.024217,380775.660966,0,730
331061.466619,380718.86219,0,730
331066.923803,380771.866365,0,402
330951.106689,380965.342426,0,730
331059.581095,380829.699361,0,730
331006.591327,380961.722893,0,473
331021.073043,381058.530182,0,497
330980.801465,381020.360199,0,128
331059.485419,380742.902904,0,730
331110.460755,380713.747718,0,730
331008.957422,380810.933146,0,412
331171.508796,380753.674885,0,182
330920.814139,380835.334828,0,730
330904.273789,380739.943541,0,730
330932.979802,380938.129746,0,730
330950.641745,380950.869795,0,729
331144.311426,380887.81578,0,517
330963.167914,380855.012768,0,48
330937.454687,380870.788577,0,281
331051.498941,380752.574947,0,266
331062.134596,380943.048776,0,730
331207.935033,380788.71375,0,379
331017.219882,381072.371658,0,384
330946.03873,381067.536048,0,677
331012.532383,380904.079359,0,730
331133.550944,380855.246065,0,510
331089.469696,380869.666174,0,367
331098.809896,380722.31837,0,730
331068.259216,380866.942496,0,730
330952.169703,381109.980849,0,199
331174.345926,380775.057865,0,730
331072.577854,380846.880411,0,730
330925.693417,380987.738215,0,253
330954.130614,381137.867019,0,489
330990.35735,381068.279759,0,730
331049.753379,380729.070717,0,730
330989.084337,380906.458666,0,376
331041.565838,380773.56308,0,730
330961.837326,380968.032244,0,730
331029.00523,380797.909743,0,290
330940.30805,381027.979465,0,730
330958.688167,381119.33361,0,730
330984.559154,380772.126225,0,730
331159.959932,380751.398125,0,730
330935.198787,380821.756867,0,730
331039.903649,380864.70901,0,730
331002.633127,380813.26178,0,730
330960.972212,380945.910816,0,705
331166.917506,380857.666258,0,631
330947.941905,380805.653724,0,584
330943.20263,380841.798234,0,730
331110.371144,380820.786436,0,730
331048.287299,381050.79871,0,681
331053.011707,380979.800413,0,730
330960.70862,380957.926757,0,730
331033.228372,381049.277797,0,730
330963.916357,380821.62664,0,730
330971.093746,381009.966813,0,730
331108.496279,380721.02655,0,730
330957.839124,380834.21969,0,730
330990.577333,380886.851691,0,730
330958.099322,381036.93739,0,730
330925.888128,380785.152299,0,730
331000.602187,381070.9721,0,730
331008.834161,381079.898736,0,338
331185.096545,380843.743714,0,730
331133.495339,380759.931598,0,460
330942.615236,380783.804708,0,44
331099.580952,380772.782857,0,730
331187.842974,380835.376746,0,730
330985.056337,381118.764672,0,730
331090.264,380907.537942,0,466
331046.816234,380769.274015,0,730
330977.316756,380983.271377,0,30
330985.237247,381121.768618,0,730
331023.530691,380739.170896,0,730
331160.581626,380764.502639,0,730
330954.997111,381017.540736,0,730
331076.923189,381006.430641,0,730
331149.803359,380845.045222,0,730
331153.84277,380762.555685,0,476
330973.84592,381034.577497,0,730
330970.226023,380979.835606,0,208
331075.516406,380886.451011,0,730
331109.40337,380758.902826,0,132
330959.697335,380768.569347,0,113
330931.42272,380748.419164,0,730
331075.443659,380798.217661,0,250
330951.006583,381066.145094,0,730
331143.723577,380744.300499,0,478
331039.134308,380890.10149,0,730
331028.774134,381020.406702,0,730
330962.055524,380754.213249,0,728
330955.558478,380963.691728,0,730
331058.525909,380756.924001,0,578
331091.567795,380720.963535,0,730
331006.114038,381011.324173,0,140
330951.735673,380972.549056,0,730
331170.977351,380855.260263,0,613
331048.073747,381047.408741,0,728
330922.850297,380726.023914,0,447
330944.629813,381030.607799,0,730
331082.242779,380909.692583,0,396
330917.39389,380856.430776,0,670
331082.37195,380937.284574,0,730
331020.251917,380913.660787,0,621
331153.65078,380762.73334,0,730
331023.237929,380906.420904,0,730
331001.166614,380812.343694,0,730
331005.930319,380960.184467,0,525
331173.241369,380852.042646,0,730
330993.912397,381103.632264,0,643
331043.70578,381014.517854,0,729
330965.46502,380826.542103,0,506
330948.778497,381104.211966,0,730
331157.647855,380877.355383,0,468
331178.349673,380863.857299,0,730
331065.256689,380882.164117,0,670
331113.878462,380737.788389,0,730
331215.217351,380774.453064,0,730
330943.857438,381084.489265,0,730
330952.185853,380897.62524,0,638
331134.972027,380759.752315,0,356
331091.436416,380822.515226,0,455
331039.889495,380965.442491,0,730
330980.143948,381038.206724,0,290
331056.481178,381001.040332,0,730
330973.452486,380745.901936,0,730
331032.375697,381029.328287,0,446
331132.091762,380881.700368,0,730
330991.024057,380894.715318,0,638
330961.128071,380866.118666,0,98
331058.111605,380877.038885,0,294
331073.535518,380971.20974,0,730
331046.554172,381028.704726,0,730
331047.068244,381027.914903,0,730
331047.488663,380894.035531,0,129
331059.285941,380741.63195,0,730
330975.459656,380785.953464,0,112
330973.18975,380951.494867,0,730
330981.270715,381039.338744,0,730
330912.791647,380736.877355,0,108
330992.643186,380738.678637,0,730
330999.013344,380761.207171,0,24
331029.001258,381078.963824,0,574
331156.080431,380742.391237,0,510
330942.814339,380856.301554,0,730
331001.317623,380862.286053,0,730
331102.568859,380777.54736,0,730
331018.601964,380862.637196,0,594
331112.11729,380773.099223,0,730
331052.711547,380791.451922,0,730
331121.00035,380891.358112,0,730
330973.089104,380781.9686,0,730
331225.534276,380761.451472,0,454
330962.666457,381145.218548,0,730
331049.059506,381006.573197,0,47
330926.453783,380888.753262,0,35
330932.3764,380816.850465,0,204
331026.18312,380860.684003,0,333
330977.224512,380769.503811,0,730
331113.938121,380839.863457,0,511
330938.376065,380832.131915,0,425
331023.920337,380910.822386,0,123
331057.753292,380760.034026,0,616
330959.995413,380971.75946,0,730
331000.90383,381061.760689,0,730
330908.026679,380747.362004,0,599
330952.710691,380852.958781,0,331
330987.058002,380807.865496,0,469
331069.03911,380775.255022,0,278
330984.652903,380891.543196,0,730
331064.611101,380880.834354,0,730
330943.231452,380757.819001,0,625
330932.143905,380996.102045,0,730
331073.203522,380729.319461,0,76
331148.350453,380739.566242,0,730
331020.700679,381092.674418,0,598
330985.113513,380816.975046,0,730
331002.705586,380936.961553,0,297
331189.175423,380770.040581,0,730
330938.437901,380964.462695,0,730
330915.823705,380744.935812,0,730
331052.944025,380899.569146,0,730
331009.894475,380968.865995,0,559
330929.343434,380811.388811,0,730
330964.526569,380877.530571,0,730
331054.221238,381038.416838,0,95
331113.643476,380800.983707,0,730
331044.589464,381005.493786,0,730
331075.999378,380928.835795,0,730
330954.488965,381034.467516,0,480
330978.429731,381080.796628,0,663
331050.714332,380895.20831,0,730
331101.175139,380720.51785,0,310
331084.857093,380934.359727,0,719
331067.318599,380883.668922,0,300
330917.21817,380790.154573,0,730
331033.33625,380965.393849,0,730
331010.230587,380981.357168,0,332
330972.664359,380885.221537,0,416
330972.370947,381040.148285,0,11
331026.939462,381085.787115,0,292
331035.741599,380812.983217,0,448
330993.524226,380838.957197,0,730
331169.702456,380794.041298,0,730
330908.104946,380817.604917,0,66
330984.762315,380802.187499,0,730
330956.312195,380916.666369,0,41
330981.184464,380888.205039,0,730
330991.938918,381046.784226,0,318
331037.816129,381070.188564,0,730
331093.402654,380873.900413,0,730
330959.141242,380892.348588,0,662
331149.574403,380881.278634,0,730
331109.814014,380973.828223,0,687
331077.602928,380755.806022,0,268
330943.00297,380818.416811,0,730
331010.304767,380750.63465,0,19
330992.221586,380857.33083,0,730
331171.114968,380803.568879,0,730
331028.709289,380870.473555,0,730
330988.890475,381125.448763,0,336
330967.203893,380823.200197,0,730
331168.693149,380837.937219,0,494
331103.629106,380924.947481,0,370
331049.383296,380975.374087,0,256
331043.081846,380770.530668,0,730
331106.796648,380841.648821,0,730
331151.593804,380777.383321,0,169
331058.8565,380874.490546,0,637
331014.755882,380942.281261,0,730
330983.554357,381125.268373,0,730
330963.277385,381006.917629,0,730
331013.420177,380919.902443,0,730
330923.692552,380795.867925,0,730
331045.056429,380922.971262,0,730
331186.343151,380831.892616,0,352
331031.444919,380895.222302,0,674
330925.718464,380758.60854,0,730
330906.543587,380730.770331,0,730
331153.448722,380765.19683,0,280
331047.694092,381008.62463,0,730
331191.295077,380767.748382,0,328
331025.273752,380996.477017,0,432
331179.16138,380859.249072,0,730
331006.797017,380910.719665,0,700
330941.828194,380781.040701,0,614
331009.96745,380944.585868,0,730
331051.185782,380990.977738,0,584
330980.707791,381087.64919,0,730
331057.726695,380731.186724,0,25
331055.261591,380797.310914,0,269
331115.795935,380787.55915,0,730
331104.269862,380878.868907,0,730
330939.680106,381058.626993,0,730
330964.401281,380791.590656,0,691
331024.81743,380980.915736,0,309
330923.452608,380752.234932,0,730
330988.534635,381054.21321,0,730
331064.869337,381021.958267,0,395
330989.219267,381081.58393,0,730
331174.931014,380859.480015,0,730
331164.152836,380878.060055,0,730
330937.054815,381014.056491,0,492
331047.393524,380856.416439,0,730
331148.760951,380766.399314,0,244
331064.716629,380913.654128,0,516
330995.161712,380780.376435,0,308
330927.585678,380898.108073,0,686
331031.617736,381043.367004,0,730
330967.998196,381081.545741,0,659
331028.98848,380865.838735,0,200
331175.84113,380857.283836,0,730
331065.655075,380971.840281,0,183
330947.340083,380999.671713,0,437
330944.077361,380813.516325,0,305
331018.631675,380766.730986,0,647
331054.511884,381024.0383,0,313
330942.262977,381069.570653,0,689
331014.0227,381100.657675,0,56
331013.553856,380916.112794,0,298
330951.092357,380922.051236,0,730
331090.003922,380941.601039,0,1
330917.638429,380892.474955,0,481
330932.342926,380815.160991,0,572
330963.970745,380859.549864,0,641
331093.574274,380715.67935,0,407
331043.502226,380782.505652,0,346
331072.962935,380958.566585,0,378
331161.131519,380734.132017,0,730
331184.92193,380848.700768,0,730
330996.998706,380763.830821,0,730
330920.723891,380740.316177,0,220
331001.876708,380780.770089,0,68
330914.989331,380865.489417,0,166
330972.966729,381083.093893,0,556
330998.929216,380861.467378,0,395
330928.307371,380853.285914,0,513
330950.513336,381099.39654,0,596
330998.895073,381062.911891,0,621
331091.720173,380815.771083,0,92
331109.070561,380763.112268,0,730
331064.843395,381015.012017,0,730
330988.58481,381018.873549,0,564
331170.578839,380753.985677,0,220
331064.943959,380912.809891,0,177
331113.875249,380740.725722,0,730
330968.736288,380993.318986,0,683
330964.4399,381027.142681,0,730
331073.762497,380988.283554,0,727
331002.8621,380778.234782,0,229
331153.148598,380716.326978,0,573
330987.945785,380894.599176,0,730
331180.126991,380822.162265,0,730
331025.605028,381036.843894,0,730
330991.080229,380758.820431,0,730
330919.614579,380924.975663,0,730
331113.287746,380775.0001,0,722
330987.320638,381126.523798,0,730
331171.281809,380770.212528,0,526
331220.988024,380783.865662,0,730
331122.865945,380924.960679,0,487
330999.827629,380788.496126,0,730
331124.470253,380865.20388,0,299
330946.412412,380884.777282,0,730
331171.348478,380833.928783,0,730
331203.516583,380780.951811,0,730
330989.243492,381078.108526,0,693
331097.141386,380984.282154,0,32
330930.050213,380745.373098,0,730
331022.895935,380743.902682,0,282
330947.201177,381148.334155,0,730
331029.889012,380947.484571,0,617
330937.071008,380750.450399,0,378
331034.28712,380806.708973,0,730
331010.78235,381033.445744,0,730
331165.94984,380735.572121,0,730
331148.901077,380756.511218,0,353
330984.456141,380734.605669,0,730
330909.328161,380785.169373,0,669
331006.87634,380949.979047,0,649
330977.725093,380903.858063,0,561
331058.38428,380919.341883,0,730
331006.308962,380919.453734,0,730
331021.65031,381024.652869,0,373
330970.064021,380833.977291,0,567
330951.358899,380730.175584,0,218
330979.56418,380899.98148,0,148
330965.795551,380850.354473,0,730
331066.693179,380942.86488,0,730
331207.689733,380769.886922,0,362
330951.060417,380767.85795,0,727
331086.64331,380787.295237,0,651
331021.521741,381094.058278,0,730
330933.459626,380992.286365,0,322
330978.786801,380931.885439,0,730
331075.276145,380917.638398,0,730
330942.194838,380978.678116,0,344
330947.252922,381049.470987,0,730
331016.437667,380723.21248,0,730
331029.749695,381021.516678,0,562
330980.083498,380951.805761,0,730
331064.742565,380864.423139,0,725
331065.503802,380808.945961,0,730
330988.745335,380923.789231,0,517
330961.254393,380945.320861,0,117
331068.46331,380917.488907,0,730
331045.602417,380911.756363,0,730
331113.831426,380951.402107,0,730
331039.410163,380813.360251,0,730
331154.317368,380773.499424,0,730
330950.232298,381068.944584,0,730
331058.055507,380887.056659,0,541
330996.810443,380768.163616,0,432
330921.297288,380793.070354,0,335
331021.884528,380810.569591,0,730
330990.997058,380965.935419,0,348
330910.399878,380789.776974,0,723
331154.638573,380861.616079,0,730
330950.308659,381021.197221,0,730
330914.806349,380842.178651,0,260
330918.857318,380796.904536,0,671
331070.972874,380742.728028,0,730
331108.080754,380757.95152,0,730
330996.057067,380893.562955,0,730
330988.515778,380746.112911,0,164
330990.708834,380752.29588,0,13
330950.233538,380748.239012,0,553
331094.301559,380969.632398,0,3
330961.961443,380822.155022,0,224
331138.791237,380769.867211,0,730
330974.817594,381086.081628,0,138
330911.897056,380722.808653,0,730
330924.076968,380780.265064,0,451
331181.115042,380841.928087,0,730
331197.120023,380769.104661,0,730
330991.852456,380758.198724,0,627
330963.243224,380856.348475,0,730
330977.377177,380996.604552,0,154
330989.028577,380922.912479,0,189
330930.388264,380828.674109,0,582
330953.323285,381137.14754,0,349
330971.606023,380986.622344,0,730
330958.220556,381091.035128,0,730
331120.715685,380958.026201,0,730
331016.447663,380951.990232,0,730
330934.213335,380767.158615,0,730
331189.315384,380742.985672,0,700
331000.997938,380941.499802,0,388
331082.192826,380814.210009,0,496
331048.587067,380863.073922,0,730
331072.266954,380976.443953,0,721
330948.386874,381104.123856,0,730
331022.745941,380982.003952,0,730
330954.121841,380891.70434,0,730
331048.749362,380772.257564,0,140
331014.530713,380804.18252,0,730
331046.313675,381045.106524,0,238
331059.111875,380734.840914,0,730
330966.498081,380791.157444,0,337
331072.860187,380773.045378,0,730
331067.264272,380867.390687,0,560
330996.332396,380971.243171,0,730
331057.945501,380856.266695,0,730
331004.22985,380763.152602,0,181
330942.903462,380869.43725,0,80
331121.482959,380733.306359,0,730
330933.527707,381041.738506,0,589
330902.811647,380769.919684,0,730
331138.826614,380735.899153,0,730
331159.653308,380881.064959,0,660
331191.225743,380803.979271,0,730
331002.412171,380857.317622,0,531
330914.380347,380802.572697,0,320
331192.764235,380744.405228,0,360
331049.586266,380909.221757,0,730
330945.793915,381080.671153,0,179
331143.222333,380808.391207,0,730
331160.550669,380769.324908,0,249
331064.990447,380860.168847,0,730
330953.388803,381023.193491,0,730
330953.005321,380910.175058,0,730
331201.245751,380754.318529,0,381
331114.417434,380864.791954,0,6
330944.013934,380879.429567,0,730
330923.089534,380895.422769,0,389
331113.182826,380764.310439,0,94
331032.041217,380893.378287,0,730
331049.062536,380772.436978,0,730
330954.730521,380839.867497,0,485
331035.923906,380889.017243,0,287
331057.666947,380989.034126,0,730
331081.918319,380878.444158,0,730
330999.98222,381093.072438,0,382
331137.236154,380872.187778,0,141
331160.008232,380738.638453,0,730
331108.810751,380894.04001,0,673
331162.881479,380819.296813,0,730
331186.279743,380848.864374,0,730
330948.161953,380973.385312,0,730
331037.585585,380995.423238,0,730
330996.197196,380964.112954,0,91
331035.19251,380734.681669,0,730
330997.624981,380792.188001,0,39
331127.761087,380903.408289,0,692
330997.359912,381026.362444,0,730
331066.882046,380908.41419,0,730
330999.937584,380769.43725,0,730
331051.896991,380731.574073,0,730
331002.469447,380770.50156,0,336
330970.1414,380742.554235,0,730
330992.770238,381091.982811,0,730
330995.843738,381088.199561,0,730
331031.122675,380913.714618,0,497
330946.067735,380795.377017,0,243
330928.117011,380887.125577,0,483
331087.302943,380839.941621,0,443
331129.152809,380796.388779,0,730
331129.114226,380784.706368,0,399
331064.689617,380951.089626,0,730
330934.288899,380775.500918,0,549
331103.768099,380849.627491,0,730
331170.316342,380785.957113,0,486
331004.198411,380759.971888,0,99
330956.981808,381086.900981,0,592
331159.341552,380743.618787,0,730
331156.90038,380735.023848,0,730
331005.098811,381025.552321,0,730
330920.94236,380896.141122,0,730
330921.937767,380826.717656,0,730
331002.390031,380879.531737,0,246
330936.532289,380722.154532,0,293
330951.867671,380747.753587,0,730
331029.936257,380786.471022,0,591
330929.507702,380732.41189,0,581
331058.125478,380826.446103,0,635
331130.28285,380732.493338,0,502
330943.079024,380891.995928,0,718
330967.267847,381014.790625,0,730
331040.043448,380741.261459,0,419
331023.6077,381041.822804,0,111
330982.397393,380748.724306,0,534
330915.816921,380830.771112,0,730
330944.152917,380945.033648,0,325
330971.17554,381033.719574,0,666
330944.177008,380878.098731,0,323
330944.2927,381061.072632,0,612
331125.290235,380745.836207,0,730
331143.377256,380907.084626,0,599
330952.937698,380746.503938,0,38
330942.76902,381028.453704,0,532
331045.909921,380908.945139,0,658
330932.452878,380934.539204,0,730
331062.593285,380775.584959,0,730
331102.592978,380755.201833,0,633
330944.246649,381085.62567,0,147
331029.406731,380871.090731,0,654
330908.844105,380769.338766,0,223
331015.079994,380845.893525,0,167
330913.137759,380866.464516,0,730
330974.350626,381022.025102,0,730
330960.583525,380804.147031,0,730
331085.075089,381011.628743,0,222
331012.641017,381047.356248,0,730
331056.002307,380754.081786,0,730
330961.993361,381055.92858,0,730
331032.368358,380778.21104,0,730
330981.274404,380998.148417,0,730
331121.844602,380836.430092,0,730
331194.135325,380800.110027,0,730
330980.84884,380870.136936,0,273
331137.99172,380913.240009,0,730
331146.492274,380895.644564,0,730
330999.382862,380944.243959,0,730
330921.103393,380765.794892,0,617
331024.55475,381054.381246,0,473
331029.502472,380900.477446,0,551
331102.922212,380863.421464,0,82
331057.057317,381009.608826,0,730
330964.90131,380939.058544,0,720
331053.305794,380763.978688,0,730
331116.730223,380771.20558,0,132
331137.888097,380806.022679,0,493
331116.889943,380912.038078,0,730
330947.84301,380970.553383,0,214
331030.378948,380768.204963,0,730
331060.503946,380769.862989,0,580
331009.151784,380924.966214,0,702
330968.175101,381001.955177,0,730
331102.754705,380879.467565,0,730
330918.976029,380742.65559,0,55
331092.804827,380800.681228,0,424
331100.120293,380809.448407,0,730
330945.288799,381009.595624,0,730
331186.20978,380784.137261,0,730
330988.980806,380819.450912,0,730
330992.413836,381080.718396,0,730
330970.762252,380939.077744,0,730
331160.861769,380726.670582,0,730
331138.565262,380802.994812,0,216
331080.218072,380921.54882,0,730
330925.952452,380864.788111,0,730
331109.191661,380897.056329,0,433
330998.071869,380732.401467,0,730
331114.504618,380834.028151,0,204
330931.979891,380806.00321,0,730
331108.764299,380738.380543,0,29
330918.332455,380904.829258,0,730
330996.486212,380949.688189,0,730
330999.398089,380875.051351,0,155
331070.939095,380945.252781,0,730
330949.732701,381079.237983,0,730
331030.185139,381039.237929,0,730
331021.400325,381035.089913,0,312
331039.724678,380831.669133,0,730
330950.21887,380750.818171,0,282
330954.482552,381138.574064,0,730
331024.591639,380986.839499,0,572
331064.229415,381022.804378,0,730
330965.845494,381021.603564,0,674
330994.924761,380722.563263,0,655
330931.752651,380762.160473,0,730
331035.781836,380818.123668,0,552
330952.376892,381064.332176,0,22
331063.921443,380728.858088,0,495
331142.955216,380711.997379,0,730
331007.150869,380740.20149,0,730
331077.388759,380799.559958,0,730
330951.861561,381071.686078,0,110
331019.320446,380740.722737,0,410
330957.587044,380861.079554,0,730
330982.855296,381061.414627,0,730
331126.191807,380732.042913,0,730
330939.230092,380900.153125,0,597
331066.624692,380761.504683,0,577
331042.138658,380819.648819,0,730
330929.308888,380741.944276,0,730
330960.348384,381108.576291,0,730
331034.143463,380824.941963,0,730
330980.386912,381061.610622,0,595
331029.797848,380878.826515,0,329
331193.424443,380759.316407,0,730
330998.382165,380810.401878,0,730
331147.588399,380729.502908,0,230
331045.328707,380801.866001,0,678
331197.458748,380816.834448,0,730
331004.546906,380874.037933,0,319
331102.631567,380795.019603,0,730
331189.577966,380841.963695,0,730
330979.432399,381128.438311,0,730
331138.046355,380760.636907,0,730
331137.782307,380894.982427,0,689
330949.231125,380899.126696,0,730
331038.64069,381045.660952,0,488
331066.553338,380927.791641,0,730
331171.865472,380823.2029,0,190
330958.5262,381016.238364,0,730
331098.234858,380966.515146,0,413
331119.317207,380810.694895,0,69
331209.308482,380787.901233,0,271
331179.85977,380751.090051,0,730
330964.781284,381005.70467,0,730
330960.174186,380756.00332,0,611
330951.755063,381020.155575,0,405
331045.664416,381015.893079,0,730
331073.908358,380742.94643,0,730
330949.826008,380898.791171,0,540
331157.020517,380745.189923,0,730
331012.366957,380802.402466,0,196
330992.510168,380803.998627,0,634
331112.737553,380809.720794,0,646
330947.028489,380801.775088,0,602
331014.707913,380794.401941,0,126
330965.574544,381087.877723,0,730
331063.007048,380910.076746,0,457
331126.105077,380784.023842,0,653
331012.594731,380804.929637,0,380
331031.992714,380867.89014,0,730
331017.569748,380917.816043,0,730
331140.101497,380903.524807,0,730
330933.696698,380916.269304,0,730
331048.642807,380931.673581,0,730
330975.523877,380830.321409,0,69
330945.249093,380990.650593,0,730
331178.725273,380814.314247,0,730
331020.719523,380855.435297,0,520
331065.71541,380917.333094,0,730
331057.083909,380855.925544,0,319
331120.592856,380940.261915,0,371
330937.524835,381000.576174,0,130
331075.268452,380930.956191,0,730
331194.615093,380771.185958,0,730
330999.379634,380861.063499,0,730
331055.395548,380905.289812,0,730
331182.099711,380757.642264,0,730
331093.948044,380881.71841,0,585
331078.236821,380850.398209,0,730
330985.527237,380806.167253,0,40
330936.347738,380849.983583,0,134
331018.737247,380929.22524,0,305
331101.204126,380861.46986,0,730
331134.080168,380716.476032,0,304
331113.562471,380946.258977,0,730
330967.089949,380846.485968,0,507
330943.576807,381138.031196,0,392
331024.981617,380766.733539,0,730
330922.045326,380939.834307,0,576
331008.376643,380814.713908,0,730
331115.716263,380816.905712,0,730
330932.293655,380786.680946,0,254
330963.707704,380890.324256,0,730
330933.33995,381041.249564,0,288
330987.221062,380747.736949,0,730
330976.702682,380983.894949,0,730
331089.310448,380791.043051,0,730
330922.264197,380937.650256,0,730
330979.987871,380917.985999,0,334
331168.206111,380749.414433,0,730
331025.505388,380830.928118,0,394
331118.779614,380854.178202,0,730
331168.997906,380741.517904,0,534
330909.719613,380724.874101,0,104
331152.360849,380744.212034,0,730
331165.216302,380859.10134,0,730
330990.603609,380945.951303,0,730
331037.20487,381060.354341,0,121
330965.815537,380869.258905,0,147
330949.407824,380920.81226,0,645
331150.226731,380722.959885,0,730
330948.541909,380974.046593,0,730
331079.80171,380922.005755,0,652
330961.457377,381070.357006,0,241
330996.472226,380792.962171,0,730
330920.308191,380828.567215,0,730
331195.092179,380793.286617,0,250
331105.457027,380870.199805,0,730
331153.648949,380874.578981,0,730
330970.145398,381039.845828,0,97
330962.778994,381014.941842,0,730
330988.709137,380800.298159,0,730
331116.589576,380772.986936,0,242
331180.143891,380839.653529,0,730
331121.928943,380906.687322,0,34
331015.266438,380823.043537,0,730
330944.241026,381136.752775,0,57
330982.284426,381018.425208,0,496
331151.64092,380851.2113,0,340
330978.881522,381139.599424,0,730
330969.304472,380731.59459,0,393
330968.753291,380948.837147,0,639
331190.963291,380797.865898,0,730
330930.439957,380867.020876,0,730
331036.680768,381071.818626,0,730
330981.250753,380968.296213,0,710
330956.755244,381140.977126,0,730
330999.833676,380803.9296,0,555
331006.747175,380975.227196,0,730
331125.639377,380795.539323,0,730
330919.076358,380921.663396,0,554
330944.154553,380896.53998,0,658
331150.097406,380811.185112,0,730
331050.682411,381033.610875,0,609
331064.247118,380740.944868,0,21
330979.274162,380959.294186,0,730
330943.466096,381055.886112,0,707
330947.470174,380962.342718,0,730
331022.266375,380907.652504,0,234
330975.370908,380866.926708,0,193
331062.543283,380829.856418,0,314
331162.485589,380855.593194,0,21
331057.10878,380782.92106,0,730
331043.87538,380895.714475,0,694
330988.093474,381135.036006,0,685
330988.17217,381100.838549,0,730
330967.955107,380959.182846,0,363
331092.06345,380891.352476,0,730
331014.202389,380869.747073,0,730
331128.158075,380822.849771,0,730
331135.237187,380903.71018,0,730
330987.107663,380956.044905,0,680
331005.257911,380914.950177,0,526
330978.890734,381003.01673,0,730
331075.204919,380728.650906,0,730
330946.883875,380936.538238,0,730
331183.944493,380748.591699,0,676
330976.324529,381045.611563,0,730
331108.760834,380844.917974,0,261
330949.155363,381064.073913,0,588
331064.081147,380862.424015,0,730
331008.84117,380731.273269,0,730
330913.34327,380810.332471,0,730
330979.280871,380902.03613,0,730
330943.402777,381116.142116,0,482
330998.374914,380981.874713,0,730
330934.376029,380918.687889,0,730
330943.996562,380957.53512,0,688
331094.923731,380911.88586,0,730
331009.199257,380900.942562,0,730
330968.255828,381152.235189,0,78
330938.848918,380827.098548,0,448
331004.31736,381098.331294,0,533
330964.836568,381122.719398,0,730
331012.243964,380860.488754,0,730
331221.756524,380768.388696,0,475
330987.440196,380730.966268,0,730
330965.839884,380858.578833,0,730
330955.756297,381116.910196,0,730
331141.436976,380910.130675,0,656
331044.930617,380971.88248,0,576
331000.871918,380893.616346,0,730
330942.913834,380807.579113,0,730
331008.62634,381052.303906,0,590
330922.901404,380800.534709,0,601
331079.408742,380788.25099,0,730
330968.06737,380854.151893,0,88
331014.571057,380792.515193,0,472
330948.7636,380832.689274,0,103
331153.102504,380857.998554,0,730
331037.52963,380798.597925,0,730
331181.363882,380759.178161,0,730
330951.457346,380944.736771,0,706
330979.502629,380784.631225,0,730
331027.348206,380818.121752,0,730
331070.214651,380787.203699,0,632
331194.516417,380806.136922,0,573
331056.946156,380866.393274,0,328
330958.645709,380963.273087,0,730
331004.620174,381016.339661,0,75
331080.721713,380867.331874,0,730
331179.815761,380804.134151,0,730
331086.339944,380802.627358,0,730
331061.374489,381019.58632,0,730
331027.06688,380764.744861,0,370
330978.978192,381116.618274,0,543
330984.102037,380818.811939,0,730
330955.07243,380888.068471,0,603
330915.028538,380776.787189,0,730
331021.590428,381003.890807,0,191
330943.506106,381127.544242,0,137
330963.270631,381025.539237,0,730
331013.088011,381089.519936,0,553
330933.679874,380871.945992,0,730
330984.22588,380916.124884,0,730
331097.00204,380877.366917,0,424
330979.043911,381095.378818,0,730
331124.059774,380797.026177,0,208
330991.073908,380838.622178,0,620
331114.474516,380768.714737,0,176
331014.241732,381027.165262,0,274
330934.655046,380911.510718,0,730
331128.205646,380730.37173,0,205
331062.398965,380913.2682,0,730
331090.636403,380766.724912,0,291
330998.344746,380928.848015,0,447
331064.653373,380839.381008,0,730
331027.607351,380903.615511,0,429
330962.638335,380791.558097,0,702
331054.862267,380936.738453,0,279
331192.254146,380839.400488,0,426
331070.985655,380818.72454,0,730
330962.62085,380784.335796,0,668
331029.810903,380735.800912,0,730
330974.458252,380956.738185,0,441
330948.85818,380751.043334,0,235
330934.311675,380796.693516,0,730
330979.255272,380990.294812,0,516
331016.942193,380721.771348,0,323
331016.73438,381078.26061,0,562
331092.534463,380787.401561,0,549
331193.567023,380808.047011,0,730
330922.318972,380782.889256,0,644
331021.899099,381064.712765,0,20
331029.957196,380854.740148,0,440
330962.308746,380857.682198,0,730
330971.966241,381027.258023,0,730
330969.536206,380927.066439,0,394
331186.585616,380796.836282,0,730
331007.64648,381069.241364,0,630
331004.74393,380846.701633,0,730
331115.586575,380953.293519,0,631
330972.956375,381082.338118,0,730
331142.016642,380788.380459,0,730
330955.142941,380914.928198,0,259
330932.951327,380798.939543,0,623
330941.418535,380807.594448,0,730
331023.256259,381044.399663,0,518
331157.464054,380810.54482,0,224
331126.539871,380897.940522,0,730
331077.044788,380895.645934,0,730
331137.567405,380800.840477,0,542
330938.472166,380927.38567,0,730
331065.604482,380719.172983,0,252
331077.021511,380975.930671,0,730
330944.086251,380748.601387,0,730
330975.228739,380989.610914,0,730
331131.13628,380943.413435,0,730
330946.306068,380773.324366,0,730
330923.561754,380814.94573,0,316
331078.411825,380927.123053,0,730
330941.219818,380921.616809,0,730
331059.69978,380831.550983,0,325
331084.527891,380840.78061,0,730
330952.395002,380868.964195,0,428
331037.008136,380830.1241,0,330
331112.093929,380721.673718,0,730
330918.84137,380861.253737,0,438
330977.538454,380737.934748,0,730
331078.891358,380786.214807,0,730
330940.560989,380830.461782,0,730
331095.809391,380952.098029,0,94
331014.492675,381053.307131,0,730
331045.139231,381004.247647,0,568
331038.231336,380828.270961,0,375
331166.245064,380801.018949,0,180
331154.718979,380726.624111,0,730
331128.882532,380757.482258,0,518
331128.453299,380889.317237,0,188
331028.854076,380818.394771,0,730
331060.320967,381012.331971,0,532
330932.920982,380828.454475,0,730
330918.629586,380740.33872,0,298
331152.460655,380755.566225,0,730
331037.404901,380953.312202,0,505
331142.594476,380868.796538,0,15
331130.885143,380899.187412,0,650
331195.962985,380774.790957,0,490
330923.354873,380900.227483,0,318
331022.948057,380762.961497,0,486
331130.457096,380853.207585,0,730
331005.193431,381027.949127,0,730
330934.868263,380818.553195,0,375
330982.093504,380751.518961,0,730
330925.126315,380741.149108,0,425
331023.530841,380774.865816,0,730
331123.487135,380763.082065,0,14
331147.266835,380730.586235,0,537
331046.373192,380882.341904,0,730
331002.572669,381032.393571,0,730
330999.056678,381027.256333,0,499
331023.963193,380967.387583,0,730
331191.450522,380770.884494,0,730
330995.868741,381033.935787,0,67
330989.777166,381046.016352,0,681
331008.057337,380865.359373,0,730
331166.357262,380789.606772,0,730
331135.00835,380886.059093,0,593
331090.019975,380927.19323,0,675
330956.077608,381170.113238,0,730
331169.63584,380857.041373,0,730
331016.208146,380942.10342,0,632
330979.399316,381086.735517,0,679
331120.454981,380894.473584,0,536
331040.172175,380754.823204,0,696
331083.843224,380734.375835,0,506
331064.068545,380845.109433,0,548
330918.487752,380894.406427,0,296
331076.407964,381000.903161,0,381
331006.10749,380813.499197,0,730
331194.177158,380813.351302,0,730
330956.716252,380938.014463,0,341
330922.764711,380840.006394,0,108
331133.279682,380803.494741,0,730
330992.45527,380886.137619,0,53
330967.373359,380743.176854,0,61
331027.521886,381038.855565,0,730
330947.907448,380912.905419,0,730
331090.670486,380733.334006,0,730
330993.045749,380984.364395,0,730
330964.034295,381059.865177,0,730
330919.734186,380733.263313,0,672
331056.495416,380827.158927,0,730
331001.224773,380906.553599,0,730
330978.089186,381024.119033,0,730
331160.766701,380756.676724,0,80
331070.762115,380724.694322,0,730
331098.247455,380924.254416,0,671
331039.494412,381071.353126,0,730
331111.638597,380720.035996,0,239
331039.617597,381034.25315,0,730
330990.764643,380797.186033,0,279
331012.344483,380939.79016,0,695
331172.337769,380798.998863,0,70
331039.019888,380830.538991,0,730
331048.015069,380932.081407,0,116
330929.741396,380829.049307,0,730
331023.013,380902.233887,0,730
330945.135222,381000.262259,0,417
331037.551191,381065.040409,0,390
331028.955084,381017.043028,0,106
331046.376013,381047.556474,0,625
331030.704489,380769.906069,0,459
331060.168668,380879.657924,0,155
330934.163442,380909.570431,0,730
331107.350513,380731.708535,0,723
330973.349613,380978.400189,0,569
331123.772407,380802.862753,0,7
330967.31961,380794.654235,0,412
330943.599896,380789.226117,0,730
330924.203287,380844.694941,0,730
330982.013338,380791.759644,0,730
331072.319243,380941.686914,0,665
331185.880658,380745.800839,0,109
331076.502368,380858.892737,0,601
331069.603611,380983.835143,0,570
331000.153705,381026.42864,0,12
331148.323235,380793.101601,0,354
330941.348807,381105.0504,0,730
330986.913468,381092.351037,0,730
330940.741519,380847.001219,0,646
330946.176632,380898.923064,0,730
330959.900792,380971.720472,0,730
330928.406701,380982.657485,0,730
330962.489959,381121.704046,0,644
330962.217695,380735.034159,0,114
331124.076228,380783.21257,0,54
330973.921655,380889.731866,0,730
331130.4444,380879.172413,0,730
331208.96726,380750.513592,0,564
330986.654168,380744.11761,0,730
330961.539662,380805.117839,0,514
331176.490273,380787.822968,0,730
330949.86166,381128.442583,0,666
331056.032061,380834.495601,0,730
331053.290667,380960.170536,0,434
330957.232174,381007.991095,0,730
331054.536021,380745.819383,0,730
331142.159448,380754.812414,0,730
331059.472851,380721.51001,0,557
331067.698957,380773.126028,0,192
331165.997441,380878.048247,0,730
330939.541373,380768.487385,0,730
331008.991549,380941.038765,0,238
331122.412725,380806.968309,0,730
331109.781366,380800.489759,0,730
331089.355239,380962.026789,0,600
330992.877419,380833.905019,0,730
331108.021085,380909.901531,0,184
331069.731514,380841.301551,0,707
331084.903159,380815.967623,0,730
331019.772527,380754.725086,0,730
331019.857265,380786.152788,0,730
330975.668814,380869.875971,0,730
331084.308855,380724.330442,0,730
331095.631739,380763.378283,0,212
330969.053527,380762.065153,0,730
330942.152458,380942.812531,0,730
331056.461787,380863.385804,0,730
331133.141992,380754.612061,0,628
331103.385684,380812.128891,0,321
331075.978445,380970.115843,0,416
331082.943321,380928.264817,0,730
331098.494151,380977.660221,0,730
331111.347736,380784.912606,0,730
330991.399462,381025.352331,0,730
331148.556168,380824.753644,0,730
331088.744894,380855.727532,0,730
331125.230314,380929.477384,0,667
330917.647315,380900.333294,0,730
331008.53042,380815.456852,0,373
330970.347998,380815.535609,0,48
331072.470884,380986.211503,0,191
331006.250791,381090.397016,0,730
331087.427506,380852.240566,0,730
331092.066996,380773.380739,0,730
331055.881906,380825.30402,0,579
330939.188118,380769.704168,0,558
331079.025104,380725.20769,0,93
331010.116415,380898.225143,0,565
330969.068905,380837.094062,0,730
331031.554704,380779.626285,0,730
331045.017602,381058.097289,0,626
331004.183002,381007.603439,0,442
331147.948295,380882.275999,0,730
331044.598602,381065.216448,0,185
331103.296495,380947.007887,0,730
331167.111161,380768.752538,0,423
330909.751152,380751.785949,0,730
331136.333821,380718.225756,0,105
330993.656653,381092.476875,0,571
331027.31712,380968.225134,0,365
331066.373174,381031.547371,0,703
330967.218962,380904.099936,0,730
330937.423983,381035.632789,0,714
331132.095128,380872.318983,0,730
330943.022725,381130.975597,0,643
330996.838991,380840.916673,0,445
330984.01168,380806.783303,0,730
331110.121633,380811.262373,0,730
330963.102543,380755.756322,0,730
330950.340232,380787.9594,0,75
330917.05048,380790.382841,0,355
331028.059869,380744.733868,0,555
331029.531779,380880.998898,0,657
331110.533422,380777.616,0,730
331111.437961,380725.309117,0,313
331070.564432,380930.221669,0,724
331083.480792,380932.722432,0,65
330982.415677,380936.887612,0,730
331142.743628,380890.782409,0,730
331226.257609,380768.24903,0,476
331022.281292,380763.322856,0,604
330926.313744,380730.207056,0,730
331135.197842,380885.569102,0,6
330911.081992,380811.725595,0,285
331073.619117,380994.575561,0,662
331158.125186,380884.815342,0,139
331048.881019,380973.415408,0,352
330974.75242,380905.469009,0,730
331102.522249,380803.843469,0,730
331122.336486,380776.536136,0,730
331166.680069,380767.198756,0,660
330963.041219,380833.081061,0,501
331179.05364,380790.399423,0,254
330914.637369,380740.954571,0,730
330974.494678,380989.266198,0,569
331085.35883,380806.827415,0,55
330982.568489,380956.24636,0,659
331124.824746,380751.402758,0,730
330913.669907,380802.375886,0,490
331058.176795,380879.496436,0,713
330996.902795,380900.580602,0,730
331035.345508,381030.381961,0,264
331011.9485,380758.86031,0,712
330922.6175,380872.630194,0,405
331012.553493,381061.434816,0,456
330978.870534,380815.652814,0,172
331033.267101,380771.550468,0,730
331133.213374,380893.569281,0,730
330972.601522,380730.282822,0,431
331026.00755,380777.511874,0,225
330990.445347,380774.8182,0,730
331046.508734,380775.255931,0,730
330970.932764,381042.141935,0,725
331092.908711,380999.11827,0,462
331027.653173,381003.741134,0,730
331033.125586,380730.85815,0,730
331001.667068,380791.685621,0,730
331201.508495,380746.486588,0,730
331047.207387,381007.01082,0,730
331185.947458,380772.238103,0,730
330927.149046,380846.443422,0,79
331109.310205,380873.174728,0,730
330952.306962,380843.38428,0,622
330954.968657,380750.938055,0,730
330991.937377,381072.62004,0,730
330948.949166,381004.672429,0,730
330975.935621,380728.868372,0,730
331092.553134,380983.832929,0,587
331172.36716,380826.305372,0,331
331036.017221,380837.707348,0,730
331026.264055,380902.704922,0,664
331053.131365,380969.38846,0,46
330984.269309,380992.996633,0,355
330981.409008,381067.842248,0,31
331058.604401,380834.044802,0,730
331033.894472,380993.976678,0,42
331152.007233,380823.320346,0,730
330976.37191,380773.314265,0,316
330912.658171,380783.725031,0,65
331021.448951,381060.231269,0,730
331149.173537,380912.180214,0,436
331005.371237,380830.656423,0,511
330989.194485,380723.789886,0,258
330907.350738,380782.229001,0,730
331124.259538,380872.484647,0,413
330969.796797,380900.719441,0,81
331134.213379,380765.964412,0,730
331018.848236,380947.971433,0,45
331114.818521,380763.99,0,56
331100.723815,380768.569388,0,730
330988.664887,380985.388847,0,669
330988.592207,380787.695374,0,730
331205.29885,380753.333419,0,692
330906.050122,380770.419677,0,730
331178.997329,380808.24499,0,726
331163.102258,380751.347418,0,730
330988.554044,380783.15836,0,730
331208.123988,380764.352662,0,680
331052.298374,380828.46073,0,730
331062.095466,381030.027647,0,493
330988.169511,381047.876561,0,730
330970.012218,380813.528211,0,730
331002.697212,380903.708624,0,300
330968.37859,380811.3598,0,726
330966.339357,381130.880401,0,25
331130.207169,380802.765172,0,730
331073.5013,381008.465351,0,624
330973.519777,380803.301546,0,600
330983.191593,380748.594369,0,602
331111.583084,380813.054334,0,730
330970.269687,380785.489702,0,730
330970.577105,381150.003192,0,730
331002.139886,381112.051321,0,683
331092.972402,380836.910927,0,469
331036.578705,380972.944759,0,156
330964.941191,381117.675203,0,730
331090.594332,380752.264601,0,730
331185.34741,380771.240033,0,86
331036.598881,380862.604026,0,730
331148.93698,380896.233265,0,642
331063.764032,380746.467058,0,730
330952.174374,381116.942625,0,289
331032.63673,380727.993143,0,502
330996.372387,381050.495393,0,730
331070.953833,381029.334558,0,730
331168.395133,380730.167672,0,730
331175.392814,380847.935129,0,730
330948.393229,380742.598618,0,60
331064.43221,380764.532453,0,730
331153.178007,380827.933788,0,581
331061.855912,380720.264846,0,730
330936.403623,380852.044021,0,719
331122.860419,380914.164205,0,499
331012.808024,380745.778159,0,730
330973.881976,380943.664537,0,730
331090.48252,380943.921361,0,730
331081.058405,380953.607457,0,730
330970.476651,380754.348428,0,730
331104.339778,380980.167571,0,464
331016.946857,381100.108668,0,730
330997.559641,380991.94803,0,730
331049.298563,380960.609965,0,730
330902.08731,380726.752071,0,730
331171.686785,380796.451269,0,730
330997.268146,380854.951534,0,125
330922.59907,380935.818597,0,214
331088.566382,380891.451885,0,458
331003.296446,380855.513361,0,563
330932.710634,381045.737631,0,275
331062.710396,380750.547028,0,345
331025.533054,380829.060776,0,716
331106.30784,380936.308055,0,730
331045.374731,380859.347811,0,119
331011.469873,380883.835245,0,630
330997.266449,380784.368527,0,730
330938.442581,380738.55649,0,730
330925.791554,380771.965061,0,664
331117.552214,380897.087086,0,544
330985.943142,381096.92843,0,647
330972.82645,380768.811889,0,730
330995.919699,380903.052367,0,730
330984.27954,381013.385151,0,408
331045.155747,380851.030675,0,387
331041.604994,381056.029044,0,730
331023.590306,380777.372622,0,92
331018.103698,380905.134316,0,730
331051.141127,380728.193381,0,730
330945.014187,380910.36256,0,730
330970.992799,380763.255102,0,730
331063.083535,380796.486109,0,730
331138.634339,380825.82426,0,58
331076.711743,380854.939917,0,607
330956.133947,380909.266766,0,730
331008.162206,380749.237383,0,730
330999.456449,380806.925814,0,730
331105.215206,380951.119269,0,245
330997.390972,380761.131977,0,730
331185.681329,380849.943444,0,243
330957.852197,380959.57744,0,730
331010.749222,381044.553609,0,593
330940.007172,380916.373545,0,127
331048.805131,381033.515615,0,730
331103.448639,380818.395648,0,730
331155.233398,380729.747622,0,225
330945.546143,381030.935984,0,730
331024.276585,380757.683866,0,730
330994.251213,381059.698877,0,730
331040.784893,380972.489222,0,690
331096.036348,380822.293485,0,730
331114.405292,380812.474939,0,240
331014.095007,380948.965741,0,730
331065.038067,380934.747635,0,143
331076.237738,380864.744909,0,730
330924.150152,380845.795926,0,421
330984.23102,381057.238684,0,730
331057.685559,380910.2848,0,687
331025.64765,381008.268122,0,730
331144.538754,380736.94299,0,730
331018.685052,380915.512838,0,730
330963.288571,381079.329526,0,708
330995.430925,380988.820997,0,500
331030.739063,380935.32546,0,730
331020.121011,381070.205944,0,491
330968.268074,380736.135599,0,588
330967.805001,380722.624532,0,730
330971.312394,380870.69567,0,452
330945.707516,381094.642001,0,730
331096.504576,380819.266145,0,418
330978.574301,380999.753458,0,730
331169.327364,380872.578057,0,730
331032.971186,380855.857252,0,730
331024.255291,380790.770313,0,431
331098.105762,380822.706027,0,730
331104.182329,380893.565271,0,730
331017.717476,380813.675031,0,262
331098.967378,380833.341676,0,730
330932.209536,380943.359013,0,229
331002.209385,381054.345833,0,244
330941.060326,380967.789493,0,615
331196.818364,380784.471668,0,406
331019.626358,380940.98937,0,414
331000.081312,380904.961653,0,730
330944.796406,381104.909057,0,429
330988.906896,380980.211819,0,629
330993.064653,381052.636015,0,270
330949.925003,380894.49378,0,488
331146.156069,380730.093642,0,259
330975.446571,380860.019586,0,730
331011.751681,381003.100194,0,501
331116.229427,380901.757944,0,730
331005.385003,380828.166413,0,76
331154.95154,380723.511055,0,128
330940.421685,381085.62694,0,730
330926.385843,380730.953724,0,730
331078.298555,380795.607534,0,730
331193.401735,380771.691575,0,730
331146.791208,380832.265819,0,382
330928.328686,380735.988067,0,657
331043.040294,380796.640842,0,718
331045.839849,380886.972025,0,730
331096.137632,380998.130465,0,29
331019.706618,380919.656981,0,439
330945.852758,381064.605037,0,730
331102.357461,380822.891358,0,698
330961.704943,381087.790547,0,730
330975.663361,381045.96885,0,38
330968.752867,381131.18992,0,730
331060.77456,380820.288878,0,730
331056.867408,380737.809375,0,667
331077.827821,380826.67285,0,730
331123.829479,380710.313453,0,339
330932.445733,381015.209735,0,645
330983.567703,380754.668396,0,730
330922.37428,380746.771536,0,26
331010.897976,380808.25589,0,730
330979.66085,380776.993333,0,730
331099.733931,380936.667115,0,477
331046.108877,380751.813207,0,614
331085.860238,380787.391859,0,100
331022.780435,381057.370692,0,730
331049.825883,381036.777088,0,529
330982.954395,381080.672011,0,585
330990.301673,380963.739237,0,730
331010.658289,380736.39221,0,710
330924.129292,380821.283341,0,730
330958.16346,381032.94109,0,730
331137.512155,380895.969525,0,210
331162.476052,380790.116249,0,607
330994.033415,380960.117678,0,730
330982.078612,381109.585001,0,730
330922.86865,380915.693624,0,458
331073.601744,380922.893503,0,730
330958.123459,380891.938941,0,730
330923.496571,380925.816383,0,610
330937.381141,380722.879727,0,730
331111.305638,380950.167176,0,730
330965.555574,380740.432388,0,730
331096.537972,380728.568639,0,730
331098.183956,380716.970095,0,565
331093.026705,380825.303038,0,730
331033.685068,380796.225499,0,295
330961.764145,380755.480282,0,17
330972.480553,380836.278556,0,730
331054.300057,380957.178672,0,730
331037.931278,381023.328361,0,640
331194.776423,380788.733545,0,730
330975.377666,381147.921798,0,589
330940.442315,380785.716797,0,530
330968.911365,380952.11094,0,730
330965.750833,380862.896276,0,443
330948.587863,380988.012266,0,730
331081.092984,380831.928325,0,716
330961.011396,381086.060761,0,730
331124.612291,380827.122085,0,730
331070.686612,381020.073284,0,730
330930.241228,380857.799798,0,730
331046.365725,380793.781449,0,30
331121.789994,380944.634695,0,730
330920.072127,380757.527658,0,730
330955.093179,381137.341414,0,730
330986.919177,380879.744987,0,730
331022.325338,381056.39608,0,730
331076.058215,380911.632194,0,661
331077.841928,380884.956025,0,730
331106.984298,380922.842059,0,675
330985.434544,381033.180278,0,730
330983.507274,381132.680615,0,730
331049.703975,380756.508381,0,730
330975.266445,380871.554605,0,730
330990.996592,380883.93627,0,730
331152.385393,380733.306325,0,629
331041.915793,381042.61228,0,665
330976.234474,380918.975542,0,730
331014.736937,381003.241376,0,466
330997.771808,380815.207556,0,711
330970.134756,380857.818544,0,730
330941.256883,381091.92556,0,706
331079.401469,380849.793173,0,303
330989.128892,380799.142465,0,730
331072.398325,380783.351013,0,730
330943.250938,380817.154762,0,730
330992.166921,380773.11871,0,730
331054.251776,380949.622524,0,592
331087.226262,380995.120386,0,652
330928.133867,380865.942314,0,730
331125.075219,380882.681744,0,369
330968.851485,381099.802197,0,9
331052.755695,381054.406392,0,543
331033.256325,380786.54333,0,36
331060.352133,380922.312537,0,684
331189.195434,380767.14301,0,315
331111.578968,380936.217507,0,730
330920.721588,380885.463651,0,730
330967.50216,380888.582639,0,186
331033.52208,380913.748315,0,730
331100.446956,380976.880187,0,678
331056.109142,380885.079402,0,118
330974.175961,380820.218524,0,730
330938.803877,380905.974504,0,503
331084.240235,381003.048817,0,221
331025.094223,381035.398557,0,598
331074.735296,380906.365965,0,730
330936.332955,380971.547878,0,302
331180.152707,380789.245974,0,730
331040.132659,380902.875153,0,730
330932.780498,380858.503768,0,686
330954.311366,380771.009766,0,697
331099.03361,380844.41119,0,730
330972.929719,380998.810046,0,730
331047.187644,380984.008682,0,286
331139.745365,380896.822513,0,730
331070.780075,380790.136594,0,61
331017.95103,380921.234319,0,693
331083.811254,380745.428182,0,730
330962.884382,381092.781379,0,106
331016.673117,380869.527294,0,583
330951.959307,381156.01796,0,574
331172.728834,380788.161811,0,730
330994.658062,380811.513786,0,124
330985.705969,381100.321977,0,715
330934.785763,380838.169974,0,730
330994.459044,381067.04241,0,661
331051.186102,380751.91138,0,730
330949.365204,380832.04708,0,730
331102.097821,380981.050118,0,730
330960.72089,380860.646189,0,730
330944.033861,380817.87687,0,730
331027.662762,380753.663398,0,169
331012.975159,380769.022716,0,730
331092.092243,380838.465621,0,212
331173.324441,380811.474009,0,698
330974.012624,380754.446043,0,577
331128.50284,380770.838624,0,730
331089.35854,380852.173503,0,265
331109.922138,380750.049442,0,730
331003.352356,380897.325356,0,730
330986.746281,380810.963142,0,637
331055.36533,380939.551736,0,730
330946.304148,380875.67247,0,730
331102.073476,380950.694492,0,730
331025.804735,380845.374658,0,634
331170.476442,380854.947597,0,730
330935.076109,380835.479489,0,730
331103.468824,380822.571324,0,228
330964.039443,381071.250744,0,540
330949.212354,380724.935187,0,730
331006.585369,381059.817667,0,484
331002.911456,381081.917774,0,730
330988.083005,380962.748426,0,730
331081.232109,380874.701079,0,351
331046.657562,380751.295349,0,730
331017.666574,380955.979216,0,264
330967.599639,380917.195222,0,730
330947.210691,380899.483171,0,730
331037.388588,380783.613791,0,273
331181.041375,380834.153393,0,427
331094.456033,380736.689759,0,730
331045.484426,380762.730854,0,730
331192.84632,380759.025439,0,503
331021.646386,380816.831049,0,247
331016.562406,380768.097443,0,730
330927.833914,380838.416092,0,561
331166.122434,380827.396489,0,421
331012.401045,380793.635252,0,730
331028.39374,381073.619849,0,730
330952.520492,380988.362878,0,79
331033.975327,380876.3456,0,730
331104.119041,380837.115051,0,609
331182.136459,380814.642066,0,84
331158.62783,380861.158583,0,730
330988.672923,380800.314934,0,730
331000.97999,380998.25233,0,730
330949.795422,381119.909889,0,327
331099.404738,380759.657888,0,247
331080.598833,380950.487279,0,217
331098.615712,380960.154908,0,170
331088.161849,380914.919908,0,96
331041.406356,380839.208443,0,160
331057.377401,380869.152739,0,547
330958.722254,380953.4915,0,96
331071.98176,380815.841973,0,730
331005.153824,381085.303869,0,453
331058.013198,380973.088641,0,730
331150.361518,380886.99489,0,548
331011.67001,380754.861847,0,618
330972.295649,380734.66094,0,730
330936.036306,380795.081952,0,730
331194.273666,380756.632065,0,559
330944.641017,381064.181765,0,295
331104.822187,380767.763367,0,730
330935.974465,380849.930667,0,730
331133.066303,380828.843718,0,730
331020.089557,380876.876417,0,367
330951.820161,380937.625883,0,730
330969.79984,380852.527643,0,730
331045.422028,381064.137264,0,668
330964.360028,380755.356194,0,730
331169.320547,380730.30155,0,730
331094.629369,380891.81671,0,538
330957.118401,380924.530678,0,730
331070.678703,380803.605687,0,392
331136.758613,380922.887932,0,498
330959.396195,380941.430316,0,730
330966.983726,380928.269901,0,274
331140.313458,380846.190956,0,730
331091.021613,380909.194732,0,604
330961.644779,380739.640586,0,730
330980.914711,380780.215598,0,730
330976.927523,380819.535682,0,730
330946.445916,381144.181933,0,120
330982.116946,380793.474279,0,730
331036.509532,380985.300622,0,397
331077.34456,380880.305071,0,150
330943.729314,380999.80916,0,730
331001.349709,380816.997655,0,730
330931.44169,381006.890555,0,535
331073.193991,380833.982928,0,730
331171.538968,380741.969738,0,730
330955.661122,381090.041131,0,196
331140.578796,380866.62326,0,730
331017.356426,380896.645473,0,730
330994.600628,380950.539802,0,587
331064.028603,381009.998658,0,226
331019.780621,380987.926592,0,730
330969.936061,381105.639716,0,730
331035.515193,380931.526549,0,461
330918.13063,380899.281385,0,11
331186.36635,380783.804807,0,730
331036.885923,380975.740863,0,512
331041.145475,380974.850614,0,730
330976.135742,380802.185797,0,235
330967.514555,380841.069558,0,586
331192.17741,380753.044268,0,730
331109.206713,380954.425967,0,694
331023.184136,380774.391277,0,730
331024.602555,380758.867426,0,730
331021.359962,380931.405263,0,426
330944.029888,381005.377928,0,730
331112.04275,380771.880456,0,730
331119.984629,380903.72556,0,730
331022.121448,380720.498285,0,730
331044.817884,380847.038324,0,566
331060.610099,380867.609264,0,59
330928.498286,380879.879156,0,153
330900.801678,380734.1204,0,544
331043.825431,380783.388831,0,730
331031.900865,380942.2581,0,730
330960.804532,380827.01524,0,730
331062.283405,380983.809186,0,730
331085.177672,380892.482501,0,545
330981.614988,380730.482553,0,730
330966.536783,380762.693625,0,464
331011.588769,380733.017051,0,730
331098.810923,380803.391539,0,730
331030.405481,381059.135871,0,730
330986.056521,381062.143252,0,730
331070.826672,381014.170387,0,730
331093.343057,380815.378918,0,23
331055.956735,380954.257198,0,730
331006.83738,381036.823237,0,446
330979.876716,380987.066644,0,730
330966.506408,380994.967778,0,481
331088.591913,380881.975165,0,730
330967.923414,380880.957985,0,721
330964.318629,381109.774433,0,730
331099.924496,380818.612016,0,308
331067.207044,380923.042302,0,672
331011.54432,380746.925783,0,730
330925.624503,380932.674891,0,730
331104.134506,380803.286287,0,520
331102.594968,380872.429022,0,730
331149.868068,380906.27624,0,86
331065.694517,380718.432617,0,730
331069.47863,380996.565836,0,730
331163.716124,380814.000415,0,730
331107.035344,380953.85052,0,619
330981.770581,381056.943781,0,730
330905.623762,380788.753392,0,730
331050.214017,380912.159484,0,730
331143.096834,380803.219137,0,730
331116.561856,380737.147829,0,315
330928.71795,380886.557169,0,374
331037.551747,380804.513704,0,265
331107.283564,380824.866807,0,730
331004.943057,381093.806954,0,654
330993.891795,380950.148661,0,730
331129.814038,380787.45554,0,226
331095.628204,380871.632588,0,712
331168.772827,380858.041382,0,730
331032.05645,380832.018753,0,699
331044.996219,381010.219169,0,730
331061.095105,380925.251818,0,730
331009.805166,380842.5872,0,730
331063.524223,380773.538169,0,3
331006.023756,380908.90989,0,715
330960.5361,381057.153461,0,730
331079.017393,380788.937496,0,90
331172.49785,380763.301447,0,730
331068.939624,380772.351229,0,605
330977.767272,381046.58612,0,730
330962.476909,380879.268574,0,341
331128.94869,380900.467055,0,400
331020.093725,381089.069812,0,730
331136.029781,380873.355584,0,730
331165.030141,380867.813542,0,730
330997.892658,381053.141865,0,730
330986.213277,380775.434119,0,415
331188.224568,380813.738733,0,730
331076.411699,380934.209204,0,730
331105.181454,380870.163021,0,524
330952.982817,381014.085517,0,73
331045.795585,380960.966958,0,677
330956.983729,381063.709241,0,362
330954.466182,381057.954114,0,730
330921.019883,380810.820179,0,131
331015.241447,380982.522596,0,546
330930.297908,380932.723488,0,102
330955.366165,381163.330074,0,730
331031.088954,380937.973958,0,730
331019.929614,380917.594326,0,730
330997.292794,380787.513982,0,575
331174.19733,380828.676674,0,730
331120.885456,380773.016211,0,730
331086.317022,380830.371921,0,449
331011.203182,381086.045989,0,730
331041.306895,380960.533408,0,730
331162.21848,380768.702249,0,730
331028.230741,380820.740929,0,730
330993.858588,380818.821206,0,580
330940.551971,380726.300659,0,730
330986.494923,381114.092191,0,36
331077.602246,380726.022522,0,730
330932.781277,380963.723088,0,730
330980.513736,380781.541557,0,730
331054.629751,380970.931025,0,272
331089.540843,380784.436494,0,685
331092.042407,380775.203176,0,730
331185.462228,380828.852251,0,498
331113.70424,380954.562615,0,730
331072.67969,381017.933817,0,730
331072.536578,380872.555522,0,470
331062.83121,380890.169286,0,730
331181.160177,380841.57663,0,603
330994.708921,380954.390206,0,149
331036.051785,380761.332795,0,717
331119.324137,380771.721311,0,730
330996.399592,380782.084864,0,515
331097.261395,380989.348239,0,456
331053.4898,380729.251893,0,730
330963.030777,381035.61389,0,463
331050.397188,380915.833349,0,161
330993.457989,380856.813699,0,730
330949.861981,380774.548878,0,730
330914.541472,380739.989346,0,361
331024.511431,381048.211291,0,730
330979.226524,381098.529086,0,730
331009.897673,380905.957105,0,242
330968.56943,380765.958957,0,730
331085.811691,380728.55252,0,730
330995.008005,380992.14657,0,348
330902.822879,380754.461592,0,730
330950.364351,380902.118979,0,626
331049.902958,380888.021008,0,613
331019.101503,381047.72968,0,418
331135.04079,380910.942789,0,649
331045.239753,380825.741467,0,730
331099.796971,380788.57565,0,730
330994.951651,380894.897907,0,276
331140.760231,380810.342456,0,730
330918.596357,380831.785386,0,724
330952.71328,380798.434519,0,650
331039.61107,380730.754288,0,730
330922.017385,380777.910829,0,730
331170.237259,380745.002763,0,730
330943.947415,380861.868448,0,730
331043.761398,381027.651683,0,730
330954.708659,380752.462211,0,730
331018.43226,380941.892828,0,730
330957.502107,381000.571838,0,539
331026.024385,381061.480625,0,730
330982.094671,381032.01127,0,704
331043.743439,380887.626885,0,522
330964.974516,380989.791402,0,730
331054.00726,380868.867154,0,730
331043.76726,380737.470025,0,730
331012.17946,380999.412902,0,651
330958.603838,381023.525878,0,730
330943.213627,380826.480164,0,730
331017.004596,381080.422848,0,730
330962.195805,380850.684566,0,547
331081.526763,380804.889127,0,154
330988.032645,380798.497428,0,594
331012.052587,380985.415725,0,730
331114.8338,380776.468191,0,682
331097.345868,380831.756571,0,37
331106.311939,380737.873298,0,730
331027.649414,380950.1433,0,730
330935.775571,380845.045411,0,730
330969.901182,380863.252387,0,730
331033.057824,380933.822394,0,374
330989.075472,381104.77786,0,85
330974.487383,381119.334729,0,730
331164.953603,380846.293204,0,730
331030.645782,380748.268992,0,730
330982.304455,380723.046176,0,528
331059.169063,380845.006645,0,343
331158.205316,380857.637555,0,642
330971.791213,381062.689474,0,730
331021.863072,381065.869879,0,730
331010.295652,380940.687401,0,209
331006.293647,380781.881326,0,730
331123.709655,380875.408494,0,730
330965.586381,381022.741622,0,433
331035.189657,380810.354041,0,360
330967.776185,380781.032128,0,63
330979.129394,381070.544851,0,730
331161.670303,380785.800676,0,730
331016.434225,380755.032347,0,730
331168.685236,380787.709758,0,730
330940.706898,381094.070935,0,730
331098.571413,380932.531429,0,441
331084.159591,381001.419417,0,267
331076.112578,380990.798121,0,730
331004.077333,380813.042074,0,730
330941.750778,380758.892335,0,701
331036.945528,381056.40127,0,730
331214.113625,380774.000448,0,440
331129.262732,380794.593824,0,730
330967.970698,380828.490583,0,730
331150.664125,380901.914326,0,730
330989.367193,380825.53689,0,730
330994.037768,380917.147093,0,730
330925.903764,380923.560193,0,730
331060.969722,380770.958234,0,407
330976.466396,380882.344222,0,730
331095.291902,380979.956539,0,578
331090.69283,380859.663306,0,403
331007.017048,380851.371955,0,730
330940.070612,380902.43175,0,314
331005.622261,380723.959249,0,730
331022.13023,380926.363782,0,730
330917.407307,380834.335695,0,701
330976.689859,381042.884146,0,616
331181.584062,380790.858287,0,730
331076.068125,380721.197378,0,133
331014.327916,381030.110344,0,568
331045.586137,380983.083734,0,285
330957.813509,381081.051766,0,104
331008.384286,381074.114357,0,635
331184.847326,380842.986333,0,730
330922.298103,380730.757091,0,730
331053.335789,380790.112306,0,142
331058.029374,381039.111166,0,730
330994.262187,380929.778555,0,730
330951.623849,381127.793831,0,583
331000.378182,380950.390296,0,427
331081.839635,380950.880583,0,730
331123.198783,380730.403579,0,527
331070.49926,380818.123864,0,146
331056.461525,381035.539419,0,133
330923.255389,380746.839255,0,606
330943.722821,381090.492638,0,730
331189.605645,380817.664574,0,286
331196.661549,380831.041751,0,730
331068.622558,380988.848273,0,730
330962.421801,380781.159946,0,720
