325887.239331,377144.286491,0,730
325814.392042,377252.321156,0,730
325900.538261,377234.599594,0,730
325849.190148,377280.499158,0,730
325818.326063,377057.198817,0,730
325821.642239,377184.521064,0,730
325920.01031,377232.280285,0,730
325824.712581,377184.394901,0,730
325653.037434,377320.461954,0,730
325640.986781,377350.1967,0,730
325733.918932,377104.005243,0,730
325744.434207,377419.819242,0,730
325837.165105,377325.703244,0,730
325760.973614,377079.717251,0,730
325740.86195,377344.887309,0,730
325716.392247,377335.595849,0,730
325918.63891,377325.544262,0,730
325840.349341,377273.061663,0,730
325821.077334,377179.520496,0,730
325818.979316,377417.869349,0,730
325827.165966,377150.908873,0,730
325713.362825,377398.86341,0,730
325774.610835,377294.535963,0,730
325632.98919,377359.508393,0,730
325799.54237,377340.875487,0,730
325956.190955,377236.278717,0,730
325836.063017,377359.697402,0,730
325758.874338,377373.035718,0,730
325773.185301,377078.826063,0,730
325917.402613,377356.504364,0,730
325728.645579,377065.961005,0,730
325924.457558,377513.657731,0,730
325762.493053,377330.055823,0,730
325991.810407,377542.992712,0,730
325850.430003,377409.048927,0,730
325773.41617,377048.12415,0,730
325749.939825,377372.040982,0,730
325680.157767,377330.966012,0,730
325771.12985,377403.554667,0,730
325850.794499,377180.257508,0,730
325740.604405,377417.234886,0,730
325889.555468,377282.623811,0,730
325876.644862,377383.671992,0,730
325832.961836,377229.629883,0,730
325767.823139,377022.602786,0,730
325805.229548,377231.795818,0,730
325959.261873,377528.195787,0,730
325872.605925,377194.951193,0,730
325766.288777,377388.182843,0,730
325770.756732,377163.261802,0,730
325898.064995,377243.358717,0,730
325885.06082,377473.421539,0,730
325854.841599,377325.789109,0,730
325846.986336,377400.336714,0,730
325861.235268,377312.208492,0,730
326007.683978,377276.49589,0,730
325872.142705,377274.837055,0,730
325937.643427,377194.108618,0,730
325972.297044,377334.060827,0,730
325670.485031,377337.146978,0,730
325921.411241,377523.383227,0,730
325848.890269,377317.746819,0,730
325793.113114,377378.670781,0,730
325824.31375,377258.058282,0,730
325913.74432,377199.195725,0,730
325768.763614,377226.11836,0,730
325820.515258,377362.982571,0,730
325968.962783,377527.788309,0,730
325906.258903,377316.330887,0,730
325769.968549,377431.589874,0,730
325879.588664,377453.498404,0,730
325946.042666,377215.223544,0,730
326013.923973,377312.946734,0,730
325932.878919,377511.267733,0,730
325962.558896,377235.385964,0,730
325860.371684,377288.310111,0,730
325878.103348,377153.046698,0,730
325770.848435,377293.652465,0,730
325883.631819,377387.167129,0,730
325755.739106,377070.673652,0,730
325885.544329,377442.23087,0,730
325984.80887,377284.249079,0,730
325756.008431,377035.167868,0,730
325995.482061,377361.55132,0,730
325797.48052,377076.070506,0,730
325944.125388,377362.754147,0,730
325811.412006,377174.251704,0,730
325849.148405,377102.511539,0,730
325931.593629,377201.294745,0,730
325704.351976,377372.886959,0,730
325949.03508,377283.703099,0,730
325719.714262,377353.827081,0,730
325890.842087,377451.819129,0,730
325778.301881,377274.019155,0,730
325939.530474,377236.116491,0,730
325685.576087,377362.950697,0,730
325840.32294,377334.990662,0,730
325977.98448,377313.211908,0,730
325722.542396,377330.740942,0,730
325840.088153,377375.68859,0,730
325839.091065,377274.996155,0,730
325859.362967,377319.371743,0,730
325799.88182,377240.734075,0,730
325828.998905,377394.348327,0,730
325978.991946,377309.076909,0,730
325826.003057,377102.982427,0,730
325767.020932,377258.944065,0,730
325726.424303,377396.247846,0,730
325755.295995,377149.268174,0,730
325918.148822,377384.550551,0,730
325832.180573,377297.300165,0,730
326026.846675,377330.477553,0,730
325745.592382,377040.137415,0,730
325819.04781,377440.819507,0,730
325892.003,377301.691401,0,730
325872.829469,377125.25423,0,730
325952.879903,377200.280116,0,730
325905.120555,377489.241237,0,730
325858.718647,377163.214334,0,730
325914.949649,377262.126193,0,730
325983.789782,377380.352915,0,730
325937.49998,377317.059466,0,730
325910.873159,377292.751318,0,730
325738.897303,377438.681402,0,730
325846.165471,377340.586294,0,730
325996.571092,377323.996274,0,730
325986.590881,377305.59392,0,730
325769.760071,377000.349192,0,730
325888.408432,377368.646314,0,730
325913.197245,377243.589779,0,730
325946.06563,377168.775785,0,730
325983.658233,377249.003027,0,730
325763.673698,377122.850757,0,730
325954.890471,377270.904533,0,730
325973.329802,377546.722889,0,730
325632.889802,377376.8774,0,730
325844.5798,377179.50734,0,730
325759.469695,377069.525744,0,730
325818.72787,377112.386241,0,730
325874.247132,377251.083634,0,730
325827.371139,377315.34709,0,730
325767.126549,377328.687814,0,730
325899.19493,377314.393554,0,730
325994.387059,377272.534738,0,730
325758.840135,377367.72521,0,730
325880.926216,377303.635256,0,730
325842.880816,377135.402991,0,730
325857.483627,377145.726355,0,730
325920.48243,377255.856331,0,730
325863.031466,377465.077687,0,730
325787.333776,377201.393498,0,730
325859.543787,377234.350487,0,730
325813.394876,377344.310918,0,730
325994.287012,377276.524813,0,730
325646.140848,377432.014701,0,730
325754.793142,377436.126588,0,730
325671.163437,377429.861075,0,730
325858.703572,377248.799502,0,730
325955.628501,377277.233391,0,730
325890.328259,377373.692294,0,730
325861.367784,377167.45094,0,730
325797.884622,377262.294846,0,730
325727.823111,377438.957189,0,730
325727.030589,376973.709461,0,730
325855.137507,377161.416747,0,730
325828.363278,377249.275373,0,730
325903.289058,377232.293785,0,730
325829.869323,377066.208039,0,730
325713.198032,377442.125506,0,730
325766.918507,377128.373002,0,730
325723.585968,377065.438245,0,730
325796.995397,377299.138461,0,730
325953.297067,377347.797273,0,730
325715.098329,377437.716496,0,730
325808.826056,377323.730129,0,730
325878.658054,377383.872419,0,730
325867.562932,377113.859007,0,730
325818.15223,377289.547864,0,730
325915.994733,377337.391216,0,730
325749.365619,376988.848085,0,730
325779.729212,377129.158293,0,730
325695.935002,377313.36709,0,730
325722.776331,376969.678865,0,730
325891.011751,377484.491226,0,730
325713.404399,377334.80853,0,730
325898.641326,377290.07628,0,730
325738.424419,377068.445351,0,730
325859.260535,377150.663143,0,730
325735.826572,377397.74164,0,730
325759.418329,377235.977637,0,730
325813.206772,377449.389853,0,730
325697.235114,377412.031312,0,730
325980.462871,377343.696171,0,730
325919.984913,377389.313957,0,730
325747.670124,377162.126747,0,730
325803.401586,377328.930502,0,730
325871.286915,377194.510169,0,730
325857.089618,377283.75618,0,730
325832.793192,377190.869263,0,730
325718.950978,377114.197728,0,730
325728.183092,377383.435219,0,730
325718.235444,377203.442538,0,730
325811.285301,377428.548464,0,730
325672.199849,377394.988451,0,730
325829.632589,377285.00319,0,730
325846.157913,377308.328305,0,730
325738.888849,377434.220177,0,730
325839.805498,377100.324969,0,730
326014.54704,377295.060443,0,730
325759.612076,377093.550212,0,730
325899.618348,377241.307253,0,730
325852.752647,377224.380042,0,730
325911.987734,377286.302731,0,730
325914.447742,377298.621779,0,730
325737.183848,377032.636065,0,730
325645.68299,377430.90282,0,730
325828.173004,377162.098134,0,730
325652.237575,377322.003171,0,730
325944.376615,377268.967249,0,730
325732.93033,377065.718683,0,730
325805.271803,377146.0775,0,730
325881.485448,377296.380087,0,730
325756.321258,377045.961286,0,730
325675.202733,377413.709373,0,730
325850.552168,377150.802067,0,730
325942.663756,377299.8942,0,730
325833.391317,377081.025849,0,730
325814.942377,377129.481568,0,730
325771.603354,377225.134585,0,730
325809.448082,377286.458345,0,730
325774.62921,377108.139337,0,730
325917.879359,377208.13686,0,730
325986.045792,377255.669842,0,730
325970.285431,377400.319906,0,730
325637.582558,377360.310859,0,730
325979.143702,377233.562774,0,730
325763.75535,377352.080465,0,730
325657.245471,377417.319802,0,730
325956.811551,377256.236481,0,730
325663.40179,377348.971534,0,730
325739.704905,377298.75579,0,730
325925.520064,377351.321984,0,730
325777.447481,377016.571824,0,730
325906.053542,377226.947728,0,730
325802.682868,377198.590471,0,730
325788.910487,377086.32779,0,730
325787.180495,377136.453539,0,730
326008.634888,377273.472239,0,730
325776.615964,377044.522846,0,730
325737.634602,377436.863564,0,730
325896.295191,377244.125893,0,730
325786.188688,377079.088152,0,730
325833.412259,377281.476422,0,730
325846.97942,377114.291259,0,730
325866.298474,377134.503376,0,730
325753.478724,377142.258608,0,730
325928.979202,377476.249286,0,730
325876.39095,377289.594544,0,730
325744.103456,377144.266762,0,730
325861.810956,377442.362779,0,730
325861.487582,377219.708797,0,730
325929.996749,377440.677637,0,730
325665.774218,377386.457756,0,730
325738.904627,377156.300731,0,730
325749.13362,377222.487738,0,730
325941.462489,377207.75461,0,730
325870.184766,377462.338854,0,730
325972.035222,377310.882976,0,730
325877.044282,377321.756986,0,730
325892.602751,377256.167865,0,730
325853.589019,377366.438316,0,730
325944.707652,377259.787037,0,730
325763.878755,377122.389839,0,730
325982.743867,377277.097044,0,730
325643.856125,377340.653084,0,730
325820.332157,377360.962608,0,730
325926.82571,377227.832838,0,730
325740.3466,377377.920871,0,730
325775.987277,377233.18938,0,730
325872.960557,377439.408291,0,730
325753.846468,377424.066943,0,730
325718.407845,377180.719207,0,730
325797.371048,377427.326036,0,730
325783.193221,377055.442185,0,730
325770.552772,377044.256782,0,730
325730.533629,376973.462199,0,730
325848.487119,377099.334303,0,730
325884.944743,377243.474488,0,730
325755.598607,377444.048968,0,730
325812.345945,377052.460293,0,730
325728.617385,377182.655495,0,730
325923.563899,377373.153119,0,730
325667.741167,377308.347197,0,730
325645.862163,377429.449352,0,730
325686.132377,377330.764966,0,730
325674.39638,377369.316759,0,730
325906.203735,377502.905552,0,730
325675.639969,377385.605606,0,730
325734.423488,377357.564649,0,730
325641.590769,377318.159649,0,730
325840.950047,377093.295518,0,730
325818.660308,377120.969079,0,730
325917.651025,377503.61541,0,730
325718.131532,377429.331762,0,730
325931.616664,377380.258099,0,730
325916.790829,377427.174771,0,730
325696.554612,377324.858883,0,730
325907.608865,377472.009709,0,730
325633.52897,377317.196066,0,730
325730.5966,377124.622199,0,730
325811.496501,377171.994181,0,730
325868.989092,377366.880377,0,730
325903.788788,377414.185664,0,730
325759.695201,377045.032738,0,730
325842.338116,377336.816458,0,730
325862.250055,377400.170023,0,730
325874.764845,377272.944501,0,730
325763.496974,377152.236747,0,730
325955.18833,377239.531949,0,730
325715.775088,377142.702372,0,730
325833.080161,377448.397862,0,730
325763.047812,377217.031905,0,730
325913.490742,377428.072663,0,730
325973.242291,377393.753459,0,730
325846.695919,377328.916402,0,730
325888.509109,377460.143181,0,730
325792.781864,377192.283326,0,730
325965.979271,377259.617841,0,730
325799.825493,377367.984495,0,730
325767.911557,377184.6062,0,730
325685.850381,377319.68494,0,730
325855.249859,377263.372446,0,730
325940.363668,377511.139872,0,730
325749.016898,377093.131085,0,730
325776.522408,377305.184937,0,730
325799.449699,377071.573726,0,730
325927.457965,377497.629736,0,730
325780.781313,377170.196573,0,730
325807.236115,377074.097956,0,730
325674.535955,377401.354012,0,730
325663.333689,377372.757568,0,730
325823.978798,377360.370768,0,730
325791.627256,377268.704774,0,730
325812.101969,377080.094406,0,730
325658.596005,377308.131346,0,730
325862.441542,377285.351145,0,730
325864.442533,377137.276517,0,730
325782.113764,377201.938521,0,730
325918.742664,377181.279743,0,730
326004.43488,377281.468434,0,730
325727.089076,377029.577801,0,730
325764.257154,377114.341379,0,730
325647.06367,377435.68431,0,730
325946.70552,377345.150865,0,730
325922.10159,377255.117446,0,730
325824.295069,377215.750315,0,730
325802.491302,377061.034818,0,730
325932.898654,377348.04984,0,730
325792.557125,377360.43274,0,730
325663.235483,377314.821278,0,730
325815.87885,377118.410475,0,730
325810.985449,377119.253323,0,730
325724.715553,377122.953896,0,730
325899.444957,377236.207131,0,730
325864.2408,377179.11429,0,730
325903.803766,377263.469811,0,730
325838.827214,377210.180559,0,730
325892.769621,377227.185236,0,730
325773.034483,377295.059832,0,730
325970.165753,377325.71384,0,730
325846.617294,377182.449302,0,730
325822.921791,377138.207526,0,730
325851.331195,377382.620771,0,730
325768.42442,377356.852609,0,730
325939.812706,377426.863293,0,730
325916.864398,377391.987591,0,730
325826.671472,377386.656785,0,730
325911.092221,377382.31168,0,730
325896.949412,377372.726869,0,730
325721.594688,377132.867648,0,730
325949.854257,377303.090676,0,730
325777.393107,377427.179893,0,730
325770.195761,377088.858476,0,730
325748.237148,377024.218488,0,730
325788.568092,377129.506382,0,730
325659.501449,377352.368401,0,730
325664.889494,377363.463852,0,730
325863.928937,377133.501098,0,730
325845.137785,377236.119276,0,730
325896.631272,377526.580775,0,730
325787.876293,377415.344578,0,730
325812.391647,377186.969793,0,730
325840.960488,377216.970266,0,730
326018.408746,377309.579099,0,730
325777.0832,377352.410918,0,730
325809.272621,377127.02442,0,730
325792.906066,377432.033934,0,730
325760.300074,377064.302552,0,730
325997.937182,377334.786454,0,730
325933.601233,377395.919411,0,730
325888.054994,377221.583094,0,730
325923.36174,377389.71481,0,730
325691.527085,377359.966109,0,730
325824.222789,377119.573676,0,730
325750.836356,377432.69787,0,730
325960.962604,377190.981379,0,730
325752.156405,377309.16208,0,730
325726.105882,377065.6244,0,730
325800.699395,377135.166145,0,730
325951.807314,377286.506007,0,730
325920.472463,377404.335786,0,730
325780.660111,377154.990055,0,730
325976.517677,377545.621749,0,730
325853.830687,377134.567352,0,730
325912.32061,377231.089535,0,730
325897.958968,377179.28452,0,730
325818.641629,377359.300516,0,730
325885.781133,377193.599745,0,730
325720.305667,377183.683178,0,730
325679.457119,377307.923611,0,730
325813.199359,377194.00522,0,730
325679.84184,377334.71633,0,730
325824.651685,377295.595652,0,730
325793.136621,377362.244336,0,730
325882.953734,377161.622923,0,730
326008.344283,377360.099308,0,730
325934.615716,377264.670826,0,730
325964.73578,377301.912951,0,730
326009.902318,377539.863984,0,730
325802.78934,377340.9057,0,730
325840.653811,377196.635544,0,730
325673.57457,377374.641279,0,730
325776.60429,377269.709098,0,730
325800.615997,377299.46301,0,730
325882.95845,377376.312144,0,730
325893.61394,377453.539013,0,730
325852.907036,377244.693866,0,730
325692.560744,377417.155566,0,730
325725.357511,376976.752292,0,730
325799.812074,377407.405285,0,730
325814.596972,377311.217298,0,730
325719.955486,377371.636295,0,730
325752.581351,377331.806892,0,730
325747.283229,377131.693459,0,730
325903.698537,377268.067162,0,730
325764.722511,377129.921352,0,730
325829.20242,377453.252076,0,730
325809.105092,377364.235927,0,730
325964.631887,377541.802574,0,730
325746.442874,377032.855116,0,730
325972.22205,377208.109049,0,730
325755.430318,377093.938274,0,730
325883.326106,377339.144678,0,730
325977.20562,377353.269,0,730
325853.877135,377184.353066,0,730
325901.678063,377154.289222,0,730
325734.305992,377121.874395,0,730
325972.822311,377303.729951,0,730
325681.239912,377383.231896,0,730
325750.044512,377055.991495,0,730
325814.005659,377105.781865,0,730
325837.752781,377300.65426,0,730
325995.36016,377310.841494,0,730
325814.204856,377098.097117,0,730
325812.248497,377165.158408,0,730
325729.015027,376999.175263,0,730
325696.477276,377401.652229,0,730
325910.926845,377500.981694,0,730
325904.600957,377369.077161,0,730
325818.815305,377260.273085,0,730
325735.640601,377166.102746,0,730
325752.986312,377255.879713,0,730
325951.900429,377338.026209,0,730
325962.89465,377314.062828,0,730
325929.162922,377336.71057,0,730
325783.895279,377138.114814,0,730
325723.799919,377199.269588,0,730
325733.830089,377014.055994,0,730
325851.942942,377174.329629,0,730
325848.763776,377346.543752,0,730
325867.442799,377123.900657,0,730
325962.401057,377403.821198,0,730
325790.558054,377194.553837,0,730
325886.778778,377323.743203,0,730
325971.348965,377337.633896,0,730
325939.672414,377431.036202,0,730
325795.224426,377220.089226,0,730
325795.842098,377179.642407,0,730
325775.449176,377269.693587,0,730
325884.247421,377454.012193,0,730
325784.713416,377129.997234,0,730
325734.566716,377393.844525,0,730
325911.093351,377157.623781,0,730
325876.958715,377217.146941,0,730
325693.734065,377322.731788,0,730
325879.373175,377380.63713,0,730
325723.208415,377067.314668,0,730
325994.776213,377315.202385,0,730
325632.690436,377383.121333,0,730
325823.674171,377183.321606,0,730
325902.727974,377392.349922,0,730
325632.945359,377399.51799,0,730
325784.021921,377236.769695,0,730
325857.563094,377193.282939,0,730
325733.205225,377311.302297,0,730
325842.212871,377308.89008,0,730
325955.772439,377316.221238,0,730
325929.50499,377248.480058,0,730
325940.476712,377530.922537,0,730
325708.947958,377438.311586,0,730
325704.428693,377372.058918,0,730
325850.901893,377198.967312,0,730
325768.197972,377365.963005,0,730
325885.362923,377184.214578,0,730
325948.649711,377526.801471,0,730
325763.366454,377434.381183,0,730
325869.463986,377452.966064,0,730
325797.728056,377132.556235,0,730
325855.239326,377100.337101,0,730
325795.11239,377234.636765,0,730
325840.117798,377403.539755,0,730
325822.893056,377265.676507,0,730
325640.701511,377405.557714,0,730
325754.075788,377330.700042,0,730
325820.050626,377386.892248,0,730
325754.942051,377011.035837,0,730
325864.83834,377287.704605,0,730
325897.955976,377441.541912,0,730
325876.50666,377471.254638,0,730
325929.068793,377498.266525,0,730
325881.081155,377308.050792,0,730
325834.81273,377207.01098,0,730
325859.098804,377372.622889,0,730
325819.564403,377243.776232,0,730
325686.961043,377320.874505,0,730
325832.385572,377155.163718,0,730
325740.314694,377033.80218,0,730
325877.715633,377161.189967,0,730
325899.828911,377290.561104,0,730
325698.029395,377342.549245,0,730
325749.758238,377166.902806,0,730
325839.15418,377394.938045,0,730
325730.483996,377119.601138,0,730
325919.228166,377294.006969,0,730
325954.728355,377537.765689,0,730
325749.646862,377034.41863,0,730
325674.144048,377382.817603,0,730
325731.313717,377220.594548,0,730
325870.500889,377272.60767,0,730
325753.950109,377333.012954,0,730
325811.356114,377208.874169,0,730
325786.014643,377336.496511,0,730
325822.600672,377170.134129,0,730
325871.168582,377177.538831,0,730
325936.986196,377283.930799,0,730
325666.010453,377402.722636,0,730
325943.869495,377362.613461,0,730
325718.661745,377312.759953,0,730
325969.244882,377292.948667,0,730
325639.597243,377349.980832,0,730
325790.312505,377287.26318,0,730
325868.741376,377347.573354,0,730
325818.746878,377080.043477,0,730
325941.522862,377267.327436,0,730
325906.713188,377446.5489,0,730
325969.699264,377531.208981,0,730
325921.525735,377531.614407,0,730
325869.999124,377415.308782,0,730
325786.201671,377406.236957,0,730
325884.453553,377225.694695,0,730
325853.43689,377164.044967,0,730
325974.682892,377235.891489,0,730
325833.487825,377235.886503,0,730
325846.754364,377122.763162,0,730
325714.736581,377199.997917,0,730
326017.216378,377296.550891,0,730
325997.696563,377280.886028,0,730
325866.759765,377121.448769,0,730
325779.944247,377210.96242,0,730
325860.316414,377371.700525,0,730
325761.634306,377294.535214,0,730
325730.946349,377369.0369,0,730
325759.476831,377388.044774,0,730
325697.666101,377429.511921,0,730
325686.3416,377366.451726,0,730
325953.842878,377398.376336,0,730
325980.561535,377241.873649,0,730
325954.174573,377294.090295,0,730
325845.993213,377097.931992,0,730
326002.755374,377530.185254,0,730
325647.629768,377415.715064,0,730
325771.544934,377241.640535,0,730
325836.633716,377245.964367,0,730
325913.642046,377528.765066,0,730
325768.24998,377104.11058,0,730
325737.67089,376990.90148,0,730
325789.803126,377368.198882,0,730
325806.108011,377284.895964,0,730
325727.211603,376980.292321,0,730
325923.868454,377521.499336,0,730
325743.53626,377194.668475,0,730
325753.499608,376987.067918,0,730
326017.35881,377544.17479,0,730
325903.81786,377497.172751,0,730
325741.453154,377181.190133,0,730
325826.437461,377254.347477,0,730
325868.591551,377157.743735,0,730
325979.354423,377393.590388,0,730
325801.370349,377333.725284,0,730
325889.234446,377158.415323,0,730
325909.211909,377518.532666,0,730
325852.293908,377153.443943,0,730
325738.624662,377332.347068,0,730
325865.741567,377465.742094,0,730
325893.074232,377491.876052,0,730
325861.667847,377183.008829,0,730
325936.407047,377322.400042,0,730
325777.84523,377394.230558,0,730
325776.080425,377391.588641,0,730
325933.714512,377533.095683,0,730
325927.847378,377341.034087,0,730
325772.91912,377352.488262,0,730
325749.997406,377304.605923,0,730
325912.780531,377204.996274,0,730
325997.229635,377380.674554,0,730
325818.690666,377225.713855,0,730
325952.380002,377211.120124,0,730
325824.874246,377347.709747,0,730
325841.265412,377234.545726,0,730
325789.00616,377417.210045,0,730
325727.935628,377030.106496,0,730
325784.534044,377093.265924,0,730
325826.808576,377094.122495,0,730
325774.052864,377134.533118,0,730
325961.729815,377334.920026,0,730
325806.471192,377174.8036,0,730
325747.014488,377246.436101,0,730
325813.790491,377248.298785,0,730
325755.180018,377012.086712,0,730
325765.816627,377273.063422,0,730
325732.684125,377382.902478,0,730
325832.179676,377220.093376,0,730
325973.917893,377514.856557,0,730
325830.982041,377406.907171,0,730
325819.399647,377228.642285,0,730
326001.874797,377280.545923,0,730
325787.018069,377297.819675,0,730
325926.562986,377353.651462,0,730
325970.606619,377372.458577,0,730
325922.939328,377332.7039,0,730
325831.321815,377328.819194,0,730
325905.800975,377305.253164,0,730
325886.095894,377371.330613,0,730
325863.097635,377164.596329,0,730
325790.200237,377407.730827,0,730
325790.905317,377271.07575,0,730
325838.597811,377412.190214,0,730
325736.790634,377190.519343,0,730
325900.855501,377293.110517,0,730
325811.841751,377116.173021,0,730
325947.390938,377202.727612,0,730
325845.392092,377084.069481,0,730
325905.244232,377262.360872,0,730
325752.48331,377371.138586,0,730
325860.770985,377238.529333,0,730
325937.954119,377225.534689,0,730
325886.36556,377233.602052,0,730
325798.293605,377127.168616,0,730
325647.648311,377309.451028,0,730
325929.435909,377199.256365,0,730
325970.148024,377362.146495,0,730
325721.67786,377020.62181,0,730
325904.761664,377390.600892,0,730
325912.014286,377330.167228,0,730
325723.482606,377143.937706,0,730
325643.017667,377350.409531,0,730
325725.790379,377104.978834,0,730
325710.493432,377370.136877,0,730
325963.661098,377195.047469,0,730
325640.100577,377397.115299,0,730
325879.965169,377308.253933,0,730
325966.217397,377542.714461,0,730
325695.792028,377371.189906,0,730
325930.781914,377239.051729,0,730
325715.683242,377413.632304,0,730
325938.652089,377227.15181,0,730
325696.569392,377406.492784,0,730
325889.771114,377265.098497,0,730
325861.413995,377432.466848,0,730
325762.444418,377257.547252,0,730
325867.929122,377439.908685,0,730
325939.133937,377301.191642,0,730
325925.337385,377346.069049,0,730
325812.741016,377198.744695,0,730
326018.971914,377355.06221,0,730
325786.310349,377234.834608,0,730
325838.039562,377383.585179,0,730
325831.500003,377184.403345,0,730
325832.033444,377450.352666,0,730
325842.640764,377465.102474,0,730
325849.792858,377348.229774,0,730
325818.164479,377399.999078,0,730
325823.694322,377117.402288,0,730
325883.611878,377168.281802,0,730
325796.492301,377164.105009,0,730
325941.587739,377532.991173,0,730
325877.047726,377287.353246,0,730
325809.849375,377322.985132,0,730
325804.171833,377111.305461,0,730
325850.14513,377244.705553,0,730
325847.250567,377279.94245,0,730
325844.676802,377144.292235,0,730
325957.721398,377360.480882,0,730
325852.399971,377239.249261,0,730
325736.664967,377016.610934,0,730
325927.682582,377292.725907,0,730
325656.692754,377309.36752,0,730
325797.800601,377316.113361,0,730
325867.734598,377440.033687,0,730
325753.511718,377318.070095,0,730
325768.272538,377158.943891,0,730
325684.92691,377357.180822,0,730
325681.815884,377443.497329,0,730
325702.455183,377416.117327,0,730
325779.792266,377165.037209,0,730
325763.312746,377228.122191,0,730
325756.060588,377044.54507,0,730
325909.388792,377476.022067,0,730
325888.379451,377437.078538,0,730
325880.805911,377232.466805,0,730
325722.698769,377372.466924,0,730
325974.876231,377247.809253,0,730
325676.091804,377420.534862,0,730
325822.961454,377342.572243,0,730
325778.571781,377098.477197,0,730
325702.183912,377442.893723,0,730
325775.694719,377120.28616,0,730
325867.533675,377396.266632,0,730
325738.977932,377024.074224,0,730
325912.665585,377402.861748,0,730
325741.618411,376974.407384,0,730
325974.917427,377291.321143,0,730
325789.580502,377072.939159,0,730
325790.315905,377416.259111,0,730
325743.147339,377103.285997,0,730
326010.962753,377336.292031,0,730
325907.150303,377282.325812,0,730
325960.217433,377379.230934,0,730
325747.420696,377039.388019,0,730
325818.509509,377120.025215,0,730
325766.151645,377262.529624,0,730
325933.940434,377441.7188,0,730
325796.062837,377271.281509,0,730
325728.12813,377423.569528,0,730
325748.88036,377212.026301,0,730
325847.888278,377086.084011,0,730
325908.085802,377171.350732,0,730
325959.774896,377208.757264,0,730
325703.574696,377336.079064,0,730
325909.965227,377247.623274,0,730
325783.738322,377207.257889,0,730
325756.230408,377302.412803,0,730
325851.134222,377145.858649,0,730
325873.038995,377419.233265,0,730
325765.726879,377297.600593,0,730
325857.462885,377280.302142,0,730
325748.502459,377415.707117,0,730
325910.742951,377181.294699,0,730
325680.934581,377319.642204,0,730
325833.834154,377451.997854,0,730
325650.41503,377384.417417,0,730
325930.389037,377396.034743,0,730
325727.485205,376987.177478,0,730
325743.554785,377179.990104,0,730
325675.401927,377410.681104,0,730
325790.060372,377190.772019,0,730
325714.862437,377170.197279,0,730
325805.443678,377141.645875,0,730
325946.481278,377390.256579,0,730
325859.980126,377408.976719,0,730
325936.508432,377205.569188,0,730
325947.345847,377258.953297,0,730
325883.964721,377165.982647,0,730
325781.026588,377111.011077,0,730
325805.923353,377142.598943,0,730
326011.610212,377287.955771,0,730
325983.359919,377331.711319,0,730
325926.822389,377270.378814,0,730
325756.088471,377201.332207,0,730
326008.874061,377304.970577,0,730
325761.678389,377258.340644,0,730
325963.701795,377379.855265,0,730
326008.219225,377337.823489,0,730
325787.780395,377348.275958,0,730
325710.013774,377367.753696,0,730
325881.460251,377353.049132,0,730
325894.899595,377320.601322,0,730
325739.369306,377409.670368,0,730
325765.95243,377275.097492,0,730
325976.981813,377275.729557,0,730
325731.829152,377387.646262,0,730
325734.967853,377100.220759,0,730
325808.842074,377393.653308,0,730
325849.583171,377125.576988,0,730
325726.650973,377000.15346,0,730
325949.95798,377364.630619,0,730
325662.357252,377321.003431,0,730
325836.965337,377175.761142,0,730
325879.922223,377291.95435,0,730
325928.759135,377449.077997,0,730
325803.874145,377065.359544,0,730
325774.62022,377348.486445,0,730
325957.66153,377303.916719,0,730
325894.586265,377252.618437,0,730
325695.887122,377402.59743,0,730
325796.168265,377351.845282,0,730
325737.200972,377315.523923,0,730
325709.700856,377423.666464,0,730
325855.106442,377402.564692,0,730
325795.259886,377268.439942,0,730
325846.438072,377291.460689,0,730
325734.174522,377377.583489,0,730
325721.268948,377328.54386,0,730
325786.741225,377051.906075,0,730
325814.499373,377340.915673,0,730
325761.944445,377020.011614,0,730
325788.336135,377342.430958,0,730
325745.317639,377132.990071,0,730
325858.668162,377112.45572,0,730
325963.860684,377356.648916,0,730
325839.218247,377455.261866,0,730
325688.950814,377323.397799,0,730
325723.018732,377163.084223,0,730
325903.163169,377494.959843,0,730
325904.761278,377521.860192,0,730
325755.636426,377230.709255,0,730
325636.464627,377331.926949,0,730
325975.881776,377531.054305,0,730
325635.544159,377334.867899,0,730
325775.205318,377268.980542,0,730
325766.791327,377207.369916,0,730
325974.67557,377234.376087,0,730
325742.385751,377035.14123,0,730
325883.776537,377343.931244,0,730
325748.679233,377373.363,0,730
325728.816189,377016.086833,0,730
325751.439741,377370.060585,0,730
325774.641495,377114.572683,0,730
325779.828408,377239.565069,0,730
325986.22882,377385.832481,0,730
325960.918282,377264.067154,0,730
325870.403099,377179.36788,0,730
325694.504476,377446.956128,0,730
326020.152976,377309.312271,0,730
325832.197256,377301.029639,0,730
325696.614321,377354.754494,0,730
325700.503984,377412.122429,0,730
325682.698319,377337.917333,0,730
325841.584267,377439.925992,0,730
325995.697963,377256.19413,0,730
325721.766532,377353.610876,0,730
325807.730247,377331.775947,0,730
325775.928446,377077.492622,0,730
325771.673352,377052.273112,0,730
325791.729418,377180.10206,0,730
325745.574367,377072.710036,0,730
325999.414157,377289.857887,0,730
325842.007599,377317.512689,0,730
325696.685989,377356.868599,0,730
325749.374742,377141.14958,0,730
325883.967558,377502.152019,0,730
325843.224482,377119.89492,0,730
325716.098938,377124.921547,0,730
325853.710843,377108.538917,0,730
325792.434932,377327.398371,0,730
325869.460041,377323.842412,0,730
325793.895059,377274.954731,0,730
325871.500189,377449.955895,0,730
325804.098502,377256.566257,0,730
325737.872655,377186.193076,0,730
325762.6863,377380.262335,0,730
325870.025975,377370.720444,0,730
325899.787916,377330.435934,0,730
325824.491201,377205.396151,0,730
325932.574071,377519.300215,0,730
325863.898868,377333.136924,0,730
325890.636125,377516.795615,0,730
325880.816574,377340.945181,0,730
325987.654263,377352.394644,0,730
325954.17325,377181.849194,0,730
325670.377424,377372.391764,0,730
325816.894673,377340.680891,0,730
325639.60565,377397.635186,0,730
325828.357877,377361.157002,0,730
325853.93083,377117.316304,0,730
325823.740878,377414.303656,0,730
325876.164554,377298.704648,0,730
325970.697493,377232.079226,0,730
325780.179844,377258.458186,0,730
325802.964121,377346.156115,0,730
325799.522214,377057.992641,0,730
325724.156484,377412.221093,0,730
325727.396504,377391.121605,0,730
325734.940577,377006.457408,0,730
325733.418859,377091.744344,0,730
325687.941103,377406.591355,0,730
325899.406097,377520.676823,0,730
325794.853283,377145.264651,0,730
325733.78395,377181.807213,0,730
325780.340853,377161.337034,0,730
325738.446463,377187.023523,0,730
325997.607483,377266.329678,0,730
325738.985075,377064.730936,0,730
325931.213783,377444.474136,0,730
325658.195126,377369.033985,0,730
325979.416685,377254.45352,0,730
325764.697814,377383.285058,0,730
325971.345123,377510.832497,0,730
325823.709482,377364.081922,0,730
325806.038059,377282.850189,0,730
325916.052997,377459.445002,0,730
325883.434532,377363.5913,0,730
326011.59251,377313.365702,0,730
325713.456524,377302.047993,0,730
325780.373567,377277.62718,0,730
325860.620288,377153.46917,0,730
325739.078901,377191.511997,0,730
326007.974936,377341.730821,0,730
325826.902073,377424.359538,0,730
325806.720981,377330.790093,0,730
325661.740294,377355.596324,0,730
325801.643086,377088.251714,0,730
325650.633136,377321.070899,0,730
325764.625866,377203.01026,0,730
325716.388017,377365.205759,0,730
325637.597107,377363.325726,0,730
325966.112007,377260.862414,0,730
325955.668916,377326.186126,0,730
325814.22108,377246.972289,0,730
325976.49112,377341.554203,0,730
325698.159449,377423.06037,0,730
325780.429862,377347.695954,0,730
325797.605543,377226.350345,0,730
325783.161852,377020.794094,0,730
325742.779539,377300.224973,0,730
325947.76554,377290.460631,0,730
325918.432014,377530.262082,0,730
325835.878633,377204.07877,0,730
325751.100049,377316.310669,0,730
325856.104942,377360.057081,0,730
325819.854991,377330.023117,0,730
325899.781947,377317.939193,0,730
325957.730166,377176.11786,0,730
325803.05736,377270.225151,0,730
325744.419205,377195.222194,0,730
325947.79088,377181.219499,0,730
325900.247166,377252.177897,0,730
325792.239821,377145.163325,0,730
325775.531771,377397.816806,0,730
325951.193585,377222.743352,0,730
325726.289825,377008.637826,0,730
325815.588912,377112.674974,0,730
325731.982142,377081.788659,0,730
325851.941652,377422.866586,0,730
326002.133298,377521.125617,0,730
325646.069867,377336.122634,0,730
325785.098609,377127.011078,0,730
325933.043098,377292.716857,0,730
325829.02692,377067.169256,0,730
325769.50939,377133.860614,0,730
325870.320365,377462.348295,0,730
325947.831593,377239.127527,0,730
325939.435262,377473.169421,0,730
325780.788402,377437.176179,0,730
325952.899999,377387.287305,0,730
325766.382662,377266.078627,0,730
325862.161272,377372.560335,0,730
325857.433651,377444.958094,0,730
325862.115968,377236.08948,0,730
325854.186403,377465.070445,0,730
325703.811008,377426.842242,0,730
325756.836197,377357.472996,0,730
325983.7012,377380.330263,0,730
325738.045974,377411.939418,0,730
325863.741772,377411.386141,0,730
325981.630564,377318.937515,0,730
325989.98023,377310.953384,0,730
325786.75854,377228.757221,0,730
325731.856284,377211.0693,0,730
325718.806834,377097.344067,0,730
325943.854614,377369.468473,0,730
325895.450256,377178.610544,0,730
325858.673397,377468.13886,0,730
326007.198084,377299.957492,0,730
325799.959989,377063.048048,0,730
325800.747108,377169.281258,0,730
325699.845228,377391.296309,0,730
325664.636464,377339.551382,0,730
325927.036355,377245.837534,0,730
325929.205021,377168.019366,0,730
325868.536724,377260.143498,0,730
325739.677022,377145.958236,0,730
325831.381713,377141.080995,0,730
325908.770431,377426.517894,0,730
325868.163389,377167.779463,0,730
325812.999792,377244.044105,0,730
325977.848304,377338.995752,0,730
325923.427463,377528.202189,0,730
325852.753771,377163.201913,0,730
325874.028825,377279.918539,0,730
325634.558275,377418.676703,0,730
325895.233696,377273.558263,0,730
326001.797714,377308.615396,0,730
325880.877728,377405.623992,0,730
325852.164417,377107.623969,0,730
325977.746905,377376.605178,0,730
325773.858921,377022.509661,0,730
325842.705742,377442.976832,0,730
325961.188138,377383.481122,0,730
325748.044521,377345.507536,0,730
325730.734444,377048.020733,0,730
325733.771226,377405.596847,0,730
325663.141393,377312.608833,0,730
325869.770162,377185.496812,0,730
325891.197084,377206.817349,0,730
325644.48017,377430.124318,0,730
325764.197485,377222.24884,0,730
325740.001641,377425.49551,0,730
325809.889066,377125.168613,0,730
325982.512484,377380.259642,0,730
325871.998729,377297.390533,0,730
325695.97979,377303.070638,0,730
325765.114762,377392.099711,0,730
325749.27633,377173.435925,0,730
325797.142507,377147.764173,0,730
325925.079569,377387.732476,0,730
325731.336747,377197.619803,0,730
325910.396438,377296.461016,0,730
325725.842621,377186.917195,0,730
325830.777623,377454.434883,0,730
325834.988265,377438.815945,0,730
325849.819719,377335.499137,0,730
325644.647527,377385.184711,0,730
325759.100861,377224.580578,0,730
325890.74646,377262.42653,0,730
325884.857233,377349.64932,0,730
325742.078978,377236.030858,0,730
325842.610508,377400.472372,0,730
325833.357252,377198.331565,0,730
325973.686314,377525.169612,0,730
325736.631529,377383.202017,0,730
325770.204827,377148.265842,0,730
325802.358991,377210.696689,0,730
325772.406554,377254.532372,0,730
325959.798658,377375.886832,0,730
325733.977251,377100.461836,0,730
325985.283809,377304.245868,0,730
325977.394625,377298.321192,0,730
325639.883728,377373.930783,0,730
325865.894436,377232.491283,0,730
325745.25931,377201.439364,0,730
325752.230286,377297.909081,0,730
325869.476437,377169.869749,0,730
325773.624009,377088.796914,0,730
325657.409187,377311.846355,0,730
325718.596496,377314.138929,0,730
326002.474973,377281.779952,0,730
325735.376023,377050.616607,0,730
325930.253564,377433.46632,0,730
325945.757952,377516.647301,0,730
325810.252068,377131.742858,0,730
325730.110439,377311.519157,0,730
325879.202077,377464.834096,0,730
325830.385831,377118.723423,0,730
325845.891662,377212.796404,0,730
325864.523132,377259.858537,0,730
325924.360169,377275.593771,0,730
325770.418405,377007.466772,0,730
325851.442135,377412.477641,0,730
325781.031386,377397.512441,0,730
325911.146559,377286.281899,0,730
325639.270759,377423.845161,0,730
325646.554993,377393.863369,0,730
325841.308762,377218.969975,0,730
325779.17225,377153.942082,0,730
325680.148256,377366.186166,0,730
325798.468208,377182.647551,0,730
325903.557703,377310.606868,0,730
325983.035779,377349.335257,0,730
325775.71679,377410.830177,0,730
325984.265768,377385.652209,0,730
325731.150574,377383.71227,0,730
325973.980865,377373.429468,0,730
325972.390331,377511.131509,0,730
325760.457778,377003.440565,0,730
325998.431722,377376.651913,0,730
325829.767434,377069.460442,0,730
325847.937875,377296.444435,0,730
325900.083863,377360.149829,12,730
325976.947153,377229.000207,24,730
325816.620001,377381.468853,26,730
325926.170054,377267.173848,37,730
325913.945042,377385.118281,43,730
325885.822058,377173.174852,45,730
325876.226558,377137.429785,46,730
325644.886872,377432.912139,59,730
325804.966661,377260.31201,81,730
325958.64275,377241.467551,85,730
325649.649802,377371.63032,86,730
325869.214357,377290.65132,91,730
325913.945042,377385.118281,94,730
325986.827867,377358.984079,96,730
325948.371856,377400.272536,97,730
325793.568823,377135.219479,110,730
325770.802679,377050.240128,130,730
325741.687861,377084.552146,149,730
325975.837791,377239.004154,152,730
325926.33305,377319.141812,158,730
325691.767494,377419.460971,164,730
325720.471179,377350.19318,190,730
325983.353766,377525.767303,192,730
325818.24847,377152.897743,198,730
325954.720718,377351.961939,210,730
325770.802679,377050.240128,214,730
325647.923369,377328.661848,225,730
325989.959196,377286.305861,232,730
325878.099239,377389.295284,237,730
325644.886872,377432.912139,241,730
325908.074701,377472.417981,246,730
325745.3551,377221.370377,266,730
325764.876231,377381.47503,288,730
325818.24847,377152.897743,290,730
325807.257582,377182.102579,295,730
325778.787194,377036.588457,298,730
325698.936756,377327.837213,313,730
325780.599264,377406.449158,336,730
325724.81789,377198.639206,340,730
325705.086841,377342.829715,343,730
325939.865908,377381.553739,353,730
325717.837108,377198.890269,361,730
325764.876231,377381.47503,367,730
325803.491721,377383.966612,381,730
325900.083863,377360.149829,389,730
325854.085217,377202.81669,390,730
325990.332114,377339.69069,403,730
325904.756996,377242.833115,417,730
325967.483029,377226.561828,422,730
325832.249448,377222.83606,428,730
325923.751204,377370.198529,438,730
325751.819515,377375.158063,447,730
325768.239673,376997.348994,472,730
325768.239673,376997.348994,478,730
326021.826817,377306.211704,484,730
325747.351704,377180.611646,489,730
325929.040943,377246.745299,512,730
326029.035121,377332.254386,527,730
325801.62335,377409.000404,530,730
325763.721622,377373.131424,531,730
325772.648745,377071.603043,538,730
325970.439979,377276.493616,549,730
325804.297668,377289.681492,568,730
325653.599816,377309.216578,595,730
325903.702776,377234.130265,599,730
325773.129766,377414.084985,604,730
325845.750112,377425.374488,614,730
325765.791542,377194.082964,615,730
326029.035121,377332.254386,616,730
325715.112305,377134.37267,635,730
325728.355643,376982.586879,656,730
325836.207108,377265.235937,661,730
325717.775614,377448.971755,684,730
325932.693437,377391.274055,724,730
