329023.671523,379757.803953,0,156
328793.43546,379568.344163,0,647
328884.913267,379809.676447,0,620
328803.151,379808.975008,0,730
328806.955708,379690.59255,0,730
328885.263509,380130.849243,0,175
328839.768984,379781.727236,0,374
328741.847794,379687.7959,0,730
328759.760284,380339.618301,0,245
328953.620304,379817.493814,0,655
328936.028145,379548.427687,0,730
328760.549178,379415.661094,0,367
328824.314193,379935.700616,0,730
328824.147831,379460.166239,0,730
328781.361805,379473.669701,0,730
328719.525245,379702.590598,0,607
328661.350891,379498.200457,0,730
329014.46869,379761.611498,0,702
328837.348747,379722.660981,0,730
328689.550789,379608.48334,0,730
328689.769052,379614.510723,0,730
328888.727237,379532.7302,0,506
328711.039644,379632.598046,0,730
328955.726199,379719.118707,0,730
328780.321064,379551.066115,0,730
328795.475843,380289.911904,0,730
328767.309094,379838.387934,0,730
328747.03895,380370.874643,0,730
328803.839194,379896.979916,0,468
328859.219302,379574.300467,0,730
328707.002174,379350.112529,0,730
328891.058569,379984.065228,0,730
328812.352748,379783.361482,0,730
329036.904601,379885.099861,0,730
328846.10521,379892.286946,0,179
328858.296959,379355.051911,0,730
328800.205717,380150.459159,0,730
328708.186075,379458.448886,0,730
328830.103038,379764.184061,0,730
328786.444052,379331.311745,0,159
328975.227298,380064.525997,0,730
328841.602078,379614.480076,0,730
328710.12736,380092.306492,0,730
328791.4743,379303.168904,0,504
328948.722148,379853.960784,0,730
328958.953581,379829.34073,0,188
328861.19336,379653.643107,0,730
328743.635166,380365.28426,0,535
328750.511721,379911.553819,0,730
328872.121475,379900.547532,0,225
328931.815152,380123.263928,0,10
328893.105432,379722.907321,0,730
328979.910617,379875.799338,0,406
329030.122212,379970.302187,0,730
328880.799443,379890.179921,0,730
328724.925999,380276.168795,0,229
328736.129955,380026.60303,0,309
328723.605437,379553.146673,0,655
328770.794609,379598.947202,0,730
328869.474776,379562.133594,0,730
328840.574026,379596.968688,0,632
328816.402755,380032.451771,0,730
328905.407695,380044.647634,0,730
328705.918173,380260.023792,0,730
328919.878657,379531.793637,0,730
328879.553942,379651.73047,0,153
328756.760096,379523.09011,0,288
328931.444366,379531.276411,0,423
328859.934735,379678.168708,0,730
328701.030263,379984.99116,0,730
328940.101268,380147.345036,0,730
329039.544308,379829.34566,0,730
328956.157108,380095.89635,0,411
329003.756574,380141.654329,0,730
328765.124762,380296.63265,0,730
328786.489421,380035.257339,0,679
328911.791017,379944.134343,0,256
328682.517076,379696.663212,0,730
328947.866477,379835.184,0,730
328771.327204,379383.067705,0,327
328826.587289,379149.579931,0,730
328732.358253,380041.681253,0,730
328863.590332,379528.172821,0,64
328869.228022,379576.361212,0,84
328965.826156,380100.631458,0,730
328821.438981,379641.578937,0,370
328877.495189,380105.983202,0,730
328827.256594,379629.560607,0,456
328803.184863,379405.558265,0,730
328858.875661,379380.911574,0,730
328865.918875,379543.347707,0,701
328848.454371,379236.393231,0,730
328914.656998,379815.842288,0,730
328932.661549,380202.037534,0,730
328941.96663,380112.208965,0,730
328948.826783,379516.418945,0,730
328829.684176,379914.802222,0,730
328781.896359,379545.144604,0,482
328701.291522,379890.41836,0,730
328783.173279,379519.833744,0,265
328741.198244,379306.951598,0,730
328736.664102,379950.611669,0,730
328920.333325,379448.716363,0,528
328760.287965,380224.254245,0,248
328898.904247,379610.144248,0,30
328688.725172,379921.431652,0,730
328819.824252,380176.70612,0,730
328829.992824,379346.180934,0,730
328803.286672,379646.839904,0,730
329008.776183,379718.568868,0,730
328735.620794,379347.064492,0,730
328684.559144,379425.322759,0,79
328905.979614,379722.363117,0,730
328894.954473,380112.776051,0,730
328832.483082,379611.288277,0,611
328744.924989,380324.690799,0,730
328948.286404,380075.834576,0,730
328719.816441,379714.630236,0,657
328714.437891,379938.749748,0,267
328722.489523,379430.120957,0,4
328953.817521,380127.641156,0,730
328974.805742,379706.627696,0,730
328768.30432,380056.131068,0,730
328720.562204,379649.199783,0,730
328744.999322,379585.565428,0,717
328868.005361,380044.021847,0,730
328711.258046,380139.388399,0,730
328932.884212,379771.468312,0,615
328854.502865,380164.404752,0,730
328950.843466,379819.432778,0,730
329030.663532,379901.650601,0,730
328794.365939,379282.883918,0,730
328871.483721,379532.289809,0,730
328944.52103,379980.413741,0,730
328757.973807,379283.780747,0,237
328848.038534,379652.316913,0,730
328735.509706,380021.985712,0,729
328947.969298,379945.385673,0,730
328920.175252,379487.297881,0,730
328883.504699,379844.688042,0,730
328683.161403,379831.910015,0,579
328848.032607,379960.778646,0,376
328785.64839,379299.996006,0,136
328708.301345,379938.656066,0,569
328696.53015,379411.571732,0,730
328733.906781,379456.477583,0,286
328734.393086,379927.141667,0,730
328774.461203,379511.278028,0,613
329018.699716,379803.628114,0,730
329100.603925,380015.957008,0,358
328737.081625,380062.51486,0,730
328816.04652,379467.207011,0,511
328895.109738,380091.269944,0,730
328804.761964,379722.637948,0,730
328901.02852,380123.277106,0,422
328753.402441,380299.85966,0,730
328982.928811,379846.596898,0,730
328923.683834,380212.357998,0,730
328763.291617,379513.92171,0,287
328914.092234,380116.703439,0,316
328745.800616,380072.794503,0,493
328885.073653,379464.083778,0,313
328959.874354,379694.076637,0,270
328944.72859,379831.196915,0,730
328761.490978,379532.807965,0,730
328862.810012,379352.143105,0,730
328729.721586,379903.39173,0,281
328748.155776,379449.250331,0,730
328754.805882,380336.178539,0,38
328855.718345,380043.093565,0,730
328793.1686,379687.237453,0,730
328793.642325,380188.382538,0,312
328885.204104,379316.573716,0,730
328698.340703,379558.441355,0,39
328961.794917,379999.587668,0,227
328793.973297,379929.282041,0,730
328707.961897,379583.113292,0,730
328838.463519,379386.064954,0,730
329039.623175,379902.276631,0,528
328963.630047,379560.367497,0,730
328679.277349,379811.765655,0,730
328864.568366,379222.727978,0,730
328918.735829,380053.211179,0,730
328750.491745,380219.415071,0,730
328846.910632,379746.421981,0,730
328851.649834,379417.775644,0,730
328750.653104,379835.693463,0,730
328842.453368,379571.115119,0,325
328932.508831,379929.001658,0,730
328745.876473,379298.981225,0,730
328776.259861,379536.499007,0,483
328748.328845,379862.118724,0,730
328843.865907,380012.061795,0,730
328734.67704,379700.903932,0,730
328910.672952,380064.630525,0,730
328948.831566,379824.551673,0,730
328823.049511,379156.488995,0,730
328840.980123,380159.30911,0,730
328899.759556,379945.731324,0,730
328980.536313,379804.455558,0,730
328989.304942,380045.960378,0,679
328928.154981,379669.836416,0,626
328962.417856,380002.013577,0,730
328862.761744,379552.573506,0,730
328770.287009,379931.549363,0,730
328764.271815,379981.296546,0,730
328763.325716,379718.209199,0,730
328760.247827,380311.100395,0,730
328739.401444,380069.606107,0,730
328770.288689,379806.503645,0,730
328984.043228,379931.340132,0,730
328940.383753,379561.737707,0,112
328915.827171,379815.593652,0,635
328741.42192,379570.136612,0,73
329001.476509,379776.671019,0,730
328923.626182,380130.731522,0,92
328713.567703,379585.600103,0,730
328847.743125,379463.745468,0,730
328801.130574,379614.409917,0,522
328908.377702,379919.018191,0,730
328847.262556,379874.680261,0,730
328958.248875,379957.567158,0,730
328680.625208,379596.604966,0,730
328695.77033,379591.557116,0,730
328758.940751,379378.287015,0,730
328791.431782,379280.980665,0,540
328846.094389,380122.755176,0,730
329077.051798,380002.359243,0,730
328768.190166,380098.051127,0,278
328789.958858,379952.708867,0,11
328988.56118,380104.753517,0,46
328863.668864,379574.443391,0,730
328739.875924,379597.864869,0,730
328822.737583,379808.429727,0,135
328873.762421,380056.162239,0,730
328979.056138,380119.970194,0,730
328758.629051,379706.82558,0,730
328739.072608,379833.070653,0,730
328724.429436,380264.357295,0,730
328699.431173,379800.204023,0,730
328805.942562,379813.553313,0,730
328769.310412,379606.336398,0,730
328962.123297,379585.776803,0,26
328770.821316,379661.654281,0,70
328871.782868,380020.32806,0,328
328740.809012,379441.572795,0,730
328783.412755,379218.433419,0,730
328806.526517,379367.497987,0,730
329074.194168,380047.081702,0,730
328753.52997,379660.188113,0,730
328718.547657,379765.223411,0,586
328849.118096,380072.239775,0,730
328963.105741,379688.66807,0,730
328991.082461,379726.16391,0,730
328903.498707,380229.094405,0,696
328787.753254,380183.017746,0,730
328841.317361,380100.069321,0,730
328883.175549,379899.208865,0,730
328806.298038,380010.136764,0,606
328743.238572,379945.176577,0,730
328925.272938,379608.369322,0,415
329000.196968,379721.619912,0,730
328775.307239,379997.464258,0,431
328998.544602,380118.341361,0,299
328841.331372,379323.045822,0,534
328842.357385,379831.84315,0,730
328822.894486,379532.133469,0,322
328732.372437,379554.435597,0,730
328983.923243,379950.001581,0,730
328964.349842,379936.798621,0,515
329024.899283,379998.775391,0,730
328687.374678,379875.351896,0,566
328822.691092,379171.880518,0,525
328951.710344,379685.821756,0,730
328872.690994,379986.624908,0,382
328799.208229,380111.845633,0,730
328811.686243,380246.641376,0,730
328676.389366,379702.434409,0,705
328703.938204,380034.15073,0,730
328698.044762,380312.906187,0,730
328705.628328,379563.262432,0,730
328798.503345,379786.623257,0,730
328838.060099,379664.060581,0,730
328928.851506,379650.353489,0,730
328703.542948,379461.584029,0,530
328739.997619,379835.720564,0,730
328725.126363,380115.76325,0,730
328798.250585,379903.665466,0,463
328773.861934,379389.419436,0,730
328925.341606,380077.593112,0,730
328760.372587,380332.341301,0,234
328889.595099,379762.855273,0,730
328806.806611,379673.108315,0,2
328689.818476,379413.613739,0,677
328660.125334,379423.740464,0,412
328732.419821,379701.392466,0,730
328806.336743,379212.495979,0,730
328712.423033,380268.896617,0,730
328834.103301,379497.694286,0,230
328917.827136,379975.95069,0,700
328776.235484,380027.785006,0,713
328737.207599,380153.967404,0,728
328756.676494,379666.862453,0,486
328767.909195,380196.201454,0,730
328779.595778,380040.598143,0,718
328914.297145,379496.609322,0,578
328907.528689,379813.655706,0,617
328852.650088,379229.773271,0,730
328768.587731,379608.825682,0,730
328820.590297,379307.187105,0,730
328818.554016,380218.869168,0,161
328680.642553,379442.242365,0,730
328965.344489,379643.409067,0,730
328749.586311,380231.934447,0,730
328923.626581,379782.943175,0,394
328900.098296,379683.418721,0,730
328929.859661,379825.745977,0,730
328715.353818,379628.951639,0,730
328736.46392,379397.885426,0,730
328753.275649,379843.763693,0,730
328943.544593,379932.828684,0,186
328785.863572,379527.576572,0,489
328918.493811,380065.955272,0,68
328985.523168,379830.887907,0,730
328955.605482,380034.045074,0,637
328816.07207,379964.171451,0,730
328843.402422,379534.796951,0,694
328923.977001,379889.272764,0,730
328906.007866,380107.03364,0,447
329061.434899,379978.088972,0,350
328850.279176,380102.718432,0,730
328836.971896,379654.463706,0,730
328811.963311,379677.642705,0,730
328679.582844,379721.73177,0,730
328903.747606,379766.343548,0,570
328877.724392,379591.45485,0,730
328869.286786,379912.431962,0,730
328900.071478,379655.627295,0,730
328738.288625,380380.341478,0,216
328719.305364,379926.633054,0,208
328849.861988,379560.898523,0,730
328743.161859,380281.886459,0,730
329010.829697,379972.188887,0,730
328807.38778,379284.622298,0,730
328756.335701,380037.562704,0,123
328710.815232,380258.220218,0,730
328697.920895,379811.977094,0,730
328733.789342,379403.517512,0,730
328733.385551,379296.063015,0,730
328699.610015,380316.35724,0,254
328946.958916,379924.922492,0,317
328808.43615,379249.775799,0,82
328748.724808,380136.685877,0,730
328823.153637,380273.100359,0,730
328726.987344,380285.655349,0,730
328809.699419,379811.472384,0,484
328942.1355,379682.774254,0,730
328972.239998,380153.830818,0,730
328887.065059,379637.096146,0,730
328764.9094,379799.991089,0,650
328857.775099,379852.53811,0,470
328837.979725,379586.532349,0,730
328844.446225,379898.371214,0,730
328693.682844,379532.240544,0,730
328798.136272,379523.939257,0,730
328687.331129,379748.823718,0,730
328700.637204,379662.924433,0,730
328922.485885,379463.31749,0,523
328752.407058,379343.1006,0,730
328784.528485,379531.017728,0,730
328878.550277,380171.081539,0,571
328768.928388,379386.734725,0,730
328738.79767,380214.778425,0,730
328794.418844,379605.894196,0,388
328840.434185,379693.433279,0,730
328875.887665,379500.145883,0,730
328729.766764,380095.911594,0,730
328807.147445,379899.4796,0,444
328894.406546,379940.179567,0,730
328741.996042,379794.680251,0,730
328758.512125,379609.009546,0,504
328840.763495,379330.649637,0,730
328856.480359,379913.904991,0,274
329031.572131,379857.349324,0,730
328919.029535,380175.861313,0,730
328715.936264,380276.379329,0,179
328765.15155,379983.723815,0,730
328825.986975,379610.44898,0,232
328917.455054,379672.339067,0,565
328853.259569,379577.782394,0,701
328760.527579,379951.43589,0,730
328846.321576,380051.042624,0,712
328726.508859,379599.110188,0,730
329003.61912,379872.24043,0,730
328795.918054,379769.153813,0,664
328949.526519,380172.637923,0,730
328773.915481,380229.169076,0,730
329009.897798,379983.072813,0,605
328948.054426,379719.983182,0,730
328809.675143,379761.287856,0,730
328755.62234,379814.093469,0,730
328737.980887,380213.735067,0,730
329048.937005,380037.474606,0,730
329028.406889,380047.079111,0,730
328723.668164,379735.824217,0,730
328842.104052,379418.815032,0,730
328926.37835,379546.619098,0,730
328689.955128,380101.816498,0,586
328965.618477,379937.151316,0,730
328917.075388,380102.914157,0,730
329066.490312,380035.800459,0,51
328749.755194,379342.131801,0,119
328863.058563,379515.842735,0,384
328841.719435,379443.686262,0,106
328839.475776,379392.607671,0,730
328668.363995,379463.388413,0,730
328701.733095,379691.424901,0,400
328981.392172,379640.626595,0,730
328871.252201,379776.425025,0,730
328742.456802,379612.191298,0,730
329050.117648,379894.994978,0,730
328847.94333,380137.672535,0,61
328958.951497,379845.240492,0,57
328995.068413,380000.465242,0,339
328837.877863,380156.335025,0,442
328970.37817,379714.899256,0,730
328849.811155,379360.650644,0,730
328950.113531,379936.74449,0,641
328682.594556,379670.70175,0,730
328715.049791,379750.426143,0,284
328906.427762,379647.906985,0,547
328845.241226,380077.340164,0,730
328682.284632,379680.333143,0,654
328872.359904,379747.250196,0,295
328711.515931,380137.16881,0,730
328739.929462,379430.167206,0,323
328958.748346,380092.814669,0,730
328868.880123,380176.871242,0,730
328848.238727,379604.08564,0,425
328688.156131,379470.632091,0,331
328815.245136,379361.309329,0,730
328812.740047,379538.801757,0,557
328811.658435,379251.546821,0,730
328931.159119,380052.020042,0,730
328749.115684,380237.669862,0,730
329067.346664,380076.132119,0,730
329029.272495,379946.83248,0,609
328705.220612,380340.405999,0,72
328698.116176,379519.933465,0,730
328830.815525,379885.933631,0,634
328982.479184,379891.413691,0,730
328743.565074,380243.735766,0,526
328960.103538,379939.940585,0,282
328892.801935,379490.058394,0,730
328900.393289,379743.287135,0,614
328684.841663,379575.655076,0,523
328851.287558,380254.672569,0,730
328743.124272,379399.074521,0,730
328785.476408,379299.946083,0,730
328734.704084,379850.688665,0,417
329049.956662,379926.538349,0,139
328696.861609,379363.438293,0,730
328879.885008,380083.510291,0,730
328961.802001,379619.959719,0,730
328761.133664,379710.879374,0,730
328857.629528,380129.173308,0,730
328806.180586,379412.089941,0,730
328690.194549,379530.108361,0,730
328755.392168,379745.027934,0,730
328679.513751,379500.143296,0,237
328657.052284,379384.87633,0,730
328917.343744,379634.844058,0,730
329011.784937,379796.316531,0,268
328753.27487,379320.154372,0,730
328872.413499,379411.76796,0,116
328825.348726,379170.632161,0,97
328908.10203,379651.900027,0,34
328868.829529,379995.894738,0,730
328848.219578,379516.968449,0,361
328698.641327,379638.213866,0,730
328689.657809,379697.309287,0,730
329075.314019,380022.473101,0,730
328847.259321,380188.441639,0,730
328793.525678,380137.348996,0,713
328882.302026,379941.593054,0,682
328771.112399,379342.883349,0,730
328837.079959,380208.913656,0,634
328988.102556,380017.554112,0,730
328789.882253,379647.685942,0,730
329013.982022,379725.270077,0,730
328806.940731,379809.24178,0,730
329035.792872,380009.05625,0,730
328798.750812,379522.669536,0,730
328730.635149,379837.084781,0,730
328836.954583,379312.961524,0,553
328793.995721,379850.798268,0,208
328885.526875,380093.29892,0,730
328890.301226,379689.397551,0,544
328683.894121,379868.409218,0,9
328772.021067,380263.826201,0,730
328780.389776,379860.609642,0,324
328764.982556,380057.518806,0,730
328946.463139,379494.229326,0,509
328838.337588,380188.137732,0,550
328732.803476,379416.002962,0,730
328855.200908,379404.614045,0,214
328725.808126,380234.262593,0,326
328946.706453,379829.250514,0,640
328761.69258,379283.096719,0,730
328754.998101,379398.527382,0,730
328979.762817,379665.573556,0,370
328836.674552,379672.443248,0,334
328882.409776,380026.707037,0,730
328791.990057,380298.456786,0,730
328825.276977,379481.936337,0,402
328703.617426,380028.939573,0,730
328944.304126,380161.021187,0,730
328876.092821,379746.750025,0,730
328863.420323,380195.041997,0,730
328935.2955,379851.267411,0,730
328905.814983,380009.052929,0,730
328744.550698,379578.309508,0,730
328903.636549,380195.874641,0,409
328680.049191,379354.541738,0,714
328819.310746,380179.935447,0,730
328761.633816,379764.780385,0,642
328981.52106,379726.640765,0,11
328676.192306,379497.490413,0,730
329096.911333,380013.299987,0,730
328863.595224,380046.975224,0,730
328869.520032,380052.330739,0,730
328780.283393,380131.222592,0,730
328692.010765,379624.978136,0,730
328784.387781,379230.420104,0,32
328848.75305,379198.187781,0,367
328724.677503,380198.367568,0,3
328710.297838,379303.615219,0,730
328738.179128,379885.090113,0,279
328883.855654,379403.532939,0,730
328708.032623,379549.185581,0,730
328709.620997,380297.234959,0,359
328792.682282,379538.642735,0,730
328725.435342,379881.717624,0,730
328714.982731,379514.828692,0,623
328671.196279,379705.480293,0,730
328906.499332,380168.67483,0,117
328686.238281,379843.042511,0,730
328713.716528,380348.3246,0,730
328785.472168,379725.773256,0,730
328903.505199,379414.167579,0,730
328782.241925,380204.415342,0,559
328933.237799,379748.732144,0,730
328825.904117,379521.502526,0,730
328767.071496,379747.461681,0,520
328803.6255,380139.214906,0,730
328776.198603,380114.073165,0,730
328883.147846,379961.720268,0,495
328843.678231,379675.588458,0,730
328788.923008,380215.732948,0,730
328965.00322,380071.379978,0,490
328718.990754,380236.170686,0,693
328962.711376,379793.855904,0,578
328927.1145,379469.14403,0,159
328775.29777,380327.067758,0,604
328777.195139,380053.280264,0,730
328753.445386,379440.191647,0,730
328706.386837,380037.408668,0,730
328784.809188,379980.382062,0,730
328891.842256,379821.114304,0,450
328736.644094,379454.977328,0,730
328727.749203,379951.429262,0,577
328803.439039,379399.984141,0,700
328915.219793,379427.836559,0,730
329067.414553,379978.253667,0,730
328766.504334,379570.790438,0,730
328835.398248,380199.462559,0,55
328768.047075,379527.233239,0,730
328863.761969,379766.910693,0,721
328723.661571,379447.867753,0,730
328860.618469,380208.15329,0,730
328774.993363,380220.740853,0,730
328875.711517,380103.366275,0,730
328880.911955,379925.4464,0,730
328986.433697,379780.814288,0,730
328802.768196,380184.48717,0,680
328699.375234,380165.586242,0,503
328912.622052,379534.220152,0,730
328674.976862,379403.304022,0,730
328826.159215,379529.106225,0,730
328811.770825,379731.670617,0,730
328888.97351,379976.952986,0,692
329050.317904,380063.562401,0,224
328847.968677,379826.67953,0,730
328767.720033,380142.707091,0,730
328696.380188,379322.269299,0,386
328693.180366,379870.696186,0,730
328717.263549,379770.253263,0,88
328675.207352,379573.901845,0,223
328788.085706,379351.980539,0,730
328719.04664,380342.795665,0,730
328890.790775,379663.407211,0,730
328713.862243,379876.539699,0,489
328793.729803,379408.092933,0,77
329026.317242,379921.202574,0,730
328818.656388,379682.933882,0,730
328701.353361,379394.225663,0,730
328841.294187,379843.885246,0,730
328936.573383,379916.41629,0,337
328734.875728,380331.025475,0,730
328777.84095,380287.625638,0,384
328675.399833,379421.20844,0,730
328854.384777,379691.783957,0,730
329016.236374,380033.077613,0,730
328751.23791,379267.765185,0,182
328811.741271,380186.892931,0,544
328833.852948,379733.548307,0,591
328819.670663,379271.503283,0,541
328823.896894,379666.747459,0,5
328688.718869,379737.13847,0,28
328804.127276,379428.588393,0,730
328840.109429,379719.825492,0,319
328872.013299,380146.763825,0,730
328722.721058,380050.251823,0,730
328695.007514,379990.401183,0,730
328882.431758,379982.81523,0,730
328825.259165,379873.109075,0,730
328712.143833,380059.491159,0,730
328765.523242,379658.175815,0,730
328825.619121,380203.310249,0,730
328890.897109,379331.563138,0,694
329027.461318,379939.790854,0,289
328863.959291,380088.803573,0,365
328955.917089,380046.937651,0,730
328774.82874,379643.110781,0,730
328774.377061,379539.807834,0,477
328718.072817,379897.762153,0,730
329114.455097,380045.683833,0,730
328691.535845,379484.562809,0,180
328912.268211,379468.368314,0,730
328810.954053,379172.034879,0,730
328692.928488,379561.410811,0,730
329093.405382,380029.864288,0,730
328723.953919,379748.034207,0,730
328721.340655,380305.478634,0,656
329005.483729,379705.278556,0,171
329027.510407,379789.545541,0,730
328714.611295,379836.960353,0,730
329070.002362,380013.40446,0,564
328734.91438,379692.286741,0,730
328788.596781,379472.154161,0,324
328727.971902,380183.812597,0,678
328749.880517,379991.935217,0,730
328760.910417,379392.45362,0,730
329042.102678,379893.457821,0,730
328837.963914,379416.270521,0,730
329053.609864,379988.77593,0,730
328784.18813,379711.93889,0,283
328984.490189,379838.309956,0,730
328835.356309,379497.874889,0,730
328717.698119,379677.01542,0,730
328833.052808,379802.790819,0,730
328854.360242,379196.613106,0,672
328859.401703,379790.748178,0,730
328859.967684,379706.998139,0,204
328789.169815,379660.500457,0,730
329024.198522,379826.676025,0,730
328771.693402,379355.960691,0,730
328769.137827,380016.25847,0,730
328804.315765,379646.605153,0,730
328821.181863,379955.192247,0,730
328903.022739,379755.113375,0,492
328666.333696,379475.671278,0,464
328716.84635,379867.895555,0,730
328702.705381,380197.613963,0,730
328708.137231,379578.456179,0,730
328797.993435,379841.844465,0,730
328813.577711,380005.650546,0,730
328802.047474,380030.544648,0,730
329037.087864,379893.43165,0,730
328812.672817,380037.709294,0,730
329046.177332,380076.18419,0,603
328749.280394,379610.362536,0,626
328915.92934,379423.38098,0,632
328753.754485,380251.568181,0,730
328803.926359,379452.414279,0,357
328718.260061,379401.769494,0,730
328667.590145,379504.242808,0,730
328714.098202,379869.105223,0,730
328838.722284,379937.135669,0,730
328942.81233,380141.610203,0,730
328822.656087,379779.8453,0,730
328778.511574,379393.214202,0,730
328823.649792,379186.881509,0,730
328945.850257,379771.060382,0,730
328957.19287,380052.681395,0,730
328809.124407,379396.143936,0,730
328828.05704,379151.201238,0,730
328887.176384,379972.16046,0,730
328869.441757,379846.217803,0,730
328837.783701,380216.026644,0,730
328987.936417,379640.973539,0,294
328861.420845,380020.283927,0,730
328816.162205,379175.987529,0,730
328967.410357,379838.419203,0,730
328749.410169,379432.394804,0,465
328814.077922,380107.771195,0,730
328869.465138,379820.570441,0,730
328776.914506,379661.24205,0,730
328954.476247,380081.337758,0,730
328786.867187,379514.803451,0,730
328742.144467,380161.323675,0,297
328780.082374,380020.118538,0,730
328747.620534,379278.95381,0,730
328723.664008,379523.766254,0,398
328969.072862,379686.181391,0,730
328680.030466,379429.344824,0,730
328819.281675,380203.866241,0,730
328702.202418,379572.126973,0,730
328934.327473,380186.736906,0,730
328801.533513,379333.898248,0,730
328879.997638,379955.41994,0,476
328822.253376,380009.431498,0,80
328732.760612,379888.781282,0,730
328781.180559,380201.036445,0,131
328815.41702,379449.026184,0,698
329012.339309,379927.825154,0,225
328791.36385,379734.361765,0,730
328677.628018,379687.082526,0,623
328812.550271,379724.321789,0,730
328939.696231,379858.647412,0,683
328964.343691,379900.472588,0,128
328912.895799,380149.120877,0,545
328910.952805,379386.677821,0,730
328760.460675,379776.590103,0,730
328802.468311,379323.637017,0,730
328900.578081,379356.772879,0,648
328734.261052,379569.730839,0,730
328988.938208,380032.996659,0,143
328955.657445,379549.591106,0,730
328703.441667,380365.184225,0,730
328836.89963,379884.89995,0,730
328751.314571,379564.94051,0,136
328898.118549,379343.633281,0,730
328661.890423,379531.196159,0,98
328903.301068,379634.202009,0,730
328904.091428,379412.878463,0,730
328734.163249,379890.004443,0,730
328870.96275,379377.410607,0,521
328856.028337,379596.534394,0,247
328830.255698,379611.694423,0,730
328722.905188,379694.934931,0,730
328727.865893,379381.598651,0,730
328830.286764,379492.51286,0,478
328832.764927,379476.934404,0,730
328958.947895,379886.068385,0,730
329061.272642,380019.312773,0,730
328697.850479,379444.971668,0,79
328824.123214,379530.699322,0,730
329014.705659,380028.19098,0,270
328689.051236,380069.124186,0,730
328893.021384,380014.323151,0,730
328681.408147,379685.184348,0,730
328751.020763,379630.113935,0,587
328854.717585,380039.278663,0,730
328782.421039,379645.492524,0,28
328766.373927,379308.245245,0,436
328734.316902,380187.943714,0,730
328687.138249,380058.494652,0,555
328746.843684,380004.725304,0,730
328694.619406,379616.15411,0,730
329066.043515,379980.25091,0,657
328902.461888,380143.430067,0,730
328951.05796,379658.789362,0,730
328822.581032,379181.551522,0,730
328913.986277,379576.493606,0,730
328781.34947,380148.698705,0,730
328885.639824,379734.54284,0,730
328829.061482,380305.901069,0,639
328677.002813,379852.768297,0,730
329066.687327,380041.944712,0,730
328999.42628,380096.117232,0,730
328819.883297,379197.134485,0,485
328881.18651,379652.347214,0,730
329093.653143,380022.02149,0,730
328819.70735,380238.777631,0,730
329015.999119,380020.044125,0,730
328740.049095,380248.595283,0,292
328886.692898,379720.942139,0,730
328742.243514,379540.238092,0,730
328911.828363,380191.290084,0,730
328919.965259,379663.363934,0,661
328868.224512,379731.004022,0,554
328832.26465,379381.350741,0,730
328984.082812,379674.009385,0,710
329015.533512,379907.089119,0,730
328836.21807,379987.414102,0,690
328706.734588,379622.7789,0,730
328855.821298,379995.573619,0,149
328660.498703,379391.714907,0,730
329089.694843,380050.907663,0,730
328776.557708,379364.233811,0,587
328672.678045,379441.030012,0,648
328683.497253,379898.666284,0,730
328661.78453,379407.828303,0,730
328944.495844,379819.881636,0,730
328798.575881,379817.691,0,730
328698.930951,379794.68863,0,730
328766.900667,379642.035372,0,730
328768.394779,380264.250262,0,552
328862.949119,379803.75322,0,730
328706.18908,380082.548741,0,698
328787.016148,380324.456787,0,472
328863.144502,380126.386812,0,730
328849.285381,380181.050665,0,730
328769.473375,379332.319294,0,730
328938.24831,379638.071322,0,351
328906.337269,380130.944012,0,730
328796.077302,380175.517384,0,602
328805.117325,380249.342982,0,730
329006.943461,379876.228575,0,730
328780.184114,380129.102518,0,168
328949.256923,379560.971963,0,730
328711.968311,380380.112398,0,730
328819.286933,380257.19297,0,730
328755.65625,379411.790979,0,730
328711.741332,380019.541158,0,206
328810.803438,379653.962944,0,730
328958.675348,379679.934637,0,335
329021.932238,380071.860151,0,730
328725.389698,380317.113105,0,439
328775.01103,379709.796578,0,199
328966.750437,379965.610382,0,730
328951.641161,380096.600832,0,441
328713.213799,380308.039505,0,173
328716.603266,380147.991201,0,730
328796.270796,380082.677615,0,699
328780.199571,379303.161727,0,18
328798.402187,379952.8654,0,730
328957.320955,379535.178477,0,730
328904.572674,379827.39559,0,706
328891.547096,379661.483779,0,730
328694.312259,379371.106605,0,730
328956.526831,380029.003542,0,730
328875.530423,379354.575736,0,730
328834.973274,379353.394824,0,730
328804.984519,379914.698407,0,227
329064.07908,380015.191419,0,467
328879.878893,379696.953203,0,730
328751.671913,379648.070274,0,730
328860.092658,379288.093511,0,730
328692.455192,379389.472339,0,730
328705.142149,379512.676351,0,236
328930.95003,380127.930945,0,730
328923.515751,379413.713324,0,730
328704.594278,379364.727427,0,554
328964.648265,379917.095761,0,730
328935.786051,379920.994528,0,592
328831.912748,379470.261738,0,407
328885.80102,379622.934053,0,574
328817.01624,379337.598872,0,730
328922.33426,379559.966125,0,730
328915.317776,380191.548642,0,730
328933.843549,379449.209789,0,730
328699.822836,379767.157334,0,730
328946.451182,380079.924559,0,730
328832.065067,379425.835578,0,730
328751.496005,380165.570278,0,399
328844.723501,379600.393975,0,730
328799.166982,379373.26207,0,9
328697.569792,379678.400707,0,730
328928.010819,379852.547199,0,730
329099.333383,380028.545414,0,730
328955.101536,379803.378194,0,461
328754.082074,379246.296859,0,425
328895.113064,379573.579684,0,730
328783.202887,379475.606725,0,730
329010.035186,380088.875253,0,730
328960.465305,380044.457069,0,730
328688.226136,379872.615754,0,730
328969.693169,379934.9958,0,546
328922.747137,380118.592165,0,730
328768.819027,379496.569262,0,730
328998.509048,380118.018636,0,642
328801.197718,379283.851322,0,722
328889.634393,380242.854551,0,71
328962.121693,379599.224737,0,730
328734.299592,380122.54917,0,730
329001.793496,380062.713861,0,730
329044.275157,380097.953774,0,559
329016.501399,379890.36337,0,550
328796.336997,379241.835015,0,730
328874.762799,379932.206821,0,53
328938.331032,379988.304536,0,730
328755.496434,379651.268714,0,730
328752.291001,379737.343134,0,730
328847.535448,380173.552728,0,730
328903.141632,380211.650785,0,730
328678.313193,379377.717039,0,405
328813.923529,380077.311608,0,730
328774.420134,379560.71016,0,730
328788.13687,379975.930262,0,207
328692.502107,379557.722128,0,730
329031.813698,379938.901112,0,730
328666.707423,379389.356869,0,354
328951.426087,379748.501581,0,689
328901.101813,379491.525457,0,373
328865.237728,379528.906779,0,730
328987.530895,380090.810675,0,163
328935.096922,380127.311306,0,239
328873.516839,380142.077654,0,177
328708.488522,380312.214087,0,730
328741.423302,380035.90452,0,645
328916.319256,380036.519568,0,711
328723.318858,380038.608931,0,730
328727.270026,379837.821957,0,687
328679.654991,379731.366743,0,730
328911.776129,380026.07649,0,730
328811.11584,379765.444588,0,730
328759.054974,379814.305575,0,673
328726.303241,380103.21158,0,390
328738.36852,380118.948345,0,730
328865.389227,379526.228918,0,59
328728.83342,380400.483664,0,730
328760.009306,379857.016488,0,730
328991.345463,379711.034269,0,730
328694.119139,379444.680518,0,696
328705.306623,379367.923417,0,477
328834.985761,380045.452698,0,730
328945.462849,379933.413957,0,730
328916.907092,380167.356594,0,730
328918.925796,380110.062576,0,730
328851.966824,380253.791757,0,184
328862.054553,379576.727865,0,508
328797.223178,379341.345117,0,730
328941.348731,379761.077197,0,730
328784.818874,379904.284266,0,730
328724.174984,380240.897622,0,730
328940.641273,380015.262031,0,730
328802.056788,379681.022094,0,730
328962.917851,379973.637477,0,730
328802.408088,379197.782913,0,173
329017.0308,380074.17403,0,730
328879.722079,380015.782849,0,257
328758.026408,379460.615945,0,730
328858.335491,380192.487625,0,730
328817.541047,380178.355736,0,730
328865.05414,379880.896855,0,730
328995.787299,380098.267611,0,449
328978.381594,379724.658914,0,29
328903.431852,379716.944118,0,100
329057.99274,379958.862144,0,730
328937.465927,379940.244593,0,666
328835.331046,379557.696813,0,730
328942.370498,379729.837186,0,605
328933.511909,379768.588113,0,668
328695.306473,379436.985479,0,624
328765.540722,379627.500106,0,96
328858.150481,380164.781237,0,730
328734.878833,379472.837208,0,730
328767.301485,379943.267961,0,211
328879.677276,379807.307345,0,46
329072.878052,379983.243458,0,730
328841.786433,379833.261214,0,688
328724.934115,379295.0236,0,730
328866.381606,379637.851177,0,730
328695.549799,379363.809497,0,730
328752.723188,380071.873019,0,532
329075.021517,379970.099682,0,730
328740.458139,379351.165743,0,233
329091.326002,380055.30589,0,730
329011.388867,380093.477574,0,730
328727.280546,380003.67418,0,730
328824.743502,379261.870813,0,730
328699.472819,380373.579708,0,730
328964.032822,379757.867298,0,730
328670.340797,379684.768614,0,671
328889.506047,379564.39124,0,668
328939.584659,379816.197686,0,730
328674.668204,379423.840319,0,98
329003.601851,380147.291354,0,730
328905.957694,379657.155786,0,730
328716.211952,380138.102884,0,730
328928.580024,380054.56742,0,730
328718.796026,379556.240854,0,730
328975.748364,379818.467534,0,730
328696.879946,379641.531652,0,643
328732.35459,379802.903541,0,70
328695.155622,380009.044795,0,730
328926.881329,379897.958451,0,730
328722.109832,380044.663924,0,730
328723.439458,379343.331902,0,730
328804.190026,379307.759849,0,542
328881.833046,379735.155288,0,25
329031.446486,380094.288415,0,730
328836.189485,379250.284923,0,369
328674.0561,379786.631823,0,730
328852.86796,379322.907362,0,730
328702.552706,379641.612881,0,730
329001.657229,380078.983403,0,362
328757.384493,379918.099102,0,730
328746.854926,379624.078424,0,263
328843.316142,379861.42018,0,730
329025.704742,379964.760202,0,730
328765.157295,379797.981868,0,727
328850.656495,379777.400234,0,730
328958.439962,379986.11049,0,730
328892.277281,380188.50189,0,681
328813.72115,380199.152702,0,355
328954.94885,380154.780646,0,730
328703.188051,380415.940322,0,537
328743.242333,379751.901282,0,730
329007.063352,379973.61467,0,730
328713.496169,379542.206243,0,730
328787.887664,379226.466829,0,730
328706.258582,380062.134812,0,730
328917.017103,380110.856386,0,730
328694.357084,379577.631529,0,508
328700.840761,379947.468863,0,730
328891.32538,379993.460362,0,133
328868.010359,379261.763134,0,730
328755.166254,379504.938147,0,730
328686.360196,380028.263157,0,730
328770.468886,380342.984974,0,63
328762.140619,379291.781454,0,487
328806.83318,379370.65684,0,200
328930.723115,379860.606445,0,730
328664.637373,379403.864238,0,730
328844.69265,379659.223095,0,111
328782.955098,379488.584022,0,730
328687.730467,379707.133793,0,730
328867.196403,379497.097479,0,730
328701.738405,379913.43567,0,730
328864.599279,379326.144659,0,436
328996.219773,380150.342122,0,730
328802.142495,379230.96921,0,730
328847.349652,380030.811295,0,641
329001.573601,379741.494267,0,730
328783.628036,379357.834793,0,730
328837.063009,380245.795691,0,730
329034.126065,380060.382736,0,127
328991.255026,379667.375579,0,730
328688.508738,379698.9403,0,730
328958.31866,380019.889001,0,526
328833.78653,380193.325421,0,541
328871.915604,380175.973617,0,399
328815.747055,379160.976702,0,730
328944.324579,380015.850099,0,730
328874.380148,379638.233107,0,673
328712.806809,380410.064612,0,417
328922.653484,379529.005502,0,730
328703.228931,379400.363304,0,176
328710.208313,380225.250599,0,6
328718.621418,379973.891538,0,730
328866.033746,380140.579642,0,730
328776.885211,379912.627924,0,730
328676.482535,379488.883456,0,730
328798.477748,380145.735242,0,730
328769.239881,379690.986418,0,730
329072.002698,379906.705486,0,630
328805.717464,380118.996236,0,730
328680.400705,379645.63923,0,684
329045.799716,380087.737018,0,730
328733.428069,379970.806432,0,730
328883.094644,379458.67785,0,397
328894.699743,379640.788109,0,730
328835.374009,379206.110109,0,10
328902.577334,380153.990219,0,730
328877.209835,379733.955199,0,730
328833.040791,379180.341983,0,379
328823.354479,379644.121299,0,413
328771.557885,379784.729427,0,533
328724.857774,379646.098182,0,730
329012.990038,380044.433086,0,730
328713.556491,380354.135718,0,730
328963.427219,380078.319537,0,730
329001.907543,379942.759421,0,730
328907.131266,379873.647891,0,730
328704.78446,379630.207126,0,730
328811.394786,380181.363041,0,730
328793.77615,380008.439175,0,397
328824.06058,379987.67986,0,233
328800.586935,379216.321923,0,730
328924.328288,379925.110503,0,595
328850.93534,379332.709949,0,730
328777.75891,379816.298702,0,730
328935.440916,379963.2317,0,730
328799.70692,379694.465418,0,730
328720.988275,379384.228572,0,730
329085.322082,380063.519708,0,730
328965.373922,379838.712636,0,730
329037.626028,379790.445412,0,730
328719.933688,379636.95467,0,730
328889.323506,379842.923953,0,730
328918.697719,379645.694798,0,730
328731.649189,379850.012768,0,87
328847.878768,379690.474371,0,525
328939.367835,379903.276627,0,730
328731.448408,379444.614438,0,730
328791.218415,380054.79768,0,145
328700.955357,379675.208436,0,730
328691.666587,379784.69741,0,157
328833.351204,379411.733136,0,730
328936.967967,379516.573093,0,730
328899.5237,380112.254668,0,669
328738.276497,380152.937595,0,730
328749.45024,379836.497281,0,730
328753.781944,379757.185049,0,260
328745.780309,380258.383174,0,730
328886.197842,379478.01422,0,730
328997.72886,379736.884601,0,730
328744.807939,379378.890255,0,730
329019.037442,379826.753018,0,329
328701.059429,379752.27374,0,377
328840.521518,379588.757018,0,730
328702.745235,380067.406482,0,730
328733.139891,379404.091959,0,506
328894.221904,379605.910981,0,730
328799.672799,379441.382696,0,730
328717.491136,380144.867187,0,730
328765.22324,380132.304756,0,729
328842.752031,379945.28802,0,416
328801.583185,380135.533767,0,730
328722.008783,379328.734108,0,730
328788.230724,379405.172925,0,730
328829.281207,379475.033594,0,730
328696.018646,379716.225663,0,730
328822.068513,380279.363701,0,730
329029.476128,380116.122687,0,730
328927.736434,380166.378067,0,202
328843.869913,380016.755945,0,421
328832.921321,379490.638882,0,730
328678.258645,379545.387687,0,730
328825.601947,379577.593341,0,730
328754.662985,380031.195606,0,730
328799.280061,379552.307814,0,730
328804.035566,379596.018793,0,708
328779.90543,379303.169433,0,730
329100.975547,380011.890388,0,658
328780.794045,379901.734665,0,667
328902.39044,379569.628918,0,156
329036.499125,379815.249387,0,730
328878.344533,380188.998917,0,275
328959.406855,379698.318366,0,478
328810.850064,379708.958591,0,730
328807.326654,380026.336032,0,730
328961.338282,380163.949448,0,568
328825.345873,379567.061473,0,686
328821.092247,380114.755464,0,255
328818.068634,379952.910005,0,551
328720.204398,380402.497715,0,730
328981.105671,379796.103651,0,730
328834.98907,379273.81102,0,730
328792.065082,380343.39292,0,191
328966.767232,380147.199181,0,730
329016.771519,380006.20649,0,730
328946.291554,379782.718568,0,730
328935.794026,379576.008261,0,730
328771.769779,379912.413953,0,366
328976.58138,379972.326862,0,730
328926.432559,380094.923825,0,646
328872.571417,379289.343982,0,730
328821.999177,379852.182702,0,730
328733.209514,379292.584645,0,203
328883.747415,380142.14773,0,572
328676.081025,379529.970348,0,730
328760.608284,379363.518026,0,730
328838.696915,379679.837177,0,730
328979.831558,380076.405114,0,308
328696.570661,380133.39532,0,730
328936.034044,379806.459286,0,730
328997.57799,380040.193359,0,730
328729.73911,379280.859841,0,230
328716.715002,380121.092338,0,387
328778.912747,379833.933583,0,345
328987.695418,379894.749296,0,285
328810.458424,379955.632533,0,475
328739.350698,379434.727386,0,26
328859.942293,379478.490324,0,730
329032.908158,380029.315058,0,72
328659.389582,379460.03121,0,730
328850.196077,379208.957384,0,730
328686.871545,379830.352608,0,730
328974.814737,379910.917928,0,730
328762.380275,379619.495523,0,730
328881.400404,380230.821743,0,538
328750.936091,379862.002006,0,473
328743.552086,380006.162,0,730
328689.808645,379521.527501,0,730
328745.519963,379734.905176,0,730
328767.015075,379620.311776,0,658
328958.529031,379552.109314,0,730
328773.793745,379817.306839,0,730
328779.487673,380118.449481,0,730
328899.423241,380133.381751,0,730
328685.352307,379764.786466,0,124
329036.916293,380092.324272,0,730
328794.256912,380081.911667,0,730
328723.70146,379617.311296,0,730
328791.952277,380151.994085,0,730
328895.727905,379677.279872,0,730
328930.708583,379439.394036,0,462
328692.973399,379559.082885,0,730
328901.347383,379515.788072,0,730
328833.100999,379925.739633,0,621
328791.053336,380316.337942,0,686
328949.911467,379543.905551,0,730
328893.202133,379798.923538,0,429
328912.83255,380071.726567,0,730
328866.24216,379798.573908,0,382
328890.810249,379334.455974,0,730
328857.530082,379786.036046,0,730
328789.927483,379632.439091,0,197
328712.887795,379361.48721,0,122
328890.359793,379413.067667,0,703
328942.154448,380095.746265,0,730
328874.075342,380130.689166,0,730
328917.642461,379526.738039,0,12
328747.312287,379931.376809,0,730
328852.592673,380212.311333,0,730
328789.89216,379583.677404,0,126
328736.259391,380176.608668,0,730
328870.164012,380266.569481,0,730
328672.152089,379546.170403,0,730
328983.327618,380119.869119,0,730
328708.604838,379703.329015,0,730
328693.870587,379644.290291,0,730
328929.740455,379592.365867,0,730
328681.144643,379366.75125,0,305
328847.105653,380002.585549,0,619
328729.085294,379499.821517,0,89
328700.462992,379680.047199,0,560
328691.132289,379959.264116,0,730
329038.553555,380055.874072,0,170
328706.604287,379898.326786,0,730
328756.440542,379746.685647,0,730
328881.107025,379765.374974,0,420
328717.560477,379352.083383,0,730
328883.090857,379614.144616,0,730
329001.234498,379668.389543,0,361
328904.159731,380131.19374,0,730
328864.395896,379604.628188,0,730
328915.393631,379706.494709,0,730
328701.130195,379657.080027,0,730
329017.169162,380080.517042,0,730
328771.640802,379775.9264,0,730
328890.136413,380027.094483,0,590
328903.808389,379918.849681,0,730
328737.516998,379313.455741,0,730
328945.956593,379628.504257,0,207
328964.025633,379732.781643,0,350
328796.928196,379322.484941,0,730
328768.299324,379994.035484,0,660
328794.054949,380234.128458,0,265
328765.355321,379326.002423,0,730
328733.159783,379307.594031,0,340
328809.819286,379982.44188,0,448
328780.991753,379836.466621,0,730
328949.15337,380186.278257,0,730
328882.353649,380131.08451,0,569
328931.37705,379580.010101,0,300
328772.90026,379794.616956,0,459
328795.101119,379592.841545,0,269
328742.409394,379354.530214,0,730
329066.326838,379938.158436,0,616
328814.765734,379218.447148,0,730
328926.897742,380179.782103,0,730
328727.305722,379362.795071,0,730
328794.45638,379556.750454,0,366
328845.702003,379641.050376,0,730
328790.239078,380165.776206,0,730
328767.712023,380311.675636,0,625
328767.229261,380062.868564,0,730
328733.321396,379811.065264,0,730
328926.497724,380200.447751,0,730
328920.241795,379553.624998,0,730
328833.040886,379457.995684,0,496
328731.115407,379940.622784,0,730
328849.518897,379201.736178,0,730
328748.845846,379821.842537,0,707
328884.771395,379918.226164,0,615
328863.903607,379375.408729,0,715
328906.380679,380086.19294,0,730
328749.163507,379425.561945,0,730
328859.304142,379448.765014,0,730
328698.119027,379768.537139,0,251
328737.542445,379514.88004,0,730
328946.398602,379790.545748,0,566
328721.363727,380087.036664,0,318
328819.23575,379499.660944,0,730
328859.114443,379681.780122,0,445
328707.270883,380403.184701,0,185
328888.830469,379633.364735,0,730
328839.066966,379542.592345,0,730
328952.504188,380057.487094,0,730
328790.437181,380037.441416,0,584
328857.377524,379438.636056,0,39
328749.135333,379537.450631,0,730
328864.056917,379276.922455,0,593
329110.587501,380047.998293,0,730
328760.186103,379720.833011,0,681
328858.424012,379284.904388,0,730
329034.112762,380025.797947,0,730
328790.397962,379728.713403,0,730
328701.288599,379376.01516,0,730
328855.24943,380185.3998,0,690
328986.646767,379894.701979,0,730
328925.629022,379445.307458,0,334
328940.178551,379697.478265,0,580
328912.775159,379872.824339,0,730
329001.734798,379752.883895,0,730
328747.065461,380033.567817,0,730
328692.80435,379870.997599,0,4
329065.055147,380059.452394,0,730
328839.429299,379984.83549,0,606
328994.67814,379852.826087,0,730
328900.756531,380145.816675,0,730
328819.009486,380147.308564,0,201
328761.577793,379404.066283,0,669
328798.909342,379477.121565,0,708
328842.115908,380292.503912,0,730
328939.508012,379867.356749,0,730
328720.190208,379423.64725,0,622
328733.94148,379900.457346,0,730
328914.354069,379929.617882,0,730
328822.558864,379314.634845,0,730
328730.384167,380226.003725,0,730
329003.955112,380118.032168,0,730
328940.992707,379677.552379,0,730
328785.294196,379641.949492,0,730
329100.586205,380046.692803,0,730
328794.647191,379737.969508,0,730
328701.25926,379601.022399,0,137
328786.174897,379745.116562,0,650
328845.124871,379972.191179,0,573
328919.843615,379544.455711,0,730
328741.463898,379794.394479,0,730
328986.169638,379780.932274,0,730
328861.420829,379933.551233,0,210
328687.284711,379564.098092,0,730
328851.391016,379671.181107,0,730
328898.018473,380084.355511,0,730
328710.634355,380068.063615,0,730
328963.034388,380117.070884,0,730
328941.107739,379703.662848,0,730
328874.145818,379814.108289,0,730
328937.142608,380142.141058,0,730
328701.072382,379366.649041,0,730
328717.680542,379720.220566,0,730
328874.788844,379901.373962,0,8
328753.431534,380131.95307,0,730
328837.822117,380103.099025,0,391
328950.905542,379900.066362,0,730
328738.016012,379265.328159,0,730
328791.791971,379857.367395,0,730
329015.214326,379858.64545,0,730
328855.907085,379949.681097,0,730
328710.93341,379846.554928,0,730
328673.035883,379771.101791,0,391
328824.087561,379598.181533,0,730
328736.817458,379544.382199,0,199
328812.065534,379438.888107,0,142
328734.466253,379686.788132,0,101
328854.357567,380261.281284,0,424
328841.840642,379858.287817,0,730
328918.460631,379661.743027,0,676
328875.664873,379470.569445,0,730
328789.693843,379725.848355,0,712
328707.249445,379324.597817,0,306
328775.082453,379906.376463,0,730
328801.079443,379918.863634,0,730
328797.372402,379980.581717,0,730
328834.14837,379488.668688,0,730
328708.875735,379481.009588,0,522
328654.917172,379390.529417,0,730
328903.540398,380221.645616,0,730
328926.928534,380030.49093,0,665
328890.837331,380245.134643,0,730
328937.239167,379662.760746,0,351
328772.567009,379726.911013,0,730
328948.287653,380036.072487,0,599
328720.064447,379818.704101,0,730
328730.822007,379754.518631,0,488
328793.199903,380163.923215,0,730
328725.469675,379444.227657,0,287
328887.913683,379419.975026,0,730
328977.01265,379742.91187,0,730
328891.904709,380170.033496,0,730
328828.62376,380036.91251,0,730
328914.266451,379880.366651,0,730
328705.337898,379377.122409,0,446
328692.4169,379351.417028,0,190
328777.211486,380262.438075,0,730
328723.967673,379340.870425,0,249
328881.855774,380241.718209,0,45
328846.325538,380154.213062,0,730
328814.909832,379173.847334,0,730
328776.51411,379687.109456,0,730
328743.615797,380150.527959,0,730
329003.626272,379827.804808,0,730
328787.653396,379556.424514,0,730
328785.734162,380022.071627,0,651
328786.45062,379632.480471,0,730
328798.750321,379923.17101,0,315
328818.278512,379305.804033,0,730
328734.285554,379772.868201,0,730
328778.226757,380195.669712,0,730
328715.622949,379462.355074,0,596
328722.955173,379524.240645,0,730
328790.972449,379909.298778,0,730
329066.277666,380031.318545,0,730
328815.459253,379613.112499,0,730
328842.083509,379580.047893,0,591
329053.380115,380021.263959,0,683
328855.118612,380258.547042,0,730
328744.888384,379770.158305,0,730
328831.963825,380071.188856,0,730
328705.076059,380027.720282,0,730
328661.419267,379489.318169,0,730
329006.577744,379999.791008,0,401
328831.399544,379546.049062,0,608
328922.599854,379852.241628,0,730
328796.667894,379530.17918,0,692
328978.675454,379938.386278,0,730
328771.607079,379542.51426,0,730
328806.158887,379922.7595,0,730
328911.547852,379420.249932,0,730
328872.630306,379579.330464,0,730
328729.77348,380083.021854,0,730
328827.916522,380023.550628,0,730
328797.122761,379267.862653,0,496
328701.564229,380099.982805,0,314
328958.22625,379629.577485,0,730
328720.270655,379966.541324,0,730
328723.460931,380081.785036,0,730
328819.963593,380317.813234,0,636
328946.292758,379580.935315,0,730
328893.390704,379748.696895,0,730
328901.326945,379557.771896,0,446
328914.315204,379694.856671,0,398
328782.4421,379619.285139,0,730
328877.324453,379608.091116,0,170
328772.952827,380313.064816,0,730
328747.587754,380168.07542,0,730
328749.697909,379780.012793,0,730
329049.153557,380100.249866,0,498
329014.092813,380119.878863,0,730
328948.819106,379637.506083,0,730
328721.914476,379318.632838,0,730
328939.707026,379734.210763,0,730
328798.90113,379358.117834,0,568
328748.883585,379489.151866,0,730
328924.305202,379603.816144,0,730
329060.51617,379910.200005,0,730
328671.30581,379520.084429,0,730
328696.921878,380257.460742,0,210
328739.164916,379560.56938,0,730
328752.913062,380116.850996,0,730
328995.860872,380006.839257,0,730
328717.313305,379679.37322,0,730
329091.958097,380008.714834,0,730
328852.0095,379245.558992,0,730
328913.000027,379557.854113,0,730
328728.735325,380126.181207,0,601
328893.231763,379389.257837,0,194
328936.781215,379648.032054,0,730
328790.013401,380333.848143,0,730
329016.003039,379943.456058,0,730
329021.324751,379765.973275,0,472
328894.170103,379865.197755,0,588
328800.624427,379911.659084,0,730
328683.050311,379866.952307,0,730
328724.06288,379517.280726,0,730
328834.274003,379677.903927,0,730
328692.112185,379694.632501,0,622
328931.94237,380160.655229,0,730
328913.254084,380003.039185,0,155
328940.167661,379846.674373,0,730
328982.843724,380053.503363,0,730
328903.06693,380020.026308,0,730
328675.667847,379539.202273,0,730
328781.344615,380222.287448,0,510
328843.632116,379670.141568,0,730
328996.827499,379903.954411,0,730
328682.916483,379469.990835,0,726
328867.675757,380104.576172,0,347
328983.838182,379861.468361,0,730
328685.827372,380042.490516,0,730
328883.140652,379470.798509,0,730
328771.020863,379317.552452,0,540
329077.062426,379933.093835,0,510
328681.945638,379730.588442,0,730
328773.056179,379960.46684,0,328
328786.136452,380125.503235,0,730
328903.715173,379423.053639,0,154
328780.603649,379291.826883,0,730
329011.594773,380128.513039,0,466
328795.402367,379522.185106,0,166
328990.386198,380023.817167,0,730
328884.819905,380071.265098,0,730
328700.74643,379704.731299,0,730
328847.902815,379495.949247,0,209
328880.829121,380206.720591,0,730
328775.499216,380333.673953,0,494
328761.827471,379809.862686,0,730
328885.282164,380021.063432,0,730
328865.166715,380102.101,0,730
328696.229972,379323.644831,0,730
328771.053727,380344.510832,0,354
328727.889171,380220.903593,0,730
328730.91283,380189.419344,0,730
328733.527456,379723.226927,0,730
328831.746601,379998.788216,0,413
328997.639807,379783.031965,0,730
328834.115856,379971.830982,0,730
328904.890443,379656.908862,0,730
328827.651039,379980.43213,0,85
328685.120791,379530.271074,0,730
328916.376994,379841.668227,0,730
328839.960273,379432.486336,0,730
328813.932027,380051.582946,0,730
328659.794689,379393.236241,0,730
328740.539861,379687.836913,0,730
328820.145891,379690.701499,0,562
328871.235456,379827.623215,0,259
328831.633527,379362.540611,0,730
328875.473517,380235.343684,0,730
328853.992627,379955.93497,0,730
328883.69831,380154.064782,0,730
328927.134978,380179.135688,0,344
328853.11265,379447.561978,0,730
328757.110138,379773.713214,0,730
328749.075644,380065.736191,0,730
328686.389926,379489.510253,0,730
329092.102006,380060.267803,0,88
328902.882733,379627.706319,0,730
329018.855186,379871.221979,0,730
328714.917467,379352.676658,0,22
328967.076845,380107.266225,0,364
328834.310601,379889.014859,0,730
328956.600035,379738.187151,0,730
328771.107826,380211.077573,0,329
328835.857665,379603.670066,0,730
328978.17314,379633.313338,0,730
328833.286138,380257.486399,0,616
328773.55371,379226.312238,0,730
328790.912633,379483.7504,0,730
328708.170284,379789.0546,0,730
328913.096257,379705.325382,0,730
329037.652786,380111.181547,0,730
328729.774959,379670.648198,0,730
328677.0971,379484.799041,0,120
328725.474617,380016.249931,0,82
328743.076045,380136.967675,0,730
329075.653838,380048.701929,0,730
328788.171991,379329.490302,0,426
328904.411094,379900.672774,0,730
328707.933851,379430.138842,0,730
328821.748058,380096.736827,0,730
328748.199881,379512.002962,0,730
329000.542764,380065.982048,0,424
328746.930402,380050.212946,0,730
328758.426993,379489.366035,0,346
328866.294249,379744.726981,0,730
328772.433725,379281.848281,0,730
328754.702153,379703.37596,0,730
328737.449844,380377.792659,0,730
328750.621389,380378.981442,0,165
328918.854009,379650.966294,0,730
328948.711829,380077.305714,0,730
328903.825358,379423.476646,0,501
328766.447375,380337.190192,0,675
328708.149185,379805.765747,0,457
328911.781413,379653.413866,0,215
329040.515903,380074.23716,0,363
328756.822976,380195.413714,0,730
328788.771596,379200.039315,0,730
328900.777454,380212.440036,0,730
328960.441477,379986.811631,0,730
328850.246909,380210.853487,0,730
328797.04505,380181.569395,0,169
328986.715381,380057.108509,0,730
328709.082427,379557.233085,0,730
328707.503463,379536.603741,0,730
328710.385526,379741.962522,0,730
328897.830629,380094.008393,0,730
329042.508995,379927.039505,0,730
328878.48858,380261.020259,0,730
328731.021764,379420.560114,0,479
328963.340797,379913.179455,0,730
328964.858665,379576.456195,0,645
328778.690524,380337.469907,0,730
329026.881066,379910.262611,0,570
328999.897493,379881.569496,0,730
328833.696308,379311.594011,0,730
328852.978807,379270.077957,0,147
328883.88085,379458.987564,0,730
328834.445785,379763.274949,0,103
329013.373754,380137.813311,0,428
328983.474218,379876.075456,0,730
328910.138932,380083.71604,0,707
328779.058401,380312.73144,0,730
328912.760394,379844.603353,0,730
328913.801342,380005.301905,0,74
328784.210775,379445.792676,0,695
328894.166368,379450.123519,0,730
328937.274201,379530.450615,0,730
328814.107287,379660.586716,0,585
328816.75982,379956.798365,0,112
328931.206181,379717.473737,0,730
329018.314137,379790.517856,0,730
328870.914548,379501.988964,0,730
328989.795554,379740.724916,0,730
329058.630991,379964.739094,0,730
328924.538693,380149.362944,0,730
328761.131904,380293.775492,0,730
328889.3697,379622.506534,0,730
328705.21205,379807.463901,0,730
328938.632408,379658.169926,0,730
328787.841907,379926.481629,0,730
328768.632235,379494.425335,0,730
328709.333172,379899.34376,0,222
328852.218835,380085.448878,0,620
328978.31656,380157.878626,0,730
329013.76199,379754.845581,0,730
328718.137024,379391.429598,0,730
328741.179423,380332.566117,0,730
328953.142164,379795.699557,0,730
328847.130486,379307.352484,0,730
328716.043853,380063.783851,0,35
328772.822217,379835.612803,0,730
328839.63979,379701.651281,0,730
328678.693955,379390.810064,0,730
328730.045796,379802.297587,0,730
328846.320229,379956.147166,0,730
328932.760378,379973.192033,0,512
328832.736975,379620.314065,0,730
328680.153363,379538.180123,0,730
328793.27168,379911.112637,0,730
328797.484063,380147.003961,0,730
328958.655698,379903.074769,0,427
328691.76245,379419.914202,0,442
328884.034973,379379.291172,0,730
328901.956813,379905.617336,0,730
328898.155504,379641.321648,0,588
328808.654251,380250.947646,0,433
328740.6485,379375.528234,0,730
329048.7806,379863.104633,0,342
328941.650073,380112.390467,0,730
328745.483428,379925.551518,0,730
328827.484069,380222.564737,0,730
328828.548748,379585.195837,0,318
328798.750506,379277.232136,0,730
328835.820012,379651.072383,0,730
328713.818036,379400.056337,0,730
328679.364241,379468.695285,0,730
328783.408321,379288.032165,0,730
329019.557205,380083.20744,0,730
328783.278474,380121.663859,0,612
328868.41488,379751.333176,0,499
328879.971376,379886.408201,0,730
328793.903885,380023.882595,0,730
328748.370131,379359.243258,0,730
328676.792913,379623.397998,0,730
328928.36885,379520.266356,0,730
328767.711666,379463.536791,0,664
328746.722992,380032.258603,0,730
329066.545698,380019.946712,0,524
328728.691785,380160.877796,0,730
328827.171485,379925.416322,0,730
328967.394014,379956.924279,0,730
328860.136807,380219.474488,0,730
328812.607127,379708.813898,0,730
328760.061553,379913.214929,0,271
328729.949277,380330.026917,0,730
328729.565762,379358.080064,0,730
328903.613969,379383.439345,0,730
328707.350653,379879.829149,0,597
328957.771605,380153.562112,0,730
329050.878205,380048.911275,0,730
328696.94727,379468.95483,0,730
328959.482523,380126.220306,0,730
329034.94611,379882.636442,0,289
328907.808394,380084.356475,0,205
328736.216292,379958.16001,0,730
328736.194678,379327.557125,0,193
328779.69221,379346.720547,0,662
328857.823588,379524.35826,0,730
328793.497775,379473.312737,0,352
328927.465946,379594.570047,0,481
328930.950864,380148.762982,0,716
328764.6503,379355.495102,0,666
328752.216726,380081.844971,0,730
328859.682655,379357.304125,0,730
328954.856198,380024.827957,0,730
328757.416482,379553.100252,0,730
328784.949367,379226.780755,0,618
328737.691419,380339.677189,0,730
328732.734193,379347.00628,0,730
328915.109234,379694.683909,0,730
328787.544869,379756.687666,0,730
328758.649385,379764.233631,0,730
328969.959677,379849.983292,0,730
329011.103338,380105.081286,0,100
328905.686434,379931.475905,0,730
328960.196028,379666.740016,0,730
328897.516729,380204.287093,0,308
329059.644201,379906.522483,0,730
329003.236425,380052.014074,0,730
328799.116704,379411.829571,0,730
328696.372837,379653.73605,0,453
328675.721291,379450.965804,0,730
328789.40459,380146.39817,0,458
328915.938052,379394.325902,0,730
328819.715271,379992.746401,0,294
329006.421095,379733.354403,0,730
328780.497667,379240.681755,0,730
328898.46785,379838.635327,0,730
328875.096295,379435.927702,0,730
328808.137646,380287.232809,0,730
328731.465062,379518.343602,0,730
328898.940042,379927.381656,0,730
328850.426085,379464.421357,0,730
329057.736958,379869.038121,0,730
328946.763705,379740.338145,0,730
328862.817187,379296.082258,0,368
328734.639351,380042.814641,0,219
329044.614648,379830.354535,0,730
328995.907432,380102.522071,0,200
328723.167469,379807.697034,0,730
328773.201299,379956.406707,0,654
328731.020933,379563.021165,0,730
328930.15594,379675.135289,0,167
328934.075686,380112.266358,0,730
328771.833177,380159.466619,0,551
328734.167688,379749.579008,0,730
328841.668041,379716.871088,0,730
328806.552116,379868.013397,0,730
328732.866406,380294.612595,0,730
328715.405825,379553.004807,0,730
328762.003468,379241.827768,0,730
328718.103415,379495.912247,0,730
328805.41604,379653.153411,0,730
328786.60837,379899.157852,0,451
328949.16891,379958.851171,0,730
328866.986296,380260.121226,0,730
328723.293962,379685.638064,0,730
328884.085682,379419.732362,0,730
329018.536131,379828.493145,0,481
328902.828247,379458.726806,0,730
328946.739606,379970.376648,0,590
328926.191936,380018.1477,0,730
328862.424001,379754.543562,0,114
328880.074118,379909.992604,0,730
328840.992365,379549.038917,0,730
328712.806401,380247.814792,0,474
328822.461393,380233.283118,0,396
328886.991197,379655.123124,0,730
329022.269868,379939.757099,0,243
328944.875363,379980.814981,0,730
328817.923531,379867.930775,0,507
328672.703924,379473.785348,0,730
328964.142103,379748.024488,0,730
328757.01121,379776.920231,0,355
328858.396195,379779.730039,0,730
328703.23446,379499.684259,0,730
328753.984737,379294.805655,0,730
328949.255704,380194.991212,0,730
328748.951526,379433.892163,0,132
328767.619156,379312.912856,0,730
328739.377381,379577.352912,0,552
328839.319492,379194.910379,0,730
328919.257563,379971.31772,0,730
329045.076471,380106.873044,0,730
328806.110376,379620.822031,0,730
328901.930037,379378.835445,0,260
328844.660025,380071.55083,0,730
328850.511482,379896.72634,0,385
328843.714432,379636.273244,0,730
328964.869178,379751.009672,0,730
328800.42984,380269.178736,0,730
328975.740391,380021.044419,0,487
328690.279045,379804.500196,0,365
328924.159049,379820.586754,0,730
328708.928265,379506.723557,0,730
328848.713654,379773.027479,0,730
328833.471907,379800.071351,0,730
328988.158313,380049.472729,0,730
328988.773267,379829.832316,0,348
328711.489649,379975.568841,0,730
328703.936106,380416.366851,0,730
328947.180269,379987.277509,0,730
328780.728549,380319.936866,0,730
328782.339937,379283.414126,0,372
328849.751431,379455.538589,0,730
328969.386678,380167.369432,0,730
328674.230592,379635.175261,0,325
329086.469638,379990.96503,0,78
328837.798553,379995.314861,0,730
328938.142911,379467.93231,0,730
328799.839808,379926.631141,0,730
328722.657923,379699.732526,0,730
328983.460609,379694.555782,0,730
329059.081271,379917.422992,0,730
328834.771271,379350.995983,0,505
328721.646973,379412.095976,0,730
328824.636828,380098.149659,0,730
328729.43594,380354.030408,0,109
328899.163507,380130.433661,0,730
328737.134826,380036.182563,0,503
328828.910572,379566.954843,0,104
328856.243999,379500.28487,0,730
328973.822718,380102.689594,0,644
328801.896559,380257.105608,0,730
328716.364859,380148.546626,0,730
329029.94349,379816.747383,0,730
328864.402801,380234.395151,0,730
328975.993131,379669.814792,0,730
328789.672782,380343.640515,0,519
329001.920969,379769.460206,0,730
328854.855809,380012.090251,0,730
328692.260684,380053.476594,0,663
329040.418541,380061.781847,0,730
328905.49477,379731.021546,0,730
328909.907673,380140.40302,0,307
328717.674897,379451.339866,0,343
328712.96561,380220.416126,0,730
328684.693406,379443.323462,0,730
328941.986742,380201.660238,0,730
328759.711547,379385.864877,0,407
328989.393544,379720.122839,0,730
329065.435522,379923.843617,0,730
328758.824162,379581.2828,0,349
328887.978635,379970.912837,0,730
328801.094533,380318.091121,0,304
328885.434307,379292.174108,0,730
328931.803261,379908.528148,0,730
328866.494147,379872.084141,0,45
328856.613318,379476.682129,0,293
328846.778155,379488.189448,0,730
328700.409953,379728.262204,0,730
328746.501783,380379.89071,0,166
328690.888564,380179.003308,0,730
328849.15531,379416.124926,0,730
328734.167314,379778.10659,0,95
328675.354008,379636.59627,0,439
328730.02506,380344.803837,0,191
328856.933429,379314.001074,0,730
328858.726485,379845.647367,0,627
328861.211391,379746.494683,0,77
328892.126641,380223.597329,0,730
328699.764573,379419.953475,0,519
328818.441432,379739.782901,0,730
328836.403834,379203.581259,0,730
328837.662424,379388.148848,0,53
328753.524064,379384.973304,0,651
328699.207607,379832.833749,0,730
328887.783461,380010.373026,0,730
328762.283374,379433.072342,0,730
328679.781334,379792.92482,0,730
328791.624456,380338.811979,0,381
328766.518451,380315.898677,0,730
328816.260351,380271.106328,0,730
328835.294458,379223.926231,0,730
328716.441502,379848.798119,0,730
328839.918332,380230.007147,0,730
328715.549042,380121.552405,0,730
329000.540164,379899.057728,0,730
328709.827541,379516.729521,0,730
329041.840246,379831.100401,0,730
328813.400226,379507.164384,0,730
328811.307351,379250.191655,0,730
328779.220444,379528.510155,0,527
328946.686417,379955.62329,0,730
328670.278299,379387.533137,0,720
328710.361776,379403.536608,0,730
328686.850745,379386.501142,0,730
328837.736173,379778.036315,0,730
328865.5019,380036.267416,0,281
328683.973689,379733.943817,0,730
328772.513258,379423.327401,0,730
328919.675812,379974.540614,0,730
328718.60765,379919.720753,0,730
328803.755776,379694.01327,0,730
328826.775567,379407.802024,0,730
328744.17734,379390.780544,0,730
328783.562861,379781.71974,0,730
328769.18607,379336.180822,0,195
329006.533154,379986.593471,0,730
328822.341708,379859.8078,0,730
328944.05256,379690.513912,0,730
328724.19196,379584.181408,0,730
328898.673273,380072.428765,0,730
328802.737091,380122.350799,0,610
328944.014471,379968.948088,0,730
328754.672136,379660.306399,0,670
328944.907575,379735.056615,0,730
328799.295608,379260.329235,0,730
329017.491544,379961.742038,0,730
328779.641826,379985.831836,0,105
328927.283253,380186.554506,0,730
328746.563606,380318.81219,0,730
328689.784233,379533.395444,0,730
328920.802872,379791.554277,0,312
328732.700867,380059.349483,0,730
328744.072698,380305.743776,0,730
328906.83118,380235.89014,0,730
329017.270398,380119.537985,0,730
328716.859262,379353.115441,0,483
328729.467009,379949.82643,0,90
328900.688718,379668.852638,0,730
328831.273618,379575.607965,0,730
328711.710739,380112.993388,0,539
328784.108049,380216.483395,0,555
328862.836586,380249.976119,0,730
328740.478008,379642.811377,0,730
328662.865405,379374.729213,0,730
328800.19102,379886.120496,0,480
329004.714507,379998.327776,0,730
328988.494548,380031.567761,0,415
328901.83814,380208.916796,0,730
328935.471066,380011.18596,0,402
328932.131996,379469.339826,0,730
328908.078969,379572.261532,0,730
328930.771091,379467.241895,0,604
328917.938335,380133.579412,0,716
328994.067178,379763.520506,0,730
328860.002977,379313.820067,0,529
328956.389324,380114.016238,0,730
328947.546096,379995.595522,0,730
328838.760665,380146.042784,0,730
328948.169029,380016.343977,0,730
328707.183738,380305.675224,0,15
328683.706941,379477.565196,0,730
328940.39533,379726.517509,0,730
328769.466346,379816.731293,0,730
328824.764974,379504.763831,0,730
328737.118568,380026.57596,0,291
328880.009384,379477.509219,0,730
328765.016109,379754.653518,0,501
329029.387222,380095.16483,0,730
328689.554238,380115.069612,0,730
328827.964027,380312.052531,0,671
328826.351471,379937.739949,0,630
328741.42409,380013.96057,0,730
328904.578411,380149.293605,0,348
328756.166342,380167.003438,0,730
328801.092992,379616.365355,0,730
328973.515177,379790.023547,0,730
328904.572668,380117.435387,0,730
328809.746116,379725.930847,0,730
328706.666839,379756.694313,0,730
328880.958868,380199.299939,0,730
328788.762007,379246.983179,0,730
328819.003839,379784.089534,0,158
328871.21173,379483.861997,0,730
328742.605935,380020.505226,0,730
328755.395539,379650.50709,0,730
328754.224152,379806.577602,0,730
328915.33284,379936.446409,0,140
328840.624627,379688.493829,0,492
328964.69679,379891.520078,0,730
328741.602218,380020.628804,0,730
328664.245454,379583.637178,0,392
328900.662218,379910.880054,0,730
328793.380104,380112.360101,0,388
328817.180804,379501.438014,0,213
328769.901847,379924.820017,0,676
328736.483637,379738.62976,0,730
328967.801994,379907.507046,0,730
328760.924,380175.349091,0,553
328911.673104,380213.095563,0,730
328859.939731,380042.678432,0,730
328790.385358,380212.976123,0,730
328753.988705,379401.657083,0,730
328898.09348,379933.433798,0,730
328927.669807,380052.371032,0,142
328865.645583,379940.551606,0,204
328815.678911,379892.992213,0,730
328920.130562,379977.880193,0,730
328756.412693,379755.542049,0,730
329033.313536,379969.267361,0,730
328804.317698,379548.626409,0,730
328796.888215,379851.547861,0,730
328985.367223,379998.425008,0,356
328734.055009,380301.930031,0,730
328825.628297,380205.359309,0,730
328818.952788,379787.817691,0,410
328854.527598,379274.459945,0,243
328702.715944,379617.349078,0,730
328984.810567,379740.680727,0,730
328722.866633,380009.155298,0,49
328909.616186,379450.445345,0,730
328823.661853,379514.704353,0,730
328991.601373,380148.777034,0,730
328839.620563,380071.528567,0,730
328830.931095,379607.513078,0,730
328916.288008,379994.525996,0,730
328916.681756,379468.312362,0,730
328797.9108,379250.224293,0,730
328752.076448,380245.201478,0,438
328857.28263,379565.593219,0,730
328721.612727,380398.745932,0,730
328879.510056,379826.818407,0,730
328782.242991,379490.144919,0,730
328998.774515,379670.897807,0,637
328877.249313,379971.569105,0,730
328712.237367,379909.03455,0,730
328899.430442,379416.84029,0,608
328843.075594,379671.293844,0,730
328726.586591,380386.589725,0,730
328879.923861,379514.237969,0,730
328850.720639,379726.994029,0,48
328841.902458,380083.74774,0,730
328750.079526,379347.466481,0,730
328952.74235,379883.892766,0,144
328922.917564,379569.943789,0,730
328982.096034,380101.660093,0,730
328853.567062,379355.96743,0,730
328990.363374,379905.865257,0,730
328769.648342,380230.934,0,220
328740.4638,379754.75205,0,380
328987.225092,379959.656979,0,730
328746.972034,380072.514626,0,502
328925.145678,379710.164539,0,688
328969.195335,379816.982297,0,33
328994.059811,379851.353235,0,730
328823.449282,380019.518912,0,296
328854.218724,379680.50258,0,730
328740.505128,380024.273535,0,372
329065.918191,379985.517518,0,730
328785.069003,379233.151439,0,730
328911.8631,379437.61005,0,212
328982.064514,379756.920828,0,730
328828.543891,379393.537149,0,730
328793.36829,379681.907858,0,730
328801.940425,380303.129677,0,730
328741.765165,379722.632876,0,280
328804.788709,379402.607041,0,730
328868.746046,380081.189784,0,730
328753.613333,379995.114588,0,190
328731.650704,379519.789614,0,730
328703.005455,380089.297611,0,730
328744.644112,379676.220564,0,730
328784.038055,379917.909811,0,340
328880.113935,379886.440965,0,430
328850.196974,379294.12922,0,441
328971.474752,380013.1355,0,730
328830.605303,380008.003369,0,543
328795.544122,380117.230292,0,730
328859.203812,379795.803216,0,730
328782.173478,380123.864294,0,730
328759.399392,379452.550183,0,730
328940.497991,379628.506308,0,730
328807.428304,380222.156888,0,494
328686.794489,379762.645295,0,638
328958.74079,379941.291692,0,310
328765.22186,379879.889158,0,730
328895.392395,379688.171738,0,730
328803.508174,379448.878435,0,730
328840.093294,380089.045931,0,730
328839.243783,379280.167935,0,403
328724.100702,379851.260576,0,460
328861.948978,379485.238546,0,730
328896.69391,379810.33222,0,730
328763.023639,379677.624772,0,52
328892.140001,380143.590517,0,730
328786.063543,379573.187721,0,229
328992.282572,380082.223596,0,730
328912.012688,379518.783129,0,563
328661.196808,379468.767451,0,242
328782.160735,379585.152915,0,730
328757.769829,379778.728142,0,285
328998.330994,379863.660129,0,730
328887.59131,380051.553118,0,109
328899.393163,379564.260127,0,627
328926.562616,379749.892,0,368
328804.01838,379933.465945,0,702
328728.3269,379783.136301,0,91
328904.986002,380070.097003,0,571
328762.667092,380346.761186,0,167
328940.775636,379999.00925,0,435
328731.543377,379796.419538,0,730
328813.40647,380095.141512,0,730
328758.600892,379394.080454,0,730
328734.677724,380187.466856,0,730
328865.405865,380215.071137,0,730
328746.781255,380088.049388,0,730
328695.603064,379698.195563,0,495
328944.792077,379787.39141,0,730
328740.453898,380346.441448,0,730
328789.163413,380066.090836,0,471
328684.029728,379428.970625,0,730
328857.9219,380126.077327,0,467
329011.87582,379753.541263,0,548
328836.924044,379507.328005,0,730
328889.820109,380007.62685,0,730
328851.785548,379782.827989,0,583
328859.586369,379588.548322,0,103
328764.567373,380061.776407,0,730
328715.441343,380055.186548,0,567
328730.364434,379334.585248,0,710
328861.796483,379384.629374,0,111
328970.19372,379765.272923,0,178
328691.854336,379481.712766,0,602
328828.033248,379245.629836,0,730
328803.364716,379659.35658,0,730
328770.967229,379914.641298,0,730
328796.711225,379784.990131,0,564
328688.951398,379618.769988,0,468
328890.070816,379766.206155,0,383
329035.316703,379847.315396,0,659
328819.600116,380154.847948,0,730
328771.347783,379584.665858,0,730
329007.638273,380105.641316,0,730
328912.478675,379410.925831,0,730
328938.480995,379519.707713,0,730
328746.201612,379815.272241,0,440
328961.301692,379539.967472,0,730
328920.975584,380071.12827,0,730
329013.650406,379923.894301,0,730
328720.25921,380162.781879,0,730
328772.023058,380347.149183,0,730
328983.605209,379831.425318,0,730
328964.541616,379786.616705,0,730
328769.885851,379517.147078,0,730
328688.081398,380112.003218,0,730
328955.090542,379789.17987,0,163
328679.733364,379418.77159,0,403
328906.415904,379744.737944,0,531
328900.292737,380218.430994,0,595
328961.884014,380063.614084,0,730
328712.636979,380344.058346,0,730
328727.38326,380154.989457,0,730
328847.696467,379663.673533,0,730
328899.605162,380065.619043,0,322
328917.947216,380021.411292,0,730
328871.914876,379815.392554,0,730
328931.495349,379916.873879,0,58
328755.431371,379762.85192,0,730
328928.290078,379727.63836,0,730
328876.220206,379621.816493,0,730
328710.205417,379504.455195,0,730
328977.659461,379928.015905,0,730
328726.112568,380241.61501,0,306
328949.98377,379979.378232,0,730
328789.892337,380215.577624,0,665
328914.063107,379577.859821,0,730
328827.705027,379716.429056,0,730
328917.515669,379733.080983,0,479
328866.512721,379654.016983,0,730
328803.565028,380293.495301,0,730
328926.334771,380072.103534,0,730
328804.574502,380227.477805,0,730
328840.558987,379986.494453,0,730
328956.874593,379570.066447,0,286
328910.011053,380215.083878,0,730
328800.051742,379420.777747,0,730
328820.502193,379506.443682,0,649
328856.44345,379712.829632,0,730
328865.423344,379938.331417,0,730
328984.751068,379978.822796,0,720
328884.106356,379953.270417,0,336
328891.692978,379578.552602,0,161
329069.762303,379943.154069,0,730
328753.405876,379986.298066,0,706
328783.698241,380182.545959,0,730
328717.061755,379898.03846,0,687
328952.14857,379792.044139,0,292
328814.59389,379382.184172,0,730
328818.826724,379368.840865,0,730
328839.024432,379797.44307,0,730
328946.387677,379564.172913,0,486
328753.089169,379570.0064,0,387
328854.84094,380074.72046,0,730
328902.407661,379495.977552,0,730
329012.33925,379940.829974,0,730
328980.505483,379911.772715,0,730
328706.770617,380219.838336,0,730
328827.62267,379619.107381,0,730
328791.49014,379924.873468,0,730
328826.621676,380187.09756,0,730
328880.618645,379950.263407,0,577
328713.375496,380186.673823,0,567
328831.576859,379717.306991,0,134
328818.739167,379235.507096,0,71
328789.880838,379558.749997,0,730
328803.572361,379782.22635,0,258
328819.501727,380124.309638,0,730
328716.873709,380243.585461,0,730
328738.218082,379322.267308,0,440
328841.998315,379960.344761,0,276
328868.740326,379353.864404,0,24
328967.833364,379875.638148,0,730
328708.640683,379875.388659,0,730
328796.834029,379494.01683,0,730
328862.85505,380142.678535,0,518
328804.378973,379636.056053,0,685
328719.797171,379352.59159,0,730
328754.50235,379517.241612,0,730
328840.652518,379918.516957,0,730
328897.566386,379668.385537,0,22
328769.357549,379872.978678,0,697
328716.653041,379506.112128,0,7
328965.613494,379694.133481,0,730
328842.769316,379374.444072,0,725
328700.012278,379804.256653,0,639
328849.30668,380027.694116,0,221
328812.249467,380044.666741,0,730
328923.797153,380194.423617,0,730
328715.648014,380200.556974,0,730
328698.64633,380280.361679,0,107
328728.308011,379946.199097,0,549
328759.048769,379896.778537,0,730
328698.211361,380204.617232,0,730
328930.176182,379969.745847,0,730
328891.058526,380252.691085,0,730
328791.244588,379627.466868,0,730
329029.883935,379769.751083,0,241
328946.69641,379772.404819,0,730
328766.526023,379606.72319,0,444
328847.730782,379271.086682,0,730
328898.389132,380093.421668,0,730
328991.189692,379953.581332,0,730
328871.326498,379593.495357,0,730
328950.629692,380073.155099,0,730
328830.517059,379773.847717,0,704
328807.393822,379251.159698,0,730
328770.54227,379418.038693,0,730
328840.815484,379168.762402,0,730
328831.670285,379936.216514,0,730
329007.35373,379940.487373,0,730
328946.472917,379978.335791,0,730
328758.667832,379989.557646,0,730
328755.268689,379351.134847,0,730
328842.0296,379318.760816,0,730
328887.092445,379789.419152,0,129
328892.57302,380044.040885,0,730
328879.426961,379898.511712,0,618
328861.574057,380160.201262,0,730
328897.143806,379993.355068,0,624
328925.733992,379567.218623,0,730
328732.472718,379737.885795,0,548
328719.0377,379694.392277,0,290
328715.976115,380273.781343,0,423
328932.910562,379964.540631,0,582
328867.819297,380175.827045,0,485
328875.992337,380049.904357,0,273
328860.542599,379427.407921,0,730
328925.601859,379709.717185,0,730
328766.424863,379776.531926,0,730
328958.698625,379957.113398,0,152
328847.376035,379518.161797,0,730
329055.241579,379909.091606,0,730
328709.73815,380407.618243,0,715
328777.700191,379904.437274,0,730
328720.30836,379611.702434,0,137
328777.528436,379423.297343,0,730
328827.552219,380041.838838,0,60
328857.107317,379787.322859,0,730
328861.852689,379260.584369,0,730
328838.243623,379493.924993,0,730
328982.208206,379968.357535,0,730
328935.060773,380104.629841,0,730
328770.466723,380011.368488,0,253
328810.358697,379890.198587,0,378
328751.979386,380220.351427,0,730
329019.57667,380048.019055,0,84
328776.821158,379713.792122,0,730
328831.373915,380196.323824,0,730
328734.624222,379985.326786,0,730
328825.260157,380179.932475,0,730
329075.309431,379971.709206,0,250
328996.091023,379900.253929,0,421
328761.713665,380357.453938,0,730
328875.435433,379859.733077,0,730
328866.354794,379481.052773,0,730
328719.248545,379781.060383,0,119
328731.077288,379776.583047,0,66
328872.435349,379567.368029,0,462
328678.800631,379585.897003,0,730
328898.874703,379680.25612,0,730
328937.087811,379870.262349,0,140
328730.011848,379765.631368,0,730
328695.231737,379720.580694,0,730
328710.455325,379601.273371,0,675
328782.838485,379659.436717,0,730
328772.190052,379953.212767,0,653
329091.926018,380003.348778,0,730
328706.683474,379696.637882,0,663
329093.160668,380059.964998,0,730
328900.884111,379368.895904,0,730
328754.728646,379925.966444,0,730
328738.122253,379526.870493,0,183
328901.655153,379818.398875,0,730
328837.603237,379478.238517,0,680
328842.585204,379272.647884,0,730
328809.828297,380139.951581,0,730
328727.035372,379294.752769,0,176
328867.084965,379434.958798,0,730
328733.880185,379533.321051,0,730
328986.445911,380115.267973,0,536
328843.151703,380186.917871,0,730
328780.936163,380232.705849,0,730
328906.87036,380015.06864,0,730
328873.920964,380165.112295,0,96
328830.373942,380142.592563,0,565
328820.108034,380175.436129,0,434
328971.391561,379686.765409,0,730
328849.81303,380003.772552,0,55
328708.033332,380272.669036,0,730
328877.009334,380075.331697,0,730
328802.848206,379543.834772,0,214
328864.230037,379993.038881,0,469
328793.264821,380198.131345,0,730
328849.232079,379402.901154,0,730
329027.725712,379986.557262,0,297
328950.119938,379899.995214,0,730
328956.603933,379526.175245,0,730
328839.490492,379815.055566,0,332
328911.767455,379904.18664,0,724
328837.296537,380222.428651,0,730
328801.228769,380275.830676,0,428
329024.893192,380058.156333,0,584
328757.328039,379972.602935,0,730
329031.979012,380055.374323,0,461
328895.923763,379835.983993,0,730
328809.270329,380103.835135,0,358
328894.552484,379414.287653,0,730
328741.613295,379774.091921,0,730
328763.064997,379903.526662,0,432
328784.835789,380250.515197,0,730
328745.890924,379272.804982,0,460
328825.471373,380308.834317,0,730
328672.480355,379726.620223,0,730
328946.504082,380096.687644,0,447
328914.335217,379617.010324,0,635
328826.135761,379790.797558,0,672
328911.618813,379502.976836,0,730
328755.104249,379690.17148,0,730
328823.984928,380270.540483,0,390
328825.186907,379364.218672,0,549
328731.65418,379351.377893,0,730
328787.747611,379680.968932,0,730
328914.854126,379588.697561,0,730
328867.445405,380271.694267,0,730
328724.713591,379680.161626,0,730
328703.378631,379407.688812,0,457
328718.869085,379352.594472,0,730
328695.055805,379324.841675,0,730
328847.161016,379452.059482,0,730
328710.231649,379797.563529,0,730
328978.916256,380008.426308,0,730
328901.183897,379781.469727,0,730
328779.494842,379817.969704,0,674
328921.389882,379524.233384,0,730
328786.515621,379282.751742,0,330
329065.987578,379984.18863,0,543
328780.776176,380050.505392,0,252
328745.072173,380077.070481,0,95
328762.684294,379714.676659,0,406
328759.419479,379254.621149,0,730
328697.36939,379502.210816,0,703
328753.063972,379888.035616,0,730
328696.318389,380187.619902,0,530
328760.843363,379844.827204,0,268
328690.89177,379498.49465,0,458
328737.420201,379929.894859,0,678
328789.707616,379416.430144,0,730
328905.341331,379556.70967,0,730
329047.66873,380091.346786,0,730
328679.142763,379691.70257,0,730
328719.877757,379507.980752,0,240
328988.23925,379862.79338,0,573
328703.581707,380027.118629,0,102
328860.42953,379772.315171,0,730
328700.738288,380073.098419,0,730
328876.038552,379376.49706,0,514
328930.748109,379850.529073,0,86
328943.76884,379735.13919,0,730
328879.26149,379944.819721,0,730
328834.071655,380067.142787,0,730
328742.225671,379325.647317,0,730
328901.992728,379632.946076,0,730
329027.233592,379992.691478,0,730
328909.048639,379869.846975,0,628
328814.174695,380019.307822,0,395
328736.43383,379601.988584,0,730
329010.016855,379853.454951,0,547
328845.168406,379730.219741,0,730
329024.16815,379966.453117,0,730
328835.405934,379937.944374,0,730
328796.968763,380118.304699,0,730
328946.66825,379734.217803,0,730
328849.873777,379223.427168,0,730
328951.02506,380070.636308,0,730
328986.384821,379924.060117,0,193
328729.438946,380401.030023,0,730
328700.66542,379676.127329,0,730
328774.745926,380044.343929,0,352
328868.677649,379724.272512,0,730
328711.176696,379838.371839,0,730
328739.314848,379475.313399,0,389
328820.496221,379958.542435,0,58
328942.448481,380073.076975,0,730
328772.319132,380221.712312,0,730
328995.976405,379795.123823,0,295
328674.691077,379808.909481,0,455
328848.389843,379880.138611,0,497
328844.066988,379353.690372,0,54
328882.426586,380056.416797,0,711
328750.638814,379923.707176,0,581
328850.492854,380090.653679,0,730
328874.550325,379435.329626,0,377
328706.89992,379614.414416,0,730
328806.788889,379430.084192,0,532
328792.253846,379456.627185,0,57
328799.280585,379667.946438,0,408
328998.363835,379949.622417,0,730
328712.609679,380209.685259,0,730
328762.06981,379408.325199,0,730
328918.872036,379669.209248,0,730
328793.472595,379583.407692,0,282
328830.881235,379833.138828,0,473
328946.817691,380094.380125,0,730
328903.942595,380015.942669,0,422
328911.989893,379770.692572,0,557
328777.283784,380080.207272,0,730
328823.842585,380004.806243,0,730
328690.29462,379642.85605,0,730
328915.28208,379489.302163,0,730
329008.996389,380051.439191,0,730
328784.39325,379822.312221,0,63
328773.104148,379222.829733,0,730
328850.819749,379657.558363,0,730
328902.724927,380188.155641,0,218
328714.831481,379968.731051,0,110
328909.736025,379442.466486,0,730
328946.21197,379553.068498,0,730
328737.255885,379494.104348,0,730
328750.858166,379432.867301,0,730
328770.861389,379514.289366,0,730
328764.630424,379818.056962,0,730
328713.743347,379507.448914,0,589
328775.793534,379584.534519,0,730
328709.791611,380196.333046,0,593
328819.34863,379283.169682,0,419
328866.711507,379950.714931,0,533
328759.513925,380153.15923,0,730
328767.367037,380069.89381,0,730
328914.747816,379395.905928,0,730
328723.379147,379880.283532,0,730
328864.199322,379676.208983,0,37
328710.788505,380189.97519,0,449
328712.376328,379866.166486,0,730
328848.921455,379783.350442,0,730
328925.619945,379986.66801,0,730
328695.662437,379775.366128,0,719
328810.338112,380245.357314,0,488
328884.37522,379865.574891,0,215
328693.125898,380056.878611,0,730
328849.481563,379695.8118,0,625
328981.925963,379931.590324,0,730
328963.872767,380069.340287,0,245
328853.260008,379933.666749,0,493
328991.935309,379652.415349,0,730
328818.579998,379334.147895,0,730
328738.832278,379939.092121,0,730
328708.582469,380125.685699,0,730
328952.542584,379629.940135,0,730
328982.687219,380129.453208,0,730
328943.673161,379767.300286,0,336
328729.953627,379388.728427,0,171
328792.494252,380296.043758,0,730
328874.40022,379336.886262,0,607
328989.5865,380017.569485,0,617
328853.364458,379983.862902,0,730
328739.864469,379846.962661,0,49
328750.325562,379277.91733,0,512
328801.781372,379954.844508,0,730
328735.577033,379844.678085,0,697
328884.527424,379999.674313,0,730
328730.900521,379378.218109,0,730
328982.108245,380012.606448,0,730
328723.453755,379814.439726,0,730
328733.939098,380139.943997,0,730
328713.772198,380358.915105,0,652
328828.16122,379198.47148,0,730
328990.399532,380036.849142,0,614
328790.89731,380071.512596,0,122
329026.354608,379879.197519,0,463
329034.961581,380030.230964,0,56
328892.665204,379777.834017,0,437
328811.432723,379310.796201,0,598
328781.158389,380109.433739,0,730
328753.110262,379608.268711,0,172
328743.110757,379602.656783,0,730
328767.398523,380034.873247,0,730
328953.172767,379761.19103,0,333
328814.386494,379275.357968,0,301
328808.75307,379818.528059,0,321
328852.772015,379551.464963,0,730
328677.853511,379843.203479,0,266
328696.914068,380018.923932,0,730
328850.295276,379819.604343,0,730
328750.200892,380183.660879,0,730
328816.354246,379963.891524,0,730
328678.205863,379840.120596,0,412
328853.447136,380089.883919,0,646
328965.466822,379911.908637,0,730
328775.747349,380227.749481,0,110
328993.845666,380140.98032,0,69
328732.975087,379932.451,0,730
328706.777055,379399.056183,0,730
328688.863304,379457.470154,0,491
328776.984035,379871.035848,0,660
328837.428328,379438.409742,0,730
328877.814315,380169.36084,0,309
328654.291126,379414.064484,0,730
328819.559046,379802.297353,0,598
328831.22193,380140.514868,0,730
328858.745155,379994.181998,0,709
328820.437191,379298.202699,0,81
328858.170027,380155.329982,0,498
328823.543089,379703.465286,0,371
328796.283086,379385.37679,0,730
328743.902393,379784.150811,0,730
328706.843447,379897.114603,0,42
328695.592601,380236.632774,0,480
328944.284778,379822.933264,0,730
328780.641078,379493.973177,0,647
329031.677595,379931.917871,0,730
328940.35423,379959.54024,0,730
328838.704685,379317.564294,0,730
328772.182924,379693.565741,0,730
328710.163713,379324.40234,0,730
328798.469168,379189.06752,0,730
328969.725415,379986.680872,0,730
328821.982659,379678.353998,0,730
328910.098071,380012.201653,0,353
328958.671904,379738.782375,0,730
328954.944763,379809.095999,0,469
328693.990075,379332.615867,0,730
328998.535396,380152.026327,0,709
328998.449228,380036.711188,0,730
328934.220574,380069.114702,0,511
328753.876211,380272.780545,0,730
328700.010076,379845.837457,0,730
328713.547516,379437.675736,0,730
328980.889132,379933.23672,0,730
328711.143627,380262.353835,0,217
328771.389648,379225.259472,0,730
329006.959146,380095.333604,0,693
328893.22962,379673.641693,0,409
328762.035529,379732.833974,0,730
328717.395772,379982.350871,0,730
329044.27113,380033.055751,0,730
328967.916471,380163.914429,0,108
329018.999069,379949.082944,0,730
328910.709439,380200.003145,0,730
328859.723378,379252.367401,0,730
328729.566825,379747.110198,0,1
328885.233273,379834.216231,0,730
328724.960943,379941.108807,0,97
329040.928208,379975.974269,0,682
328851.375174,379983.963011,0,393
328827.435293,379607.365566,0,730
328960.815635,379583.557427,0,529
328803.0843,379922.099879,0,730
328685.174629,379877.070192,0,730
328677.88386,379585.59717,0,730
328974.800198,379982.561385,0,730
329032.652592,380092.880053,0,684
328967.050552,379627.187884,0,728
328671.848825,379485.673675,0,730
328713.910707,379919.659203,0,730
328791.330408,379423.76983,0,730
329062.55369,379970.679665,0,730
328895.384423,379818.48622,0,52
328830.893529,380046.715215,0,730
328862.686874,380222.966995,0,730
328838.410112,379455.512127,0,542
328877.75187,379640.329056,0,636
328901.145907,379367.939808,0,730
328743.147471,379540.432248,0,621
328903.012637,379792.424334,0,609
329011.162789,379908.130164,0,730
328765.465951,379744.359863,0,730
328929.609376,379723.923949,0,513
328959.937482,379605.010099,0,730
328897.605977,379989.61192,0,8
328949.636347,379992.01622,0,730
328735.483506,379836.177382,0,730
328877.995589,380259.190261,0,435
328688.608855,380096.353984,0,730
328895.578096,379519.881993,0,730
328662.821859,379417.731571,0,695
329025.35614,379929.278773,0,730
328966.071472,379764.954137,0,730
328978.48278,379831.982638,0,516
329052.231613,379877.054774,0,67
329042.350201,379838.26469,0,730
328834.721519,380250.35506,0,583
328809.587866,379609.246423,0,730
328776.35912,380167.205222,0,730
328904.986938,380100.67167,0,78
328689.168023,379841.104971,0,638
328923.881842,379651.019381,0,730
328699.436607,379412.358207,0,730
328775.514127,380035.399902,0,730
328773.4039,379362.095234,0,730
328867.492166,379870.256872,0,730
328824.292915,379877.317067,0,563
328835.891021,380188.69564,0,730
328837.129431,380094.898309,0,730
328730.172601,379834.580238,0,730
328878.705342,380157.015104,0,730
328811.146324,379941.396644,0,730
328793.93679,380320.550169,0,144
328922.53802,379873.086122,0,730
329082.153932,380060.096755,0,539
328899.338017,379438.811756,0,725
329097.982249,380032.248345,0,730
328872.890238,379766.696957,0,730
328898.330238,379698.341938,0,556
328703.882819,379526.754768,0,315
328729.553183,380295.403537,0,730
328807.315522,379949.160235,0,87
328969.0694,379989.531475,0,434
328865.967246,379471.476627,0,373
328753.444593,379597.626833,0,730
328810.768276,379267.001122,0,730
328897.044853,379753.77757,0,59
328992.430874,380105.177082,0,730
328747.149481,379748.557981,0,288
328885.655956,379945.624073,0,221
328778.099211,379834.810844,0,730
328837.294795,379745.748706,0,452
328664.697025,379583.581245,0,143
328849.172711,380196.461885,0,730
328845.525488,379898.976463,0,730
328808.663827,379978.74866,0,730
328859.038885,379331.049907,0,730
328848.875735,379833.713036,0,730
328730.818769,379373.130194,0,730
328760.201805,380244.68819,0,730
329036.018824,379958.955742,0,196
328947.182476,380075.208352,0,613
328841.112833,379592.537278,0,730
328889.277405,380246.994555,0,90
328814.239633,379651.948531,0,730
328917.434,379695.31756,0,730
328950.510341,379991.471453,0,610
328848.728437,379778.517545,0,730
328954.508968,379816.389538,0,730
328690.730636,379484.762923,0,730
328741.425935,380272.654059,0,730
328906.278778,379816.108083,0,730
328738.834949,379565.483328,0,730
328976.685429,379889.925444,0,730
328963.203453,379753.906994,0,395
328753.523979,379333.061401,0,730
328891.427492,379734.769879,0,730
328676.944687,379855.429285,0,730
328930.778656,379886.774159,0,730
328727.389882,379889.870502,0,730
328717.187135,379545.979935,0,730
328763.919413,379437.023221,0,730
328774.801749,379821.730455,0,730
328777.329193,379740.442734,0,730
328689.910098,379681.503561,0,691
328756.639349,379820.732661,0,730
328780.716549,380036.909436,0,714
328933.580119,379864.998515,0,730
328697.173522,379653.546023,0,375
328898.321136,379803.602134,0,730
329016.165424,380095.898932,0,730
328864.882775,379746.375967,0,224
328808.760269,379838.879143,0,25
328997.403184,379946.161332,0,730
328713.00209,380105.114059,0,730
329009.667867,380080.093979,0,730
328664.244669,379492.538556,0,730
328921.162338,380108.334208,0,730
328905.627344,379942.298704,0,262
328809.304281,379374.927445,0,534
328713.162267,380227.609057,0,730
328761.801129,379288.868704,0,730
328780.671527,380342.943932,0,730
328886.176514,380226.768866,0,730
329032.588529,379824.894886,0,594
328718.873949,379690.581389,0,600
328762.190045,379510.94028,0,730
328813.707113,380129.792924,0,730
328776.61571,380333.232652,0,730
328854.561625,379300.370219,0,558
328888.97261,379602.589306,0,661
328896.606534,379637.829327,0,730
328703.255155,379545.007416,0,730
328807.093796,379918.97635,0,730
328659.656702,379392.772239,0,730
328895.440308,380176.690584,0,174
328745.79477,380187.804692,0,730
329024.481695,380056.864886,0,730
328824.657611,379579.749613,0,726
328791.468108,379658.612515,0,730
328712.254724,380343.958665,0,128
328686.930316,379746.274269,0,389
328906.309636,379899.209062,0,723
328828.567873,379753.721946,0,231
328714.940805,380404.862739,0,730
329093.555602,379977.315428,0,730
328700.300405,379821.649597,0,730
328882.132999,379801.047216,0,730
328728.848797,379978.583312,0,730
328761.078977,379835.148906,0,562
328831.146701,379288.29671,0,730
328950.089852,379628.073006,0,405
328861.837739,379374.316625,0,730
328730.086047,379274.54057,0,730
328727.521109,380027.938288,0,730
328906.503951,380138.792406,0,730
328774.601145,379436.912971,0,730
329041.608881,379927.414289,0,730
328949.438195,379885.400534,0,730
328842.641642,379261.457482,0,401
329030.345035,380069.386333,0,730
328905.419467,379879.645263,0,730
328892.792507,379650.013796,0,730
328762.694971,379703.740823,0,649
328770.629436,379621.902676,0,169
328805.105615,380229.282858,0,730
328974.18069,380100.623231,0,730
328795.800103,380310.650157,0,730
328908.128651,380127.078813,0,202
328951.071567,379782.892384,0,556
328984.848873,379961.295254,0,730
328818.982698,379704.785082,0,730
329078.300592,379937.399158,0,730
328806.102677,379663.005814,0,124
328689.256137,379969.942961,0,723
328786.401232,379515.952705,0,730
328778.074815,379362.776153,0,730
328857.360698,379250.600274,0,252
328704.487377,379627.666702,0,704
329018.463463,379949.306501,0,730
328800.065324,380135.528434,0,333
329026.983351,379906.484171,0,342
328722.287334,379769.316828,0,603
328954.176247,380160.182667,0,730
328902.347222,379889.374595,0,730
328730.01559,379727.817361,0,730
328953.289252,379620.779571,0,730
328913.088154,379406.812518,0,633
328898.85736,379811.115572,0,86
328935.817394,379549.517035,0,730
328819.713157,379879.000915,0,730
328840.007116,379879.507671,0,730
328855.096067,379353.946525,0,670
329011.503012,379748.644603,0,730
328685.542797,379911.759313,0,317
328748.575795,380326.778072,0,730
328947.356995,379585.836583,0,730
328754.553152,380051.9738,0,75
329069.314174,379931.473069,0,730
328811.292031,379445.274352,0,730
328932.86055,380154.783312,0,730
328887.460445,380049.561011,0,730
329003.89592,379982.812492,0,730
328725.888454,379314.343796,0,730
328809.748551,379838.829805,0,418
328937.341477,379835.598172,0,346
329078.120662,380031.261812,0,730
328867.521443,380217.397078,0,730
328795.212656,380321.647469,0,730
328925.606338,379557.644948,0,482
328672.843273,379501.256514,0,730
328780.712186,379214.400362,0,730
328812.285696,380203.306712,0,44
328970.495697,379780.865661,0,730
328744.72215,379427.631774,0,40
328762.412362,380283.327429,0,29
328860.029036,379840.527867,0,730
328933.4951,379665.759315,0,730
328946.271677,379907.510159,0,515
328929.486829,379597.71312,0,730
328832.829858,379871.413145,0,631
328952.944163,380043.529973,0,730
328668.54503,379600.723378,0,730
328820.220662,380175.418784,0,730
328910.035619,380002.64586,0,629
329044.052806,379856.3071,0,730
328694.937816,379842.792554,0,151
328685.916089,379738.279563,0,201
328891.102696,379612.674823,0,189
328804.12222,379959.31234,0,40
328879.064433,379624.029064,0,38
328927.986022,379774.423624,0,730
328734.518128,379758.490105,0,677
328820.809825,379642.061858,0,65
328957.709697,380174.59196,0,730
328737.95407,379668.30355,0,301
328880.972267,379677.763134,0,62
328933.58922,379595.329823,0,730
328968.579569,380092.885582,0,730
328840.377717,379925.47812,0,730
329031.285294,379997.129728,0,689
328810.500971,379628.279588,0,730
328857.340753,380082.607997,0,730
328960.566801,380116.692745,0,589
328700.608097,379596.410343,0,448
328746.82841,380100.205708,0,730
328792.170667,380077.64754,0,470
328652.721058,379400.860294,0,730
328682.114816,379760.754658,0,514
328915.363571,379649.494544,0,718
328890.086879,379417.996528,0,558
328810.759237,379894.846932,0,316
