329803.405657,384912.126324,0,730
329898.603828,384566.128803,0,730
329900.436203,384714.583472,0,730
330029.549421,384558.529447,0,730
330016.943061,384926.52067,0,730
329901.905485,384998.521878,0,730
329930.700719,384862.947162,0,730
329937.503882,384564.911661,0,730
329865.197996,384440.640888,0,730
329748.056267,384605.199171,0,730
329978.995689,384876.091723,0,730
329898.05025,384761.637237,0,730
329854.539474,384690.7939,0,730
329911.287032,384688.529917,0,730
329689.041303,384601.934541,0,730
329912.581082,384761.990242,0,730
329787.331629,384798.060369,0,730
330052.3062,384992.031539,0,730
329985.987555,384944.046263,0,730
329961.215007,384934.830919,0,730
330048.342814,384847.64426,0,730
329867.006569,384373.197675,0,730
329801.266894,384662.66268,0,730
329890.659828,385056.450853,0,730
329843.227213,384852.564984,0,730
329949.880402,385042.714709,0,730
329864.707909,384605.552755,0,730
329989.418099,384486.571923,0,730
329977.303337,384879.421086,0,730
329956.286584,384500.891744,0,730
329957.863171,384713.422621,0,730
329988.656384,384725.249125,0,730
330018.720768,385014.047312,0,730
330013.212919,385051.432098,0,730
330140.544116,384978.510429,0,730
329646.431959,384547.061834,0,730
329902.597596,384814.855214,0,730
329741.300841,384609.051333,0,730
329787.266555,384880.784329,0,730
329786.494029,384868.926748,0,730
329902.285198,384416.878483,0,730
329886.389025,384898.621449,0,730
329652.984633,384608.495552,0,730
329963.23872,384895.065204,0,730
329947.683542,384583.291357,0,730
329792.641605,384760.900582,0,730
329999.680503,384878.041593,0,730
329914.459973,385023.777231,0,730
329762.149223,384406.106831,0,730
329849.746359,384649.955258,0,730
329735.084746,384555.610381,0,730
329988.929521,384901.726369,0,730
330037.513558,384518.528214,0,730
329690.119286,384483.289161,0,730
329903.683201,384911.258284,0,730
330015.120915,384922.104805,0,730
329806.883927,384894.482119,0,730
330044.718248,384909.32791,0,730
329990.165538,384567.410709,0,730
329878.523917,384429.697169,0,730
329949.583165,384646.273311,0,730
329908.041122,384773.225099,0,730
329997.567895,384806.804167,0,730
329633.477763,384572.801154,0,730
330030.934705,384728.263839,0,730
329801.880435,384579.456552,0,730
329906.906467,384347.182902,0,730
329700.449679,384661.993206,0,730
329996.369895,384730.573139,0,730
329932.208785,384737.694293,0,730
329745.005524,384601.865012,0,730
329947.574851,384966.318083,0,730
329760.294711,384471.626398,0,730
329860.250284,385056.534958,0,730
330007.547079,384907.756062,0,730
329862.228012,384439.983501,0,730
330000.654866,384800.916751,0,730
329908.40781,384761.822354,0,730
329955.647381,384683.262529,0,730
329916.378103,384889.099463,0,730
329900.18219,384982.240171,0,730
329875.615281,385081.655359,0,730
329911.398606,384808.181478,0,730
329808.504968,384958.376605,0,730
329717.66773,384487.09026,0,730
329947.491013,384818.054394,0,730
329852.092526,385105.047631,0,730
329786.168706,384859.858769,0,730
330044.477216,384882.401028,0,730
329914.769034,384441.555069,0,730
329919.401456,385036.554509,0,730
329660.367409,384546.84236,0,730
329721.601184,384406.653509,0,730
329743.729119,384647.754777,0,730
329861.284145,384538.006626,0,730
329851.322714,385013.063772,0,730
329968.261015,384540.342882,0,730
329908.87141,384340.396867,0,730
329946.471787,384884.034957,0,730
330003.028792,384671.163201,0,730
329926.854299,385070.116654,0,730
330005.767496,384706.573203,0,730
329999.057351,385041.209627,0,730
329933.310174,384779.904606,0,730
329870.306903,384708.88749,0,730
329807.42047,385080.662029,0,730
329941.670803,384682.57898,0,730
329932.748219,384820.45856,0,730
329728.001861,384640.854633,0,730
329889.837543,384871.147523,0,730
329962.339185,385025.830255,0,730
329997.922957,384419.438558,0,730
330040.195334,384523.26427,0,730
330022.628354,384467.972705,0,730
329672.545837,384580.698247,0,730
329729.20422,384451.301357,0,730
329678.98177,384522.02238,0,730
329738.703942,384465.96241,0,730
329713.533433,384660.397355,0,730
329852.99233,385032.524733,0,730
329732.741602,384621.009755,0,730
329780.441802,384664.180167,0,730
329889.82091,384900.980782,0,730
329913.495948,384508.397731,0,730
329982.16653,384583.814634,0,730
330097.647088,385021.709069,0,730
330081.742006,384934.009573,0,730
329798.615894,384579.837627,0,730
329838.438654,384558.549097,0,730
329735.838717,384459.680663,0,730
329801.18963,384552.08493,0,730
329777.842574,384580.572447,0,730
329921.911623,384831.643026,0,730
329988.461211,384689.192764,0,730
329826.2942,384967.587114,0,730
329976.501353,384791.65316,0,730
329867.626399,385076.066436,0,730
329956.425471,384665.557036,0,730
329883.93898,384503.543451,0,730
329811.586721,384685.722063,0,730
329927.900444,384924.868202,0,730
329977.927659,384968.284959,0,730
329802.683917,384540.11288,0,730
330033.558678,384848.598967,0,730
329673.786754,384435.342234,0,730
329944.615702,384854.354507,0,730
329973.637472,384753.37202,0,730
329976.363079,384483.060876,0,730
329934.242076,384638.851992,0,730
329843.251073,384551.953068,0,730
329859.488285,384705.997884,0,730
329959.099225,384460.131633,0,730
329945.441843,384391.92659,0,730
329726.842644,384543.187477,0,730
329886.958794,384837.106827,0,730
329737.935045,384666.373188,0,730
330046.573493,384460.833807,0,730
330058.721891,384986.600964,0,730
329850.021961,384922.249932,0,730
330092.696311,384976.186102,0,730
330044.211318,384747.169422,0,730
330022.899245,384499.010495,0,730
329846.728116,384896.975384,0,730
329696.302167,384446.874108,0,730
329852.379865,384955.094139,0,730
329918.567264,384351.164867,0,730
329922.1606,384942.630935,0,730
329908.56732,384425.214493,0,730
329703.858308,384637.393502,0,730
329795.184025,384813.812604,0,730
329873.447085,384867.572335,0,730
330023.845819,385021.193579,0,730
330038.833882,385046.289485,0,730
329884.731525,385023.599015,0,730
329934.629578,385068.205043,0,730
329754.568759,384706.041093,0,730
329672.885583,384589.801449,0,730
330026.35325,384858.720261,0,730
330010.843788,384863.537566,0,730
329767.475387,384710.143516,0,730
329768.870757,384573.978079,0,730
329914.931151,384646.525118,0,730
329688.623907,384486.039175,0,730
330025.568887,384636.944256,0,730
330053.708878,384935.408692,0,730
329781.063632,384710.357265,0,730
330025.189428,385018.340264,0,730
329971.556569,384522.521989,0,730
329790.895703,384706.053834,0,730
330063.345326,384917.695078,0,730
329866.160161,384527.292573,0,730
329969.498478,384909.394309,0,730
329894.625961,384500.607678,0,730
329905.018932,385018.088135,0,730
330108.014242,384943.21715,0,730
329837.759595,384381.088361,0,730
329984.335156,384740.713275,0,730
329956.023861,384616.540614,0,730
329727.565615,384504.704699,0,730
330002.51867,384420.835693,0,730
329899.522782,384521.407288,0,730
329896.390913,384511.393245,0,730
329886.306107,384753.85496,0,730
329926.305993,384571.33883,0,730
330009.175367,384459.477451,0,730
329880.137806,384922.077062,0,730
329857.615945,384396.121787,0,730
330001.404699,384864.890603,0,730
329930.04636,384460.262929,0,730
329882.385903,384756.178173,0,730
329731.890018,384428.676971,0,730
329884.394894,384909.942042,0,730
329684.475358,384471.728198,0,730
329909.577702,384751.873633,0,730
330007.897232,384744.361582,0,730
329939.265711,384519.974564,0,730
330099.167034,384992.599726,0,730
329710.89938,384546.712474,0,730
329868.567902,384759.205795,0,730
329754.961396,384743.407955,0,730
329716.60262,384566.409101,0,730
329760.562898,384797.908504,0,730
329891.697026,385088.432171,0,730
329986.298151,384819.463733,0,730
330002.384414,384652.582146,0,730
329914.231718,385075.689201,0,730
329986.212707,385046.740231,0,730
329889.399895,384890.60272,0,730
329961.805586,384728.92843,0,730
329802.34494,384978.297549,0,730
329919.565239,384843.178748,0,730
329811.629617,384427.113597,0,730
329899.97015,384577.488591,0,730
330009.866089,384696.617005,0,730
329873.767202,384586.507859,0,730
329883.365384,384604.713608,0,730
329930.221856,385058.866715,0,730
329901.151903,384401.802817,0,730
329637.204136,384574.550448,0,730
329916.218895,384654.375869,0,730
329954.464439,384812.272192,0,730
330043.947433,384916.716629,0,730
329906.633573,384597.260288,0,730
329868.812476,384635.520878,0,730
329675.537898,384463.413188,0,730
329829.573228,384826.836605,0,730
329979.478524,384487.801032,0,730
329697.41499,384464.021321,0,730
330097.003394,384970.210762,0,730
330089.638567,384893.630182,0,730
329772.094058,384738.400109,0,730
329788.85507,384965.133826,0,730
329796.316227,384869.586291,0,730
329811.048489,384884.545191,0,730
329920.950364,384593.979479,0,730
330011.192565,384855.72775,0,730
330055.948095,384772.185388,0,730
329949.602094,384481.908568,0,730
329699.69143,384608.814273,0,730
329723.367862,384723.70201,0,730
329916.190659,384998.794945,0,730
329905.892883,384852.360335,0,730
330020.719453,384965.944027,0,730
329999.929722,384422.840356,0,730
329967.36846,384658.335086,0,730
329903.642478,385081.233034,0,730
329897.459258,384803.573463,0,730
329825.827743,385020.857596,0,730
329745.56472,384409.338295,0,730
329786.671974,384497.206778,0,730
329970.058502,384671.866678,0,730
329890.105248,385015.414059,0,730
330114.216047,384904.625184,0,730
329846.099123,384924.917394,0,730
329945.720459,384700.919415,0,730
329770.606689,384477.939497,0,730
329828.174174,384522.199098,0,730
329763.882823,384685.271188,0,730
330050.551845,384522.083626,0,730
329960.667428,384971.054864,0,730
330111.025418,384908.945783,0,730
329986.134254,384643.248565,0,730
329696.57872,384603.420842,0,730
329942.244809,384884.123981,0,730
329884.124889,384954.134168,0,730
329872.76607,384852.670129,0,730
329627.617777,384545.409224,0,730
330058.851647,384824.762576,0,730
329989.419188,384407.58751,0,730
329825.442753,385042.136112,0,730
329898.163451,384487.516203,0,730
329876.957102,384610.257318,0,730
329996.491913,384867.104123,0,730
329742.66731,384431.200092,0,730
329841.097483,384445.873788,0,730
329951.439492,384557.676028,0,730
329933.291192,384904.967017,0,730
329785.543288,384622.60857,0,730
329982.167111,384976.294005,0,730
330056.792274,384749.363416,0,730
329722.814901,384535.029909,0,730
329828.140694,385019.821157,0,730
329785.069468,384514.942924,0,730
329797.116811,384795.108856,0,730
329690.829863,384610.2426,0,730
330006.033185,384902.590003,0,730
329727.830245,384477.750213,0,730
329980.622038,384441.151194,0,730
329816.55561,384632.088875,0,730
329925.995015,384642.386687,0,730
329723.35994,384725.958124,0,730
329932.864459,384920.251232,0,730
329838.334438,384850.488043,0,730
329780.337352,384514.48523,0,730
329810.072713,384681.352154,0,730
329684.843662,384542.757972,0,730
329691.597132,384538.713286,0,730
329906.441094,384431.69606,0,730
330014.431156,384847.437346,0,730
329875.810807,384804.374158,0,730
329711.765706,384527.528397,0,730
329872.794225,384856.420361,0,730
329985.219742,384953.557807,0,730
329641.411412,384469.475032,0,730
329958.906995,384408.151908,0,730
329961.021297,384500.489522,0,730
329954.691428,384482.176975,0,730
329909.155759,384333.67919,0,730
329811.629986,384878.20887,0,730
329985.05109,384734.783873,0,730
329839.802834,384944.184041,0,730
330034.046248,384875.935175,0,730
330055.59191,384487.686101,0,730
329986.72762,384958.008738,0,730
330055.614426,384973.406915,0,730
329769.559923,384574.365313,0,730
330020.821761,384975.971136,0,730
329872.853895,384393.963618,0,730
329948.092269,384814.984076,0,730
329979.96439,384472.974528,0,730
330081.919582,384922.615612,0,730
330050.406881,385005.052089,0,730
329869.22476,385100.764131,0,730
329654.702696,384499.424485,0,730
329804.624152,384739.055276,0,730
329935.454627,384479.623745,0,730
329746.00965,384788.001203,0,730
329945.279585,384630.617603,0,730
329993.677507,384530.836353,0,730
330025.671474,384613.120577,0,730
330024.057539,384443.448454,0,730
329941.923692,385052.132396,0,730
329730.010031,384615.332038,0,730
329848.950619,384641.301561,0,730
329862.373978,384820.536681,0,730
329763.034777,384831.137263,0,730
329771.793061,384684.771614,0,730
329991.319965,385036.845064,0,730
329988.172755,384502.91186,0,730
329808.476608,384507.666467,0,730
330046.366819,384526.579528,0,730
329688.133991,384555.611506,0,730
329802.860152,384891.394009,0,730
329996.587073,384668.554429,0,730
329656.342626,384545.372379,0,730
329854.633678,384410.349143,0,730
330034.399695,384834.532695,0,730
329706.35984,384429.768306,0,730
329732.062521,384705.060022,0,730
329916.34353,384587.079977,0,730
330046.701556,384807.616279,0,730
329750.962165,384736.10084,0,730
329682.845037,384529.082136,0,730
329786.183175,384747.247481,0,730
330006.336779,384621.653893,0,730
330006.20001,384645.222394,0,730
330016.960317,384418.23514,0,730
330100.275381,384876.199541,0,730
329959.349394,384960.433699,0,730
330095.511686,385003.920207,0,730
329939.423446,384662.833946,0,730
329729.222465,384401.800265,0,730
329899.160945,384734.568476,0,730
329936.828357,384717.295279,0,730
330039.699764,384897.506131,0,730
329662.089641,384616.445065,0,730
329942.292271,384969.833178,0,730
330067.73459,384814.1745,0,730
330052.509503,385011.332462,0,730
330051.795248,384797.192861,0,730
329808.423147,384385.404273,0,730
330022.863542,384519.224787,0,730
329816.727611,384621.933035,0,730
330019.938905,385037.646157,0,730
329771.204405,384533.174016,0,730
329806.151282,384634.643551,0,730
329899.258243,384359.95964,0,730
329714.055669,384633.665673,0,730
329698.415491,384673.386729,0,730
329920.075251,384371.362486,0,730
329955.847105,384508.133886,0,730
329733.733832,384736.686349,0,730
329878.412568,384505.687598,0,730
329854.837138,384561.955555,0,730
329822.493389,384698.84325,0,730
329889.549591,384649.297869,0,730
330025.85745,384928.477912,0,730
329807.758811,384444.122077,0,730
330072.906184,384896.896284,0,730
329801.273374,384991.436085,0,730
329816.631196,384806.74928,0,730
329945.181096,384963.974272,0,730
329783.606717,384720.370953,0,730
330075.859066,384901.329118,0,730
329907.108331,385011.429903,0,730
329750.075105,384585.081964,0,730
329982.279441,384617.379753,0,730
329853.561014,384755.372473,0,730
329909.527397,384597.37092,0,730
329908.969223,384618.168137,0,730
329922.213892,384565.427247,0,730
329876.621084,384959.169879,0,730
330027.01173,384810.021912,0,730
329877.324413,384413.948262,0,730
329957.57653,384963.392502,0,730
329956.814478,384390.081292,0,730
329925.397773,384643.708508,0,730
330027.09211,384778.299675,0,730
330029.36093,384765.85024,0,730
329911.732517,385029.615282,0,730
329913.761782,384355.55848,0,730
329934.584166,384452.523378,0,730
330003.868494,384535.004243,0,730
329954.330149,384935.340333,0,730
329935.981917,385079.835076,0,730
329916.001881,385015.069624,0,730
329999.488287,384966.17543,0,730
329713.825953,384552.895484,0,730
330014.227572,384618.339464,0,730
329957.577153,384551.474654,0,730
329820.98312,384722.394764,0,730
329798.295507,384446.698643,0,730
329849.197697,384496.956416,0,730
329920.43579,385032.695155,0,730
329862.551461,384386.387519,0,730
329920.613324,384655.409537,0,730
330069.840324,384989.318383,0,730
329885.403344,384971.287067,0,730
329953.537584,384622.000633,0,730
330038.104703,384566.489092,0,730
329801.26355,384467.255579,0,730
329826.246266,384692.329107,0,730
329663.285211,384593.240811,0,730
329982.902076,384617.157354,0,730
329813.656603,384862.233336,0,730
329949.777659,384738.53401,0,730
330093.687845,384906.686733,0,730
329854.237005,384940.849232,0,730
329806.408203,384863.934597,0,730
329870.578208,384744.460479,0,730
329956.715559,384478.369029,0,730
329880.006371,384622.941179,0,730
329968.254695,385057.820005,0,730
329927.234747,384398.048353,0,730
329783.962046,384679.208688,0,730
329976.759633,384950.138953,0,730
329932.412965,384622.294512,0,730
329651.935869,384483.697191,0,730
329904.028868,384602.510161,0,730
329907.056314,384822.865411,0,730
329797.116182,384422.745746,0,730
329826.399381,384676.560547,0,730
329709.366864,384413.095838,0,730
329986.294343,384743.780806,0,730
330042.007898,384852.526354,0,730
329736.648451,384718.3886,0,730
330055.683507,384886.583605,0,730
329799.351549,384842.817628,0,730
329801.416995,384727.21941,0,730
329837.832331,385030.080545,0,730
329943.800447,384411.982116,0,730
329854.505774,384795.193849,0,730
329767.625988,384784.54909,0,730
329975.987987,384497.617679,0,730
329830.552821,384958.017386,0,730
329831.870334,384721.452152,0,730
329881.511393,384497.24646,0,730
330066.534259,384926.331071,0,730
329715.644145,384524.382335,0,730
329913.817799,385033.549827,0,730
330004.981853,384910.801576,0,730
329788.730247,384585.347737,0,730
330094.729858,384987.280735,0,730
329742.833716,384534.410633,0,730
330051.508783,384480.477147,0,730
329798.582113,384651.736103,0,730
329987.208368,384453.517634,0,730
329727.397407,384476.896468,0,730
329726.602204,384691.606579,0,730
330037.092328,384502.694348,0,730
329855.713725,384863.455252,0,730
329741.05536,384395.827776,0,730
330007.854155,384534.113231,0,730
329846.505893,384810.630403,0,730
329893.246133,384498.639281,0,730
330007.923602,384875.518211,0,730
329959.54666,384857.432501,0,730
329754.837086,384630.333042,0,730
329802.872414,384899.884492,0,730
329651.88765,384480.31329,0,730
329865.733465,384796.296255,0,730
329946.505239,384461.428231,0,730
330053.276778,384741.781565,0,730
329887.951934,384507.570933,0,730
329773.750347,384689.701263,0,730
330025.960855,385001.657858,0,730
329913.269367,384930.935375,0,730
330036.740955,384828.669614,0,730
329895.668604,384885.713729,0,730
329689.032681,384695.339517,0,730
329840.120403,385052.065656,0,730
329783.655154,384797.766132,0,730
329888.704125,384871.113509,0,730
329837.656725,384563.678165,0,730
329972.894626,384524.034938,0,730
329702.503915,384705.483481,0,730
330007.793175,384734.695952,0,730
329787.243086,384453.124562,0,730
329998.824249,384808.445442,0,730
329985.557509,384643.868706,0,730
329858.340322,384373.899804,0,730
329690.562933,384529.994417,0,730
329885.322305,384745.690749,0,730
329877.095183,384826.93881,0,730
329708.785626,384673.151651,0,730
330082.124032,384932.572823,0,730
330046.944315,384453.752489,0,730
329845.114689,384541.07088,0,730
329768.816152,384485.068985,0,730
329647.675359,384600.597044,0,730
329836.44545,384845.397947,0,730
329907.253738,384553.062458,0,730
329865.35819,384937.858929,0,730
330013.017426,384487.456385,0,730
330108.362464,384989.049599,0,730
330038.168178,384761.817307,0,730
329883.138266,384732.739961,0,730
329810.383101,384993.83161,0,730
330124.5021,384991.543186,0,730
329894.546051,384467.287852,0,730
329899.925011,384814.564952,0,730
329800.892909,384507.719291,0,730
329662.709475,384603.509385,0,730
329625.122071,384509.913461,0,730
329952.278657,384991.834226,0,730
330026.876101,384604.894774,0,730
329961.696757,384467.799868,0,730
329831.218704,384862.284943,0,730
329808.414765,384576.46699,0,730
329908.376466,384556.557379,0,730
329855.181026,385065.476608,0,730
329976.439072,384990.858124,0,730
329913.9715,384581.43162,0,730
329898.115429,384537.359763,0,730
329795.55556,384720.596922,0,730
330086.047483,385013.050625,0,730
329739.296758,384752.007002,0,730
329812.211318,384658.177078,0,730
330013.8908,384437.230173,0,730
330015.884493,384921.132047,0,730
330020.213857,384737.148516,0,730
329818.012127,384844.402067,0,730
329778.080384,384794.7084,0,730
329887.596876,384384.676003,0,730
329952.430072,384457.421722,0,730
329796.358513,384917.020501,0,730
329636.157545,384515.388674,0,730
329825.59332,385086.472805,0,730
329990.411883,384724.189636,0,730
329658.566082,384589.822816,0,730
329791.46483,384417.193923,0,730
329950.766677,384959.36252,0,730
330058.225461,384871.273535,0,730
329991.485296,385029.325288,0,730
329826.315476,384643.952452,0,730
329958.136321,384891.301613,0,730
329713.198205,384690.519643,0,730
329913.725138,384530.439736,0,730
329929.645727,385008.731425,0,730
329766.233023,384850.088599,0,730
329941.045157,384759.525852,0,730
329739.004655,384513.493777,0,730
329750.337956,384665.131307,0,730
330145.512753,385001.993849,0,730
329759.630106,384470.630356,0,730
329794.153044,384715.574975,0,730
330003.089188,384911.71661,0,730
329741.53353,384615.217418,0,730
329768.217223,384793.750466,0,730
329961.292448,384970.366794,0,730
329863.467533,384855.414379,0,730
329731.735839,384642.399565,0,730
329899.215904,384837.920929,0,730
329957.45207,384778.828448,0,730
330033.248268,384603.392595,0,730
329813.649087,384614.525025,0,730
330035.197634,384440.330774,0,730
329707.193106,384436.13419,0,730
329900.468834,384711.978806,0,730
329956.322874,384792.903771,0,730
330098.302013,384903.789929,0,730
329912.993465,384789.900211,0,730
329666.989686,384496.252215,0,730
329992.642375,384497.979787,0,730
329792.275962,384970.238877,0,730
329950.262271,384451.406196,0,730
329843.017356,384933.250413,0,730
329833.291637,384805.783984,0,730
329839.736119,385041.119764,0,730
329993.943894,384818.975099,0,730
330039.828739,384917.161588,0,730
330036.445276,384539.031449,0,730
329842.24989,384929.483601,0,730
329723.922927,384447.410973,0,730
330002.437273,384881.628445,0,730
329847.890461,384737.110405,0,730
329992.3379,384500.784941,0,730
330041.725721,384500.714645,0,730
329883.163687,384837.206233,0,730
329994.69703,385002.591207,0,730
329749.598248,384443.228941,0,730
329866.918027,384595.917447,0,730
329792.61786,384864.481798,0,730
330035.099476,384901.677521,0,730
330021.909243,385003.36764,0,730
329894.71388,384666.412935,0,730
329903.663571,384550.185257,0,730
329737.898122,384432.259143,0,730
329822.368566,385043.301306,0,730
330006.154792,384647.291656,0,730
329900.987332,384913.699411,0,730
329934.666851,384899.396803,0,730
329924.41096,385059.732835,0,730
329825.88909,384785.931752,0,730
329892.385579,384731.385896,0,730
329836.381177,384417.419671,0,730
330078.004716,384850.278847,0,730
329960.871347,384452.949493,0,730
330064.583917,384842.816936,0,730
329866.064573,384930.520429,0,730
329821.387553,384973.167277,0,730
329827.239304,384539.45541,0,730
329803.752799,384511.415589,0,730
329798.293737,384478.979679,0,730
330078.681224,384911.283057,0,730
329935.087085,385056.913064,0,730
330073.40433,384855.830773,0,730
329916.757995,385047.943152,0,730
329823.13202,385042.939682,0,730
329966.490302,384813.660628,0,730
329877.619214,384845.1481,0,730
329881.266786,384581.319472,0,730
330047.947836,384857.100257,0,730
329931.185884,385061.726243,0,730
330007.162713,384855.761103,0,730
329659.475081,384477.856601,0,730
329902.870467,384415.153561,0,730
329754.370446,384714.548877,0,730
329777.905235,384633.151689,0,730
329966.653021,384495.464286,0,730
330081.063349,384882.351866,0,730
329815.095979,384943.152129,0,730
329952.684147,384777.628809,0,730
329835.530562,384458.367655,0,730
329958.573121,384447.009135,0,730
329821.973306,384884.247203,0,730
329894.38585,384669.790646,0,730
329883.587643,384408.347893,0,730
330037.674291,384877.165361,0,730
330116.789196,384947.098014,0,730
329666.94588,384576.982633,0,730
329852.073553,384377.782317,0,730
329750.280444,384555.874785,0,730
329942.658393,384901.539227,0,730
329996.354959,384571.988085,0,730
329998.419777,384838.234797,0,730
329972.060416,384651.820576,0,730
329806.121786,384883.061595,0,730
330109.104439,384917.403777,0,730
329926.855139,384876.314229,0,730
329672.5561,384551.676582,0,730
329871.648054,384574.229405,0,730
329951.954855,384767.317138,0,730
330063.09797,384981.45419,0,730
330102.927649,384874.389137,0,730
329935.861202,385018.019096,0,730
329925.474988,384712.390282,0,730
329986.121207,384861.108831,0,730
329710.685904,384565.917059,0,730
329856.030561,384986.890801,0,730
329778.516216,384893.850206,0,730
330035.41351,384914.594448,0,730
329802.593617,384927.766255,0,730
329787.57554,384831.707748,0,730
329858.347597,384643.296119,0,730
330056.749411,384514.06001,0,730
329818.704296,384726.70921,0,730
329912.70805,384440.093433,0,730
330001.956877,384729.070952,0,730
329988.983716,384881.245526,0,730
329821.143243,385003.223399,0,730
329894.159719,384840.911903,0,730
330004.353362,384960.078544,0,730
329881.223888,384852.144319,0,730
329900.356051,384438.496917,0,730
329898.29867,384554.805466,0,730
330001.575878,384764.460368,0,730
330025.408116,384736.405532,0,730
329873.974502,384637.386932,0,730
330028.257315,384494.930818,0,730
329887.568078,384549.306237,0,730
329863.515534,385073.084851,0,730
330023.88292,384956.219806,0,730
330058.301076,384980.017053,0,730
329804.079788,384946.323303,0,730
329783.767157,384733.235118,0,730
329692.891328,384523.69384,0,730
329830.073515,384488.440528,0,730
329854.574451,385096.351258,0,730
329981.370921,384974.629544,0,730
329891.110835,384480.860101,0,730
329763.038815,384620.931925,0,730
329888.874919,384838.935356,0,730
329899.935546,384567.071031,0,730
329756.234087,384442.85182,0,730
329622.377775,384494.379719,0,730
329715.734341,384529.367704,0,730
329942.82321,384752.015546,0,730
329845.663708,384852.759605,0,730
330137.816612,384988.452554,0,730
329881.420852,384424.077766,0,730
330000.248842,384964.021299,0,730
329877.805174,384588.28022,0,730
329922.700398,384711.645776,0,730
330093.201233,384945.657129,0,730
329736.663097,384747.493101,0,730
330021.433726,384535.724232,0,730
329952.941632,384863.701622,0,730
330067.265365,384834.756105,0,730
329771.33234,384648.453627,0,730
329891.339153,384361.718825,0,730
329735.399947,384646.668093,0,730
329901.595488,384511.757689,0,730
329945.194624,384836.894068,0,730
329903.34561,384870.374984,0,730
329840.777492,384515.37866,0,730
330061.140255,384773.128665,0,730
329768.471674,384604.558267,0,730
329978.832489,384808.861997,0,730
329881.263823,384842.90606,0,730
329944.644687,385048.570817,0,730
329867.495219,384858.234412,0,730
329679.497024,384479.93623,0,730
330061.170041,384803.140489,0,730
329999.929001,384693.051647,0,730
329841.60637,385045.614558,0,730
329868.380651,384892.393099,0,730
329891.113797,384674.640628,0,730
330064.018581,384912.896158,0,730
330022.227318,384772.753716,0,730
329985.794195,384748.430251,0,730
330001.482288,384960.678336,0,730
329861.792854,384669.186087,0,730
329884.614755,385007.217475,0,730
330005.614178,385060.337342,0,730
330017.793465,384973.559023,0,730
329858.697253,384591.191313,0,730
329716.041533,384515.004256,0,730
330057.690696,384823.901621,0,730
330010.863539,384969.776944,0,730
329889.273162,384601.654396,0,730
329664.948132,384633.598478,0,730
329757.117182,384565.309783,0,730
329975.19389,384879.712873,0,730
329983.120287,384884.351718,0,730
329928.340941,384906.894297,0,730
329940.066615,384563.292751,0,730
330026.846449,384976.602886,0,730
330016.14688,385048.500761,0,730
329684.152365,384443.21424,0,730
329891.08226,384417.765776,0,730
329755.193399,384724.441925,0,730
330036.429112,384697.155378,0,730
329735.471241,384458.316168,0,730
330039.543772,384968.115939,0,730
329749.164899,384592.804015,0,730
329878.297894,384955.661746,0,730
329965.274258,385066.331549,0,730
329831.326646,384660.532956,0,730
329982.442898,384688.531147,0,730
329835.064496,384924.977435,0,730
329747.108441,384398.308421,0,730
329719.979453,384560.395489,0,730
330026.269072,384846.773906,0,730
329963.475535,384644.312406,0,730
329802.290737,384936.463494,0,730
329819.305965,384921.977963,0,730
329931.191811,384793.387563,0,730
329939.837194,384710.241575,0,730
329927.885316,384715.742319,0,730
329634.437629,384480.128882,0,730
329784.20178,384960.261623,0,730
329946.477454,384887.115774,0,730
329840.110276,384636.143975,0,730
329922.448572,385008.332893,0,730
329991.089265,384893.031692,0,730
329971.799134,384755.115343,0,730
329855.504156,384942.195158,0,730
329919.488208,384456.949364,0,730
329784.401405,384686.207166,0,730
329776.710389,384409.484389,0,730
330014.039034,384959.440516,0,730
329683.195676,384442.526064,0,730
329873.470855,384518.787072,0,730
330009.712007,384894.732776,0,730
330025.626249,384893.132454,0,730
329736.141396,384405.347545,0,730
329812.109486,384560.075689,0,730
329825.132357,385060.039226,0,730
329947.931011,384732.177867,0,730
329753.67436,384635.466249,0,730
330121.967682,384970.833856,0,730
330052.37261,384808.743438,0,730
329829.062045,384662.240626,0,730
329966.644857,384597.318855,0,730
329755.824693,384514.401256,0,730
330099.550153,385032.14129,0,730
329891.904192,384566.066576,0,730
329862.750981,384892.49745,0,730
329885.11502,384519.320097,0,730
329982.941048,384738.667128,0,730
329780.216696,384401.412039,0,730
330033.988909,384533.586436,0,730
329984.903274,384883.815979,0,730
329991.768016,384663.252483,0,730
329783.575626,384843.668279,0,730
329916.551545,384436.710952,0,730
329942.369556,384936.534728,0,730
329944.550953,384392.358061,0,730
329951.646184,384908.03236,0,730
329845.790045,384684.584598,0,730
329936.723584,384855.096101,0,730
329668.374756,384568.947608,0,730
329971.334279,384451.182943,0,730
329722.94894,384583.898491,0,730
329952.354545,384619.6737,0,730
330044.22177,384956.050258,0,730
330102.39482,384880.307517,0,730
330076.035461,384958.219761,0,730
329653.489826,384612.279951,0,730
330136.708298,384983.37339,0,730
329841.915989,384802.10339,0,730
329958.235933,384480.052101,0,730
330044.256916,384840.587808,0,730
329935.363768,384827.709697,0,730
329994.789402,384635.411888,0,730
329679.69813,384517.6106,0,730
329970.96687,384761.552581,0,730
329861.056853,384415.545678,0,730
329781.832698,384941.687157,0,730
330009.088915,384612.039721,0,730
329947.783123,384988.9359,0,730
330052.382217,384964.219657,0,730
329724.112838,384447.398052,0,730
329753.788919,384534.056574,0,730
329798.90519,384381.5274,0,730
329983.930778,384673.587265,0,730
329977.269936,384994.445318,0,730
329794.720606,384990.732935,0,730
329896.591148,384543.76068,0,730
329754.229535,384516.578295,0,730
330045.365964,384451.668509,0,730
329816.988859,384635.640693,0,730
329963.609019,384967.671909,0,730
329882.2723,384877.201495,0,730
329690.793245,384674.877008,0,730
329950.842282,384674.501978,0,730
329719.540722,384762.503157,0,730
329766.101305,384688.805655,0,730
330103.531336,384991.474732,0,730
329988.581195,384967.607854,0,730
330134.768272,384959.960115,0,730
329804.309737,384508.669006,0,730
330053.884275,384825.944585,0,730
329815.991853,384831.581748,0,730
329787.885199,385006.768517,0,730
329928.694295,384738.351263,0,730
329702.049243,384566.813269,0,730
329952.170381,384878.509152,0,730
329991.142067,384611.873015,0,730
329845.049001,384740.622159,0,730
329829.688383,384475.537846,0,730
329906.885807,385042.887032,0,730
329682.341768,384649.975472,0,730
330036.571717,384734.246301,0,730
329843.040836,384550.172578,0,730
330077.477355,384889.360704,0,730
330029.59867,384836.000266,0,730
329853.645871,384535.209231,0,730
329791.995098,384936.291239,0,730
329781.233961,384442.12867,0,730
329719.622928,384497.406854,0,730
329814.313528,384530.171091,0,730
329874.53594,384719.305477,0,730
329808.260519,384686.01216,0,730
329940.181794,384769.490065,0,730
330025.366877,385046.335671,0,730
329815.531852,384737.265652,0,730
329945.510575,384769.025283,0,730
329882.829959,385058.30497,0,730
329935.044126,384498.999757,0,730
329894.901216,384372.132896,0,730
329853.97342,384380.215029,0,730
329887.646206,384920.968974,0,730
329829.486082,384933.912601,0,730
329967.576505,384669.576752,0,730
329862.338428,384576.787339,0,730
329724.017617,384473.089309,0,730
330031.86896,384526.055554,0,730
329751.471921,384816.420434,0,730
329901.721058,384523.771893,0,730
329799.901731,385120.141133,0,730
329907.364251,384592.015395,0,730
329913.092358,385037.55086,0,730
330062.024955,385038.637824,0,730
329894.576269,384751.837237,0,730
329917.983067,384777.341563,0,730
329852.932683,385053.055581,0,730
330074.963049,384970.543747,0,730
330065.973392,384458.003545,0,730
329703.09716,384556.003443,0,730
330072.167324,384985.850351,0,730
329960.447733,384548.753738,0,730
329831.828475,384573.267171,0,730
329840.449509,384715.635122,0,730
329857.231646,384465.095411,0,730
330013.454473,384463.15734,0,730
329787.135854,384674.551571,0,730
329863.72236,384708.890962,0,730
330124.662932,384985.412474,0,730
329680.363538,384633.967152,0,730
329734.9722,384555.502775,0,730
329675.356641,384609.88977,0,730
329696.530828,384613.721508,0,730
330047.111276,384979.964176,0,730
329856.240883,384610.215256,0,730
330042.531241,384806.757217,0,730
329983.947185,384516.547806,0,730
329973.13574,385037.029508,0,730
330083.506032,384864.318187,0,730
330015.019902,384766.500784,0,730
329850.249244,384385.679002,0,730
329732.536757,384678.414022,0,730
329824.674369,385061.478254,0,730
329992.586016,384621.112365,0,730
329816.246169,384860.9539,0,730
330013.032001,384743.760078,0,730
329953.720765,384664.916591,0,730
329826.367854,384620.441896,0,730
329784.020208,384877.713484,0,730
329818.169205,384570.199912,0,730
329796.854596,384557.848485,0,730
329735.891739,384739.600215,0,730
329973.416023,384535.666968,0,730
329891.245221,384705.462331,0,730
329692.535493,384656.993551,0,730
329956.051653,384436.778108,0,730
330087.732542,384972.558045,0,730
329808.568449,384713.477116,0,730
329770.146747,384838.607246,0,730
329992.299001,384582.818942,0,730
329807.457373,384824.086158,0,730
330028.60651,384678.644258,0,730
330007.110856,384831.860888,0,730
329772.738989,384660.186525,0,730
329983.25768,384768.468591,0,730
330000.105983,384508.983504,0,730
329873.412612,385091.953426,0,730
329810.65428,384939.806942,0,730
329831.837929,384619.294368,0,730
329795.575092,384567.74371,0,730
329693.880597,384519.326934,0,730
329974.82711,384894.638433,0,730
330011.615918,384912.527114,0,730
330007.502794,385012.617196,0,730
329855.577855,384667.404522,0,730
330027.024413,384675.961839,0,730
329869.236826,384765.733799,0,730
329916.752118,384379.453397,0,730
329740.081654,384465.435181,0,730
329911.837785,384382.07095,0,730
329777.073491,384860.737073,0,730
329959.06032,384737.290809,0,730
330083.802495,385020.6932,0,730
330010.393377,384758.747287,0,730
329763.277668,384651.289245,0,730
329788.036888,384865.774682,0,730
329835.735477,385013.01488,0,730
329867.473533,384755.22134,0,730
329996.480995,384759.346742,0,730
329788.948179,384642.462699,0,730
330043.547146,384728.777871,0,730
329771.822774,384888.19532,0,730
329802.644257,385003.692007,0,730
329885.099542,384820.738907,0,730
329773.750136,384718.971571,0,730
330042.074088,384974.812761,0,730
329843.659576,384925.0756,0,730
329957.350828,384915.382449,0,730
329822.186911,384462.026103,0,730
329753.509771,384455.622749,0,730
329869.529174,384478.760253,0,730
330056.813355,384837.276451,0,730
329789.793868,384745.852815,0,730
329748.99581,384406.091392,0,730
329830.665324,384542.359852,0,730
329992.103517,384633.812274,0,730
329972.126375,384736.802108,0,730
329888.181299,384561.184537,0,730
330050.187899,385046.809259,0,730
330054.742647,384943.448551,0,730
329920.9251,384418.318871,0,730
330041.645155,384783.71214,0,730
329865.748026,384461.945011,0,730
329884.244466,384441.035218,0,730
330071.541522,385038.184751,0,730
329741.993082,384393.978894,0,730
329802.579042,384553.013689,0,730
329958.854101,384543.393322,0,730
329694.614298,384671.692156,0,730
329641.415017,384484.671964,0,730
329705.356672,384629.434305,0,730
329970.386136,384579.843658,0,730
330033.072974,384615.94211,0,730
329709.50697,384456.390434,0,730
329992.693922,384580.719044,0,730
329770.474966,384877.612452,0,730
329777.263777,384408.894256,0,730
330014.230333,384486.030649,0,730
329905.138777,384779.152621,0,730
330044.904559,385008.743624,0,730
329990.890028,384920.698788,0,730
330036.797286,384589.147608,0,730
329875.656426,384506.331497,0,730
329803.069944,384866.396695,0,730
329710.936043,384542.496775,0,730
330066.740684,384875.19631,0,730
329867.39912,384533.901954,0,730
329888.806714,384648.418136,0,730
329897.779011,384587.962579,0,730
329854.075494,384952.372342,0,730
329962.174529,384926.94317,0,730
329782.962237,384664.957413,0,730
329997.855238,384934.477961,0,730
329828.886863,384697.109036,0,730
329953.570996,384528.387377,0,730
329720.372939,384584.214903,0,730
330010.03856,384970.258453,0,730
329842.427133,384795.514999,0,730
329659.859959,384475.763708,0,730
329917.756966,384620.569802,0,730
329816.420045,385029.996292,0,730
330102.963804,384987.424904,0,730
329950.415953,384519.822897,0,730
329960.298777,384754.664549,0,730
329782.575401,384708.085049,0,730
329666.166057,384503.986719,0,730
329648.453874,384484.690778,0,730
329752.439442,384694.368835,0,730
330000.690301,384975.175186,0,730
329851.1791,384650.70674,0,730
329788.142836,384728.201886,0,730
329811.636327,384608.593872,0,730
329843.929926,384903.239417,0,730
329860.624004,384646.914537,0,730
329989.236027,384792.962484,0,730
329705.276283,384732.454795,0,730
329868.379058,384486.09031,0,730
329821.310119,384734.732597,0,730
329910.563671,385020.182222,0,730
329905.804031,385082.572717,0,730
329726.993091,384783.441281,0,730
330001.761616,384782.555639,0,730
329871.974096,385101.115222,0,730
329923.192436,384704.509798,0,730
329742.866985,384582.576763,0,730
329829.825165,384864.684173,0,730
329894.010089,384916.438668,0,730
330035.099258,384966.002308,0,730
329965.691629,384433.567394,0,730
329837.489542,384821.271588,0,730
329898.30752,384765.705418,0,730
329855.492581,384983.496203,0,730
330080.750366,385035.143552,0,730
329977.198891,384849.765635,0,730
329749.204951,384532.460044,0,730
329918.912064,384821.126675,0,730
329941.492768,384492.844881,0,730
330027.024357,384749.073998,0,730
329972.561932,384595.032587,0,730
329779.777913,384637.226842,0,730
329953.946477,384394.601419,0,730
329677.735514,384551.592878,0,730
329686.158122,384634.418166,0,730
329835.082276,384958.459158,0,730
329882.740584,384717.804892,0,730
329919.05228,384373.29295,0,730
330107.894895,384885.620966,0,730
329988.543745,384531.062701,0,730
329959.78783,384982.75608,0,730
329829.641166,384690.346912,0,730
329908.504129,384528.040582,0,730
329716.785849,384712.706861,0,730
329977.205525,384650.806223,0,730
329898.750599,384366.014315,0,730
330082.654978,384816.331614,0,730
329763.463541,384652.912451,0,730
329794.239425,384716.465971,0,730
330061.113902,384935.001644,0,730
329843.574365,384776.959086,0,730
329876.870917,385085.245706,0,730
329947.006018,384422.835611,0,730
329929.19453,384602.534509,0,730
329934.139197,384361.764988,0,730
329808.958943,385112.238567,0,730
329734.13656,384532.288228,0,730
329946.976035,384811.949068,0,730
329897.244949,385044.999754,0,730
329852.317432,384798.681115,0,730
329990.451755,385013.615621,0,730
329920.64497,384399.498449,0,730
329864.511999,384875.429019,0,730
329691.334732,384701.04108,0,730
329903.740769,385067.740625,0,730
329912.587146,384865.619747,0,730
329861.900109,384838.158607,0,730
329994.831407,384972.351464,0,730
329873.191593,384997.378646,0,730
329862.129411,385019.866886,0,730
330046.659807,384817.882864,0,730
330070.47222,384864.062914,0,730
329876.067035,384391.492552,0,730
329894.210392,384797.583193,0,730
329940.752821,384407.092243,0,730
329892.339353,384787.329359,0,730
329896.595568,384360.803269,0,730
330045.806312,384509.438736,0,730
330059.946346,384892.559388,0,730
329835.271956,384760.114584,0,730
329983.608214,384625.870479,0,730
329798.147718,384397.636891,0,730
329763.39952,384849.658382,0,730
329682.033621,384527.753257,0,730
329796.649072,384724.966538,0,730
329767.160573,384463.61889,0,730
329783.387525,384852.981589,0,730
329932.065381,384922.09195,0,730
329953.573804,384797.369011,0,730
329753.168651,384697.87387,0,730
330044.8209,384963.448621,0,730
329860.382598,384952.256521,0,730
329859.720984,384639.753986,0,730
329844.008776,384954.204543,0,730
330005.954478,384947.55167,0,730
329899.24144,384672.378999,0,730
329849.794187,384405.878187,0,730
329844.277196,384996.639225,0,730
330070.686417,384866.529089,0,730
329940.665828,384657.235828,0,730
330012.325302,384968.809354,0,730
330009.031144,384434.105534,0,730
330011.553626,384889.481567,0,730
330111.344233,385026.967883,0,730
329797.234892,384600.830476,0,730
329883.72015,384671.147505,0,730
329726.368195,384610.580273,0,730
329982.397684,384836.816448,0,730
330146.868765,384991.500117,0,730
329743.093506,384438.296954,0,730
329814.730712,384755.880766,0,730
329711.414244,384704.901605,0,730
329807.935248,384969.57646,0,730
329804.268123,384846.967301,0,730
329880.015509,384791.769765,0,730
330056.724639,384834.02574,0,730
330004.439413,384702.732128,0,730
329883.452011,384553.969268,0,730
329782.083449,384600.984199,0,730
329814.086978,384677.976164,0,730
330046.447441,384947.302118,0,730
330003.421426,384637.840247,0,730
329863.035039,385070.139673,0,730
330054.734302,384924.692227,0,730
329791.642595,384649.254362,0,730
329845.672504,385053.22024,0,730
329794.297992,384694.191503,0,730
329933.951847,384886.027952,0,730
329894.948831,384845.725082,0,730
329698.811921,384507.379322,0,730
329836.581789,384388.919778,0,730
329955.645529,384975.795736,0,730
329764.712854,384458.410728,0,730
330125.069506,384996.207921,0,730
329854.732541,384681.342358,0,730
329991.418134,384783.771357,0,730
329739.145826,384775.99895,0,730
329983.45989,385045.663051,0,730
329933.841698,384817.480325,0,730
329890.303284,384777.497297,0,730
330136.174934,384979.631866,0,730
329717.690665,384743.099596,0,730
329913.054005,384757.782264,0,730
330081.192202,384992.761773,0,730
329922.797275,384962.678803,0,730
329845.998722,384784.188811,0,730
330014.331318,384937.856993,0,730
329664.38658,384507.722585,0,730
329789.064911,384873.612806,0,730
330046.884436,384546.954119,0,730
329626.549589,384515.81591,0,730
329901.683139,385089.49567,0,730
329903.323543,385001.218478,0,730
330032.362662,385007.060204,0,730
329937.746415,384396.386817,0,730
329937.383508,385024.337714,0,730
329978.355281,384428.613064,0,730
329866.068462,384698.061976,0,730
329909.674021,384831.603729,0,730
330085.176001,384881.480461,0,730
329939.051853,384885.230074,0,730
329913.349863,384594.453283,0,730
329844.323561,385071.42592,0,730
329952.486472,384897.269027,0,730
330009.969177,384990.17483,0,730
329760.658792,384482.795867,0,730
329857.313959,384970.264524,0,730
329844.275963,384900.93459,0,730
329934.358959,384612.244412,0,730
329841.106232,384993.03573,0,730
329792.0091,384469.048223,0,730
329888.097763,385006.48786,0,730
329650.198009,384552.117336,0,730
329701.198284,384634.544897,0,730
329904.076291,385062.87264,0,730
329973.367439,384657.443456,0,730
329928.798178,384453.253515,0,730
330029.301534,384455.556865,0,730
329813.126758,384804.827329,0,730
329804.415984,384493.65598,0,730
329803.467861,385022.997413,0,730
329843.772696,384817.953631,0,730
329932.39191,384610.710025,0,730
329920.846301,384417.471582,0,730
329732.442798,384686.927223,0,730
330066.891044,384969.742746,0,730
329742.40891,384481.258122,0,730
329868.237586,384927.541245,0,730
329814.130609,384592.477729,0,730
329877.68679,384837.581171,0,730
330011.505442,384543.98021,0,730
329896.414453,384375.704081,0,730
329817.915621,384596.860208,0,730
329763.558779,384592.784262,0,730
329845.289444,385097.948725,0,730
330016.902321,384486.793681,0,730
329900.070044,384346.671959,0,730
329897.387729,384850.067915,0,730
329977.059827,384947.916019,0,730
329864.167625,384400.888594,0,730
330040.16102,384994.711232,0,730
329758.346031,384535.04481,0,730
329894.439292,384403.047828,0,730
330017.712048,384609.23359,0,730
329930.335139,385066.618752,0,730
330049.0753,384540.202676,0,730
329776.652735,384880.683059,0,730
330015.89146,384609.627814,0,730
329692.411194,384482.902023,0,730
329878.407532,384861.765617,0,730
329886.752132,385079.291708,0,730
329780.328603,384920.749577,0,730
329734.089176,384611.39456,0,730
329737.779218,384744.129651,0,730
329721.956145,384471.837144,0,730
329719.888388,384420.326822,0,730
329918.157659,384717.578378,0,730
329946.340247,384458.379873,0,730
329782.013014,384491.984734,0,730
329764.628829,384477.331201,0,730
329679.560595,384659.806558,0,730
329786.600925,384961.269619,0,730
329729.9539,384433.96646,0,730
330063.621701,384761.819654,0,730
330032.795391,384795.871535,0,730
329985.422572,384587.835298,0,730
329883.216522,384541.642841,0,730
330022.889291,384733.178629,0,730
329746.833865,384691.304572,0,730
329750.229527,384839.02683,0,730
329780.252324,384706.104666,0,730
329952.54575,385022.067009,0,730
330065.191749,384825.097951,0,730
329949.637179,384850.168928,0,730
329934.390186,384524.343474,0,730
329702.303875,384640.774357,0,730
329854.616765,385067.564159,0,730
329762.624861,384862.202276,0,730
329803.485828,384412.878027,0,730
329814.460636,384584.876347,0,730
330044.579608,384849.818866,0,730
329941.747712,384478.484289,0,730
329919.921936,384872.857922,0,730
330029.076028,384917.779793,0,730
329875.953061,384684.012793,0,730
329843.822189,385003.240155,0,730
329883.701347,384739.396193,0,730
329667.826582,384623.251219,0,730
329882.081057,384889.237349,0,730
329886.120732,384700.56281,0,730
329801.339981,385017.069684,0,730
330019.45714,384772.853954,0,730
329931.352019,385060.533441,0,730
329891.299065,384392.781033,0,730
329873.875079,384541.625966,0,730
329776.998588,384599.182307,0,730
329873.321039,384725.335755,0,730
329641.035415,384485.436324,0,730
329872.891479,384524.249414,0,730
329767.284665,384856.919785,0,730
329796.703078,384702.251316,0,730
329823.772509,384661.314052,0,730
329803.662217,384669.413891,0,730
329956.004809,384369.781365,0,730
329693.008155,384472.665464,0,730
329881.342199,384895.345871,0,730
329689.967622,384450.281015,0,730
329929.603352,384566.723807,0,730
329829.654023,384548.865122,0,730
329777.244406,384449.11231,0,730
330007.242955,384941.565065,0,730
329664.068251,384580.169419,0,730
329863.963876,384540.991799,0,730
329828.09811,385041.436925,0,730
329878.314017,384566.904833,0,730
329724.189218,384569.224938,0,730
330000.715388,384626.086934,0,730
330132.134855,384955.892922,0,730
329772.96268,384706.423125,0,730
329940.524195,384517.478855,0,730
329886.766258,384793.193607,0,730
329982.982006,384843.811296,0,730
330145.210512,385011.588815,0,730
329664.831001,384555.368454,0,730
329692.489821,384641.575703,0,730
329709.233649,384735.169327,0,730
329976.209217,385057.686983,0,730
329800.722272,384522.53792,0,730
329991.991711,384500.668745,0,730
329846.105952,384403.867357,0,730
330028.465442,385042.689905,0,730
329655.195684,384472.5468,0,730
330080.605591,384874.198929,0,730
330080.539318,384903.736671,0,730
330060.091265,384865.147746,0,730
330006.016938,385044.109607,0,730
329803.633425,384567.574934,0,730
329858.583944,384641.822169,0,730
329958.311315,384852.949993,0,730
329901.54324,384617.170759,0,730
330053.894423,384826.471499,0,730
329777.388066,384462.762441,0,730
329809.928551,384452.360545,0,730
329752.911158,384489.364896,0,730
329932.035523,384695.100739,0,730
329752.140108,384674.477499,0,730
329937.558224,384819.858935,0,730
329879.559398,384916.575564,0,730
329762.680087,384817.549039,0,730
329800.372427,385014.874547,0,730
329868.635433,384849.931593,0,730
330064.268959,384828.446152,0,730
330082.832743,384956.133385,0,730
330034.40436,384686.87273,0,730
329952.923195,384411.3819,0,730
329793.983705,384586.585238,0,730
329929.49165,384825.060494,0,730
329999.987742,384829.264435,0,730
330012.094949,384461.349731,0,730
329801.117611,384608.37016,0,730
329871.927743,385037.269845,0,730
329832.202066,384850.443714,0,730
330057.157344,384526.274178,0,730
330113.121563,384938.691051,0,730
330011.87256,384927.559065,0,730
330001.855107,384840.879383,0,730
329922.219395,384713.903624,0,730
330060.043145,384473.512019,0,730
329872.637358,384378.322813,0,730
329837.793777,384784.936354,0,730
329905.882758,384559.663549,0,730
329806.828319,384859.390944,0,730
329886.039162,384548.084346,0,730
329745.236679,384673.271422,0,730
330102.656372,384873.215417,0,730
330002.138073,384691.736977,0,730
329958.643206,384688.488199,0,730
329786.519187,384514.971639,0,730
329955.305397,384489.624485,0,730
329901.517256,384690.336681,0,730
330075.97127,385019.501042,0,730
330032.465442,384880.000908,0,730
329709.934682,384617.776845,0,730
329799.959164,384507.04872,0,730
329756.945184,384520.208062,0,730
329793.414354,384658.208302,0,730
329884.547583,384696.698726,0,730
329910.882399,384588.958494,0,730
329874.876449,384790.456693,0,730
330044.564735,384513.841937,0,730
329933.232146,384759.592218,0,730
329991.0203,384770.840568,0,730
329815.584878,384665.55515,0,730
329920.355892,384817.091174,0,730
329677.793938,384448.751985,0,730
329797.146002,384878.791428,0,730
330076.373102,384930.056431,0,730
329833.595209,384648.634677,0,730
330020.435666,384507.746045,0,730
329748.432726,384544.136399,0,730
330012.053463,384596.574891,0,730
329963.022677,384619.181606,0,730
329929.639302,384444.102249,0,730
329969.711841,384944.016924,0,730
329999.54461,384737.665401,0,730
329866.727041,384962.324004,0,730
329875.389768,384381.415894,0,730
329894.431602,384421.434241,0,730
329700.633601,384438.617901,0,730
329799.264681,384806.973566,0,730
329925.012896,384382.751812,0,730
329769.212684,384807.378486,0,730
329912.688205,384578.092391,0,730
329869.604608,384873.793255,0,730
329834.510168,384982.02109,0,730
329901.299896,384718.123435,0,730
329911.415559,384888.208366,0,730
329951.516972,384533.92169,0,730
329870.217822,385041.661291,0,730
329804.422442,384944.212251,0,730
330107.49273,384955.747154,0,730
329836.780852,384991.504355,0,730
329769.852605,384623.872166,0,730
329688.533133,384591.061091,0,730
329817.957631,384550.660013,0,730
329844.792698,385042.341833,0,730
329817.917248,384551.547881,0,730
329855.070019,384488.176206,0,730
329671.938795,384569.562917,0,730
329863.51878,384497.713668,0,730
329971.515527,384403.19244,0,730
330008.330855,384590.245213,0,730
329947.034508,384758.584307,0,730
329698.43244,384644.465355,0,730
329833.314722,384486.551131,0,730
329860.656239,384394.055788,0,730
329854.24993,384810.073796,0,730
329953.396702,384765.267645,0,730
329862.880662,384939.665274,0,730
329931.688123,384626.939996,0,730
329792.276603,384955.643478,0,730
329989.967476,384801.631684,0,730
329784.673031,384614.309382,0,730
329768.059321,384817.349867,0,730
329865.395181,384978.271975,0,730
329890.158472,384747.305536,0,730
330004.46977,384611.008704,0,730
329909.976023,384336.448468,0,730
329684.093809,384430.510158,0,730
329727.303076,384543.616814,0,730
329957.252117,384771.784253,0,730
329851.64582,384645.563995,0,730
329860.06197,385039.935363,0,730
329960.649948,384736.527369,0,730
329906.391165,384591.113267,0,730
329901.870706,384546.663689,0,730
329704.514985,384698.223022,0,730
329951.750606,384504.30385,0,730
329705.35231,384693.353946,0,730
329729.606214,384741.934753,0,730
329663.815262,384491.240956,0,730
329892.438821,384518.872889,0,730
329720.061655,384705.659367,0,730
329689.289533,384461.798812,0,730
329920.905308,384672.489402,0,730
329881.124581,384451.174534,0,730
329932.094049,384620.109898,0,730
329736.887857,384390.253672,0,730
329913.495807,384718.853035,0,730
330084.655642,384968.358172,0,730
330151.59097,385004.698051,0,730
329720.297756,384732.547748,0,730
329784.197504,384611.686568,0,730
329912.007737,384382.306187,0,730
329886.408219,385056.018964,0,730
329897.566919,384418.986068,0,730
329805.941311,384839.012123,0,730
329854.563451,385038.035974,0,730
329844.758819,384695.562607,0,730
330019.877999,384445.632018,0,730
330109.041428,384889.36922,0,730
329854.791102,384657.31977,0,730
329812.277092,384698.343766,0,730
329839.924713,384470.564237,0,730
329993.814647,384687.098618,0,730
329981.274167,384685.080247,0,730
329834.657991,384623.627892,0,730
329806.419273,384685.369962,0,730
329847.694201,384441.195086,0,730
329842.880173,384599.712381,0,730
329939.529289,384479.211713,0,730
330076.879422,384823.350237,0,730
329859.469311,384872.374927,0,730
329808.993311,384807.150812,0,730
329991.039726,384695.461288,0,730
329938.780471,384627.691426,0,730
329914.246604,384337.153469,0,730
329757.444543,384741.518559,0,730
329875.189616,384441.803416,0,730
329879.084764,384936.121248,0,730
329746.071085,384707.492702,0,730
330095.620612,384862.630044,0,730
330107.550995,385006.33355,0,730
329872.438805,384506.979203,0,730
329924.605108,384496.074416,0,730
329960.145781,384946.089069,0,730
329627.823933,384520.422294,0,730
329852.981694,384439.182704,0,730
329837.722353,384908.902634,0,730
329665.879891,384453.239169,0,730
329650.262046,384527.734511,0,730
329910.886313,384933.037677,0,730
329924.022161,384659.876356,0,730
329921.456585,384397.043539,0,730
329762.80023,384716.647234,0,730
329871.716604,384372.483146,0,730
329773.466769,384773.998705,0,730
330005.060558,384737.935485,0,730
329886.572606,384490.803219,0,730
329891.203099,384987.264867,0,730
330009.648603,384428.879651,0,730
329947.909666,385073.801309,0,730
329817.67238,384592.590527,0,730
329908.246647,384919.977331,0,730
329828.650956,384720.623667,0,730
329920.369174,384998.306088,0,730
329982.236105,384550.805876,0,730
329745.527019,384549.893672,0,730
329960.893506,384815.786271,0,730
329856.667438,384396.585205,0,730
330041.568288,384711.627281,0,730
329800.069962,384385.682087,0,730
329962.208699,384469.740188,0,730
329925.552706,384602.928974,0,730
329866.205526,384621.733489,0,730
329952.216016,384737.762162,0,730
330018.409869,384877.732897,0,730
329689.855599,384678.548037,0,730
330040.910328,384952.307966,0,730
330070.502944,384839.658302,0,730
329793.559154,384767.938246,0,730
329982.93957,384793.588196,0,730
330042.634579,385025.715013,0,730
330063.797198,384866.709679,0,730
330056.254474,384771.961116,0,730
329696.462526,384501.56587,0,730
329953.596183,384666.221048,0,730
329696.446952,384496.397344,0,730
329934.240674,384914.960813,0,730
330035.131949,384771.205118,0,730
329913.818236,384571.168779,0,730
329993.025651,384779.318031,0,730
329959.073003,384904.835417,0,730
330025.672491,384612.965562,0,730
329954.915757,384674.774567,0,730
329990.67668,384938.544723,0,730
329814.885146,384408.712494,0,730
329875.951438,384424.25117,0,730
330070.247172,384840.648322,0,730
329994.376841,384770.627496,0,730
329660.132328,384533.492534,0,730
329912.125281,384770.010682,0,730
329836.187187,384611.599898,0,730
329673.253991,384569.933371,0,730
329658.220996,384514.043356,0,730
329776.539822,384812.485422,0,730
329890.080849,384750.236796,0,730
329916.27192,384459.900827,0,730
329919.945192,385060.348387,0,730
329660.990958,384540.910441,0,730
329677.726082,384597.158138,0,730
329783.494752,384419.061458,0,730
329725.647193,384461.561172,0,730
329933.721465,384444.688714,0,730
329853.545696,384407.328054,0,730
329744.181906,384610.089119,0,730
329768.557517,384702.308553,0,730
329982.45293,384432.645943,0,730
329822.603375,384931.26902,0,730
329886.313692,384752.523143,0,730
329727.595064,384769.866448,0,730
329951.229393,384992.808806,0,730
330059.767474,385001.009694,0,730
329983.604564,384467.338592,0,730
329724.252474,384531.189454,0,730
329779.108067,384562.326008,0,730
329655.600465,384513.23762,0,730
330001.559314,384906.60047,0,730
330007.117262,384892.251811,0,730
329928.37831,384465.454233,0,730
329714.503733,384640.251103,0,730
329825.460347,384722.338434,0,730
329843.717702,384586.071277,0,730
329723.787443,384513.982398,0,730
329778.623271,384695.44995,0,730
329684.479606,384584.044571,0,730
329775.05946,384772.028624,0,730
329780.520009,384756.141439,0,730
330014.306468,384547.963266,0,730
329984.813366,384764.468234,0,730
329904.430922,384375.152144,0,730
329923.657308,385045.923005,0,730
330006.027207,385035.083475,0,730
330053.610799,384747.848213,0,730
330074.225828,385015.710808,0,730
329975.433428,384702.259679,0,730
329746.526946,384704.42919,0,730
329822.211933,384468.719724,0,730
329838.286285,384896.547409,0,730
329818.639854,384972.78824,0,730
329992.970666,385036.165147,0,730
329833.234832,384905.280836,0,730
329831.003933,384623.514675,0,730
329759.507196,384827.60483,0,730
329903.706716,384859.175899,0,730
330027.459309,384780.054868,0,730
329992.045279,384593.484977,0,730
330015.072614,384778.12077,0,730
329834.762851,384605.897022,0,730
329897.448286,384357.455675,0,730
329976.062092,384746.433278,0,730
329997.780586,384559.603388,0,730
329923.46408,384643.519701,0,730
329922.763249,384645.806244,0,730
330094.323404,384989.870055,0,730
329862.880249,384997.404834,0,730
329776.818349,384686.630752,0,730
330072.459993,384845.489306,0,730
330055.95346,384886.971596,0,730
329910.446206,384631.360496,0,730
330016.450356,384523.113911,0,730
330007.616448,384712.047486,0,730
329834.804089,384682.677376,0,730
329798.61717,384499.131121,0,730
330036.949707,384690.88043,0,730
330010.950133,384850.962082,0,730
329864.343291,385046.879733,0,730
329874.056425,384802.027701,0,730
329946.854637,384922.073148,0,730
329833.026332,384782.608262,0,730
329962.851395,384622.102723,0,730
330028.905172,384519.182622,0,730
330017.269926,384458.688054,0,730
330058.363664,384470.339868,0,730
330064.617046,384477.124842,0,730
329856.178781,384643.348143,0,730
329845.760341,384626.960235,0,730
329957.37574,384713.45827,0,730
329961.590736,384644.87251,0,730
330146.296618,385012.051234,0,730
329909.191808,384631.823779,0,730
329804.755358,384952.538411,0,730
329836.425756,384550.11074,0,730
329834.027319,384439.886939,0,730
329797.532951,384662.034479,0,730
329686.014009,384499.368214,0,730
329917.360735,384928.794893,0,730
329800.322548,384688.912433,0,730
330077.459707,384826.348684,0,730
330027.87911,384706.260102,0,730
330054.400607,385025.810231,0,730
329873.655316,384384.508906,0,730
330051.453573,384773.193635,0,730
329748.120888,384666.211459,0,730
329749.58463,384744.1491,0,730
329689.412882,384427.123044,0,730
330054.270413,385012.910394,0,730
329926.549741,384799.313065,0,730
330028.447932,385034.368846,0,730
329833.586232,385030.87827,0,730
329918.87211,384927.896642,0,730
329847.304039,384700.370715,0,730
329816.886717,385078.027671,0,730
329680.392406,384643.715059,0,730
329864.140713,384796.357926,0,730
329818.790071,384684.431117,0,730
329868.284452,384877.182707,0,730
330016.682437,384842.801185,0,730
329879.480448,384454.158851,0,730
329796.953836,384945.663019,0,730
329922.366811,384398.834522,0,730
329991.251346,384711.228375,0,730
329709.710985,384651.736047,0,730
329980.43683,384867.624646,0,730
329812.88311,384997.877755,0,730
329710.562493,384404.487728,0,730
329868.140838,384750.514317,0,730
330040.442513,384858.193853,0,730
330080.755259,384995.738085,0,730
330036.739354,384726.778913,0,730
329899.396236,384577.046296,0,730
329981.194031,384721.615959,0,730
329818.26581,384647.789903,0,730
330047.36811,384456.64419,0,730
329890.029214,385052.622004,0,730
329926.936081,384925.631204,0,730
329895.862335,384619.412368,0,730
329936.766433,384419.840844,0,730
329866.25394,384930.735811,0,730
329990.613786,384956.825873,0,730
329687.372557,384566.210446,0,730
329747.222271,384799.877933,0,730
330023.651901,384479.678657,0,730
330062.904619,384865.663066,0,730
329721.145573,384448.320499,0,730
329836.904835,384588.597819,0,730
329892.728653,384620.074541,0,730
329743.882869,384519.112987,0,730
329992.337083,384700.002552,0,730
329915.225359,384341.959943,0,730
329671.385184,384587.542712,0,730
329886.729999,384891.476557,0,730
330008.241808,384652.034263,0,730
329703.217543,384568.705888,0,730
330010.349904,384818.577145,0,730
329874.957734,384861.266738,0,730
329747.483737,384391.765174,0,730
330020.752424,384627.071713,0,730
329990.816995,384894.788259,0,730
330101.788948,384982.459911,0,730
330002.652744,384664.573328,0,730
329875.401861,384414.187574,0,730
329855.946932,384401.774317,0,730
329787.299244,384948.173707,0,730
329669.438412,384539.275272,0,730
329788.061046,384853.224766,0,730
330082.939521,384822.532748,0,730
329938.110896,384770.06486,0,730
329999.371452,384696.381898,0,730
329814.321618,384740.929318,0,730
329799.244943,384887.596677,0,730
330095.861504,384890.225898,0,730
330021.468397,384754.762896,0,730
329972.273674,384595.389981,0,730
329772.791907,384746.235852,0,730
329953.104143,384633.970304,0,730
329908.561133,384721.483546,0,730
329677.320783,384580.64416,0,730
329929.46124,384963.533375,0,730
329938.763785,384911.612828,0,730
329943.596964,384369.28981,0,730
329856.239612,384389.781147,0,730
329805.804207,385118.476038,0,730
329869.082954,384849.194879,0,730
330007.382852,384688.324847,0,730
329975.87663,384552.854053,0,730
330019.071857,384960.14466,0,730
330011.469413,384695.557087,0,730
329827.769942,384875.319065,0,730
329908.448599,384679.836075,0,730
329956.377556,384464.861889,0,730
329805.891718,384773.404703,0,730
330009.534862,384515.755823,0,730
329922.394339,385026.95875,0,730
329743.125364,384501.35053,0,730
329988.349132,384637.775513,0,730
329783.313985,384884.865709,0,730
330024.166067,384600.261935,0,730
329972.054367,384403.662765,0,730
329790.457042,385002.020928,0,730
329703.280536,384687.31352,0,730
329821.38193,384919.957923,0,730
329901.939864,384927.083902,0,730
330036.838116,384477.995879,0,730
329929.106967,384392.775153,0,730
329867.682816,385100.168247,0,730
329840.046907,384980.70471,0,730
329767.436823,384459.043522,0,730
329899.528349,384945.023002,0,730
329935.730155,384826.978696,0,730
329853.310107,384449.877316,0,730
330076.629978,384844.938111,0,730
330005.821205,384620.828612,0,730
329950.487678,384384.158249,0,730
329873.173001,384889.35331,0,730
329940.062158,384615.88967,0,730
329866.752241,384636.789695,0,730
330037.415119,384958.156935,0,730
329914.319227,384498.151776,0,730
329889.120791,384392.706559,0,730
330108.591214,384948.785981,0,730
329780.086071,384430.630924,0,730
330004.817918,385033.114569,0,730
330056.085873,384481.678064,0,730
329821.480002,384952.866719,0,730
329879.863222,385014.068963,0,730
329928.173001,384669.864956,0,730
329848.839415,384691.182142,0,730
329800.638145,384506.640045,0,730
329918.757149,384372.731036,0,730
329723.546681,384636.809394,0,730
330025.994435,384946.453457,0,730
329914.744464,384639.756127,0,730
330026.78496,384635.291193,0,730
329958.955184,384607.930444,0,730
330035.717705,384825.086112,0,730
329943.057585,384900.97066,0,730
329839.261863,384567.386394,0,730
329938.704098,384386.889668,0,730
329986.755423,384747.896362,0,730
329659.438965,384493.02005,0,730
329998.536456,384639.292273,0,730
329913.379133,384841.953323,0,730
329951.749217,384672.357621,0,730
329947.38773,384569.953126,0,730
329774.284396,384610.449612,0,730
329824.585666,384996.615553,0,730
329873.772883,384647.019932,0,730
329990.471783,385050.264347,0,730
329916.040899,384652.442866,0,730
329852.543819,384772.954483,0,730
329827.488542,384633.237856,0,730
329922.57819,384905.331612,0,730
329879.141967,384622.796654,0,730
329977.225648,384698.75513,0,730
329986.074999,384544.642414,0,730
329915.671561,385052.410595,0,730
329865.272432,384791.715572,0,730
329890.740094,384883.804674,0,730
330017.147324,384852.746007,0,730
329710.16369,384717.152998,0,730
329810.666405,384839.534739,0,730
329948.922797,384506.957159,0,730
329930.298891,384354.651971,0,730
330008.581942,384994.173948,0,730
329936.930526,384471.118301,0,730
329928.296829,384726.023863,0,730
329847.424644,385015.271373,0,730
329874.966662,384468.018243,0,730
329905.521629,385026.091819,0,730
329851.894321,384663.594789,0,730
329686.316086,384590.201333,0,730
330035.624461,385035.222914,0,730
329920.390676,384625.835179,0,730
329803.705568,384898.24375,0,730
329904.898643,384751.387642,0,730
329923.765705,384531.456433,0,730
330026.171462,384849.098639,0,730
329899.287758,384884.365927,0,730
329679.498156,384504.864732,0,730
329959.177499,384778.64941,0,730
329788.003315,384406.659669,0,730
329764.041134,384698.692228,0,730
329918.195697,384855.600757,0,730
329751.842593,384552.230613,0,730
329667.128488,384591.84604,0,730
329973.552498,384459.645084,0,730
329844.220057,384495.365927,0,730
329780.590919,384663.916774,0,730
330047.142863,384964.248385,0,730
329874.797288,384957.76445,0,730
329959.113721,384849.876629,0,730
330000.700553,384841.57853,0,730
329952.885835,384858.614814,0,730
329782.65748,384608.600685,0,730
330090.637547,384850.443306,0,730
329831.725984,384613.585791,0,730
329970.469176,385046.228811,0,730
330043.940215,384445.31768,0,730
329892.264877,384667.525697,0,730
330043.361411,384887.642067,0,730
329889.924477,385081.740573,0,730
329958.301239,384801.344397,0,730
329999.564589,384752.409976,0,730
329946.00296,384660.138111,0,730
329996.940147,384606.395224,0,730
329651.738395,384572.434547,0,730
329910.679589,384778.008414,0,730
330070.697897,384786.670529,0,730
329786.637556,384698.66631,0,730
329644.773144,384483.261228,0,730
329629.369638,384549.609856,0,730
329918.427958,384698.80471,0,730
329848.908061,384726.86372,0,730
329893.156016,384726.877943,0,730
330040.240408,384535.344838,0,730
329748.676258,384778.91545,0,730
329773.446662,384403.733856,0,730
329996.946926,384569.875751,0,730
330022.837547,384686.222903,0,730
329810.138877,385093.727765,0,730
329645.650902,384554.60668,0,730
330004.277074,384795.060426,0,730
329819.067315,384668.391053,0,730
329857.199093,385018.837976,0,730
329891.034172,384488.337046,0,730
329988.892165,385030.526169,0,730
329790.099707,384847.322503,0,730
329896.911403,384841.969204,0,730
329835.606459,384708.92487,0,730
329702.610697,384698.264467,0,730
329960.601049,384898.508033,0,730
330005.468925,384496.648379,0,730
329862.172614,384448.548115,0,730
329828.631572,384603.209102,0,730
330019.030569,384715.923071,0,730
329948.676527,384922.60805,0,730
329781.95301,384866.015368,0,730
330088.210022,384860.534795,0,730
329890.802805,384481.178113,0,730
329787.312935,384419.969481,0,730
329919.658248,384358.606255,0,730
329753.331954,384704.417676,0,730
329831.328617,384583.996637,0,730
329966.732219,384742.652334,0,730
329981.870565,385041.512378,0,730
329670.720398,384465.584013,0,730
329863.54577,384508.913117,0,730
329678.745851,384504.148629,0,730
329836.641295,384692.681377,0,730
330059.204406,384967.534115,0,730
329975.875022,384518.011266,0,730
330054.553652,384803.423305,0,730
330020.203082,385037.221688,0,730
329834.16594,385020.237381,0,730
330032.590203,384491.459664,0,730
329774.192025,384517.306702,0,730
329938.399518,384584.256806,0,730
329981.77205,384807.766717,0,730
329812.053993,384679.145572,0,730
329851.001736,384749.617001,0,730
329874.404964,384629.088195,0,730
329842.807637,384664.882179,0,730
329962.774805,384569.55719,0,730
330040.589959,384978.422756,0,730
329862.593567,384604.196224,0,730
329711.057802,384413.993941,0,730
329953.23655,384573.016592,0,730
329769.703058,384511.694056,0,730
329989.765359,384858.973973,0,730
329983.95766,384484.988893,0,730
329955.986916,384377.834214,0,730
329773.855005,384578.125123,0,730
330016.124441,384915.292318,0,730
329840.109703,384790.499915,0,730
329891.809627,384659.848057,0,730
329709.702582,384434.409034,0,730
330009.502712,384492.538956,0,730
329846.953483,385060.807727,0,730
329756.011402,384739.415308,0,730
329907.811362,384657.072251,0,730
330004.991295,384971.55699,0,730
329831.966602,384780.617484,0,730
329821.598522,384845.408172,0,730
329957.738877,384851.54889,0,730
329991.254454,385039.824138,0,730
329876.614604,384591.806769,0,730
329807.229672,384629.497051,0,730
329893.537933,384401.49281,0,730
329867.325174,384910.780578,0,730
329679.976595,384547.152476,0,730
330069.578709,384935.412257,0,730
330078.404787,385020.146603,0,730
329768.058352,384631.414016,0,730
330129.398063,385006.03648,0,730
329912.521588,384613.251103,0,730
329954.142828,384502.695864,0,730
329879.361919,384719.370827,0,730
329760.495535,384416.668306,0,730
330107.672627,385026.890221,0,730
329720.290854,384404.084607,0,730
330083.036958,385011.624256,0,730
330006.239744,384772.91237,0,730
329839.348716,384667.265334,0,730
329906.312769,384735.388307,0,730
329948.436818,384869.456405,0,730
329807.454831,385035.576077,0,730
329622.343899,384520.236231,0,730
329734.477884,384551.122285,0,730
329927.274402,384390.231741,0,730
329809.936687,384698.928272,0,730
329704.926441,384494.469536,0,730
329851.941785,384581.018073,0,730
330025.656855,384793.043662,0,730
329829.289348,384814.76805,0,730
329727.974129,384777.294822,0,730
329972.19081,384669.860862,0,730
329975.054484,384789.940244,0,730
329889.837882,384940.913005,0,730
329891.454475,384388.563886,0,730
329984.695015,384515.749168,0,730
330059.044677,384482.708492,0,730
329888.672017,384492.591709,0,730
329892.338096,384480.003677,0,730
329819.220663,384710.606897,0,730
329816.880277,384689.393665,0,730
330001.749665,384693.760441,0,730
329722.162714,384627.293769,0,730
329830.439565,384766.023711,0,730
329804.723787,384737.955499,0,730
330014.952933,384817.835758,0,730
329907.657243,384354.685576,0,730
329879.85888,384461.466972,0,730
329818.989886,384620.578933,0,730
329965.26766,384405.668153,0,730
329794.976799,384430.955848,0,730
329892.447861,384823.731141,0,730
329952.385009,385060.728112,0,730
329887.629186,384610.39994,0,730
329844.400203,384567.53215,0,730
329972.063556,385008.819743,0,730
329810.363304,385003.564642,0,730
329784.717952,384708.774249,0,730
329809.499486,384711.076921,0,730
329685.418108,384624.366545,0,730
330067.336915,385039.39094,0,730
329830.707966,385089.006993,0,730
330107.572477,384881.552947,0,730
329933.816152,384869.175582,0,730
330118.71038,384983.775483,0,730
330046.752908,384818.540761,0,730
330121.094278,385004.587705,0,730
329708.417376,384704.957825,0,730
329884.72123,384923.034613,0,730
329848.553968,384953.685196,0,730
329942.72047,384600.689118,0,730
329774.858833,384561.451346,0,730
329930.652348,384474.310916,0,730
329732.247606,384537.488956,0,730
329790.454145,384801.435381,0,730
329886.420048,384578.136099,0,730
330006.108168,384576.117856,0,730
329894.322777,384988.980649,0,730
329825.803151,384731.93287,0,730
329671.927209,384656.859886,0,730
329737.592093,384744.028832,0,730
329959.557994,384755.730572,0,730
329946.928309,384782.226899,3,730
329868.639963,384675.076285,4,730
329972.632778,384867.759717,5,730
329991.563476,384627.152435,6,730
330017.944245,384576.209349,8,730
330039.204357,384905.341929,10,730
330031.039097,384644.731407,11,730
329988.508476,384746.110946,13,730
329731.022074,384430.106906,14,730
329869.50112,384809.33874,15,730
329807.405527,384644.701979,17,730
329818.649925,384381.657564,19,730
329746.443624,384637.674431,20,730
329937.859607,384717.534881,22,730
329997.72835,384657.423487,25,730
329842.507492,384830.729237,27,730
330036.589751,384444.748063,28,730
329673.075578,384623.304573,31,730
329948.256312,385004.825436,34,730
329803.816023,384659.956037,37,730
329832.298101,384860.156481,38,730
330015.963914,384904.59325,39,730
329941.23485,384933.106812,42,730
329716.179247,384525.269564,48,730
330008.766783,384989.152889,50,730
329933.358735,384996.041382,54,730
329877.500512,385066.847185,57,730
329811.747388,385108.72363,58,730
329958.141762,384672.302287,60,730
329704.702933,384473.929021,62,730
329849.483193,384505.556719,65,730
329676.335184,384579.673131,66,730
329876.984005,384670.639655,72,730
329730.394978,384556.5793,73,730
329926.093592,385035.348432,74,730
329875.025217,384397.91452,80,730
329783.766507,384661.349889,82,730
329875.028872,384841.709656,83,730
329781.827491,384689.658566,85,730
329728.046349,384627.864779,92,730
329965.995824,384501.316367,93,730
329983.389367,384862.031553,96,730
329913.023781,384812.592919,97,730
329724.107151,384755.504609,98,730
330034.097558,384441.094699,100,730
330000.5366,384430.507585,103,730
329899.564219,384625.82685,104,730
329988.502408,384919.189597,110,730
329825.135339,384378.18187,111,730
329901.819806,385044.653957,112,730
329687.475635,384576.589376,115,730
329732.889666,384610.677237,116,730
329914.86734,384405.645923,117,730
329818.649925,384381.657564,118,730
329665.172019,384567.998473,119,730
329837.661699,384592.631914,121,730
329995.08936,384713.672256,123,730
329852.533391,384386.190238,127,730
329753.256408,384834.75369,129,730
329792.040433,384685.248313,130,730
329735.437292,384691.242237,134,730
329913.333148,384996.801668,137,730
329852.003092,384387.335138,138,730
329858.216174,384974.157358,139,730
329641.669935,384546.910667,142,730
329706.087977,384649.470509,145,730
330053.035043,384976.654333,146,730
329822.130172,384535.581067,148,730
329741.067261,384749.36076,149,730
329998.765297,384836.810205,151,730
329944.247473,384808.682973,153,730
329801.004713,384381.494268,154,730
329997.218859,384958.802258,156,730
330002.309056,384885.381108,158,730
329814.962651,384754.783153,160,730
329866.553172,384859.675456,162,730
329719.1849,384597.370149,163,730
329781.942402,384882.161876,164,730
329730.727905,384545.892307,165,730
329982.323459,384807.582968,167,730
329808.00913,385088.754977,168,730
330039.294869,384481.950618,171,730
330016.487022,384829.907187,172,730
330042.015308,385003.535548,174,730
329892.33224,384525.426141,175,730
329896.980418,384406.728213,177,730
330070.975537,384805.221273,179,730
330020.623355,384590.621115,180,730
329957.889616,385064.063249,181,730
329831.37699,384560.15247,183,730
330006.653855,384441.534943,185,730
329697.168057,384698.850182,187,730
329992.051828,384851.35128,188,730
329927.022179,384734.103663,189,730
329770.36098,384841.233116,190,730
329986.159648,384764.692837,191,730
329966.15135,384659.061614,195,730
329839.938859,384466.086747,196,730
330006.195166,384852.327874,200,730
329834.108134,384650.524049,201,730
329784.763226,384972.411505,204,730
329823.773137,384609.783453,205,730
329902.033714,385085.104314,206,730
329892.410459,384387.774344,213,730
330033.843983,384843.802054,215,730
329776.054192,384417.593884,217,730
330069.366651,384981.036826,218,730
329770.36098,384841.233116,221,730
329906.236253,385013.573394,222,730
329838.168885,384377.968397,223,730
329983.369437,384690.472206,225,730
330040.581193,384756.027178,226,730
329798.010742,384395.044385,227,730
329922.275171,385036.557254,228,730
329864.540196,384406.976886,229,730
329829.987616,384432.648894,230,730
329916.294822,384474.438624,232,730
329843.54698,384483.875704,234,730
329956.036586,384712.792111,237,730
329897.695238,384937.291062,240,730
329789.755057,384676.640133,241,730
330000.214357,384915.70734,243,730
329958.141762,384672.302287,244,730
329712.580341,384686.469955,245,730
329674.471855,384447.450158,246,730
329974.153238,384875.328926,248,730
329849.534319,384511.546809,249,730
329766.440828,384732.422496,251,730
330125.4997,384943.340872,252,730
329815.182099,384451.548241,255,730
329717.437848,384422.744061,256,730
329857.699566,384593.760568,262,730
329735.785219,384771.684899,263,730
329893.81237,384680.420543,264,730
330007.236899,385030.701989,265,730
329988.648104,384470.471498,266,730
330074.340997,384938.676075,267,730
329820.27712,384524.520695,270,730
329788.692288,384832.659177,271,730
329992.818057,384625.29654,273,730
329767.138186,384512.893347,277,730
329665.172019,384567.998473,279,730
329892.616021,384955.25108,281,730
329905.467883,385042.018923,282,730
329782.331151,384940.745354,283,730
329806.586636,384380.943937,284,730
329673.612131,384554.096653,286,730
329809.844385,384640.488592,287,730
329762.178102,384405.29657,288,730
330017.744689,385028.983302,290,730
329698.951018,384584.080808,291,730
329990.893529,384826.800468,292,730
330032.055976,384882.878001,298,730
330080.343157,384970.83957,300,730
329969.765494,385021.160703,301,730
329941.4796,384668.21664,302,730
329816.824952,384783.40163,308,730
329673.641113,384542.101955,309,730
329916.571161,384441.029164,310,730
329767.972286,384557.840141,313,730
329729.877181,384528.112744,316,730
329836.156052,384847.803591,317,730
329822.884147,384822.377347,324,730
329713.88494,384720.298926,326,730
330053.11094,384779.188861,327,730
330010.260238,384704.126412,328,730
329740.281597,384760.761394,331,730
329810.022565,384944.469385,332,730
329892.548887,384852.44581,333,730
329992.982412,384701.692705,334,730
329746.415769,384751.822667,335,730
329879.255203,384735.556779,336,730
329951.849946,384921.295879,338,730
329767.972286,384557.840141,340,730
329736.87625,384401.221967,341,730
329902.259841,384661.761665,342,730
329993.90877,384494.162354,344,730
329711.413585,384699.031499,345,730
329736.687833,384666.588472,347,730
330046.63985,384740.648578,349,730
329961.087439,385051.075003,351,730
329965.139055,384803.788235,352,730
330007.784305,384426.251837,354,730
329849.677036,384967.495436,355,730
329932.237298,384455.684635,356,730
329779.328664,384874.160486,358,730
329798.010742,384395.044385,361,730
329816.824952,384783.40163,362,730
329956.880316,384582.199726,364,730
329940.349358,384564.123586,365,730
330060.910721,384849.240257,367,730
330106.38988,385024.460638,369,730
329762.428679,384822.521843,370,730
329861.733216,385047.854078,372,730
330019.382588,384667.756572,373,730
329858.216174,384974.157358,375,730
330069.029858,385026.8084,381,730
329995.004831,384478.6718,382,730
329876.363776,384957.539855,383,730
329970.350984,384547.693076,385,730
330080.343157,384970.83957,386,730
329976.29352,384475.322568,387,730
330031.988449,384741.303806,391,730
329843.595194,384892.470891,392,730
330154.156532,385006.756099,393,730
329673.612131,384554.096653,394,730
330019.501242,385002.616773,395,730
329789.165594,384923.312573,401,730
329930.097565,384709.32033,403,730
330045.255436,384912.550615,404,730
329901.278447,384542.839492,405,730
329937.859607,384717.534881,406,730
330083.448584,384884.200519,407,730
329806.313367,384384.808731,408,730
329958.141762,384672.302287,416,730
329754.180483,384799.587615,417,730
329944.570681,384574.044633,418,730
329847.108408,384836.220871,419,730
329891.248926,384397.44818,420,730
330006.653855,384441.534943,421,730
329788.692288,384832.659177,423,730
329773.569587,384775.464844,424,730
329866.034917,384673.815125,425,730
330036.589751,384444.748063,426,730
329782.246832,384820.515074,427,730
329822.069211,384933.024803,428,730
329881.847498,384664.226544,429,730
329789.90874,384530.668893,430,730
329735.437292,384691.242237,431,730
329856.892585,384434.991712,433,730
329998.765297,384836.810205,436,730
330073.506572,384979.794836,438,730
329803.779877,384512.914157,439,730
330039.997756,384871.8389,442,730
329956.569786,384502.942909,445,730
329707.687638,384731.959997,446,730
329770.36098,384841.233116,450,730
329946.472693,385073.817999,451,730
330045.99707,385035.414942,453,730
330132.298569,384968.303816,455,730
329785.804549,384935.141972,456,730
330006.711379,384609.859929,457,730
329926.093592,385035.348432,458,730
329901.819806,385044.653957,462,730
330042.015308,385003.535548,464,730
329881.577909,384776.683122,467,730
329733.884368,384796.2076,468,730
329878.141857,384798.889765,469,730
329799.935706,384619.314527,472,730
330074.340997,384938.676075,473,730
329908.522543,384594.259704,476,730
329704.702933,384473.929021,478,730
329732.252497,384636.714167,479,730
329802.423632,384606.580328,480,730
329868.639963,384675.076285,481,730
329856.892585,384434.991712,482,730
329766.440828,384732.422496,483,730
329831.37699,384560.15247,484,730
329728.681805,384407.249978,487,730
329726.896853,384687.838755,488,730
329754.79643,384407.751349,489,730
330026.481962,384966.997206,497,730
329937.704529,384354.112295,498,730
329810.070632,384603.452363,499,730
329820.246154,384929.537491,500,730
329998.452712,384980.529228,501,730
329839.938859,384466.086747,504,730
329825.762634,384509.801569,505,730
329985.979519,384928.386166,506,730
329778.827496,384444.339945,508,730
329854.438509,384690.558863,510,730
329894.604412,384617.077403,511,730
329952.568931,384710.052789,514,730
330045.99707,385035.414942,515,730
329849.677036,384967.495436,516,730
330027.598998,384916.721456,518,730
330011.701317,384790.139941,519,730
329778.827496,384444.339945,520,730
329730.623278,384473.850171,524,730
329891.03658,384439.01913,525,730
329907.770132,384341.624374,526,730
329975.845267,384635.339063,527,730
329716.139338,384745.148162,528,730
329725.494884,384643.158576,531,730
330068.776632,384477.747085,533,730
329905.467883,385042.018923,535,730
329733.430893,384443.258916,536,730
329915.268774,384737.153522,538,730
329819.580179,384701.780757,539,730
329836.617043,384561.535109,540,730
329935.761688,384626.447354,543,730
330010.260238,384704.126412,544,730
329728.046349,384627.864779,545,730
329869.598471,384545.709039,546,730
330107.392015,384960.51192,547,730
329749.321976,384397.719434,548,730
329789.90874,384530.668893,550,730
330032.765899,384933.336492,551,730
329912.432971,384593.556966,552,730
329902.033714,385085.104314,553,730
329935.761688,384626.447354,558,730
329798.41478,384498.650203,559,730
329804.024441,384931.634569,563,730
329876.363776,384957.539855,565,730
329828.301215,384894.127393,567,730
329835.89716,384574.040614,568,730
329792.708744,384607.098222,571,730
329946.428065,384939.580893,573,730
329907.770132,384341.624374,575,730
329820.083677,385080.829245,576,730
329695.460157,384457.678819,577,730
329718.977513,384571.689129,579,730
330051.975518,384968.803882,582,730
330038.383508,384775.947326,584,730
329946.805256,384940.893121,585,730
329771.157294,384851.852893,587,730
329942.145486,384434.686888,589,730
329751.319107,384808.062435,590,730
329967.068401,384544.28053,593,730
329935.180296,384831.017785,595,730
330040.581193,384756.027178,596,730
329825.135339,384378.18187,597,730
329812.456119,384918.177009,599,730
329711.413585,384699.031499,600,730
329811.97332,384502.868186,601,730
329954.879261,384474.644611,603,730
329727.883462,384785.376703,604,730
329916.294822,384474.438624,607,730
329809.844385,384640.488592,608,730
329849.987542,385083.682187,609,730
330121.87525,385010.219479,611,730
329807.910821,384877.71933,612,730
330028.407276,384827.684757,613,730
330061.262574,384802.490169,614,730
330154.156532,385006.756099,615,730
329909.728857,385022.567328,618,730
329951.566593,384900.390278,619,730
329916.294822,384474.438624,622,730
330019.579107,384999.814698,625,730
329991.563476,384627.152435,626,730
329946.928309,384782.226899,627,730
329760.168821,384504.85043,628,730
329886.117628,384730.843251,629,730
329732.252497,384636.714167,632,730
329908.522543,384594.259704,636,730
330058.373678,384983.280887,638,730
329892.548887,384852.44581,639,730
329778.096855,384625.296445,640,730
330010.889381,385000.699376,641,730
329912.458493,384438.709555,642,730
330007.609547,384705.030374,643,730
330092.384771,384855.49612,645,730
329762.083124,384437.769645,646,730
329926.366978,384769.088846,647,730
329687.475635,384576.589376,649,730
329788.89213,384547.801262,651,730
329730.623278,384473.850171,652,730
329934.70727,384970.292687,654,730
330066.023613,384832.879403,655,730
329829.987616,384432.648894,656,730
329877.238114,384631.388379,657,730
329695.906126,384616.303441,659,730
329882.426225,384760.389177,660,730
329989.177695,384497.120335,662,730
329835.256858,384973.76218,664,730
330019.501242,385002.616773,666,730
329903.18776,384551.894937,669,730
330007.784305,384426.251837,671,730
329673.641113,384542.101955,672,730
329795.524158,384845.153444,679,730
330033.843983,384843.802054,685,730
329822.130172,384535.581067,688,730
329949.061638,384549.615279,689,730
329857.93141,384879.103774,690,730
329780.303056,384510.938999,691,730
329998.452712,384980.529228,692,730
329935.180296,384831.017785,695,730
329977.823182,384381.074138,699,730
329954.845089,384588.308354,703,730
329831.140224,385109.738504,704,730
329789.755057,384676.640133,705,730
330037.839782,384491.374288,707,730
329875.028872,384841.709656,708,730
329774.567353,384596.199996,709,730
329871.410678,384459.733013,710,730
329779.234572,384698.953211,714,730
329846.270569,384844.165818,715,730
329967.318842,384877.87871,716,730
329945.517479,384878.539502,717,730
329835.659381,384850.3587,718,730
329979.917833,384490.986108,719,730
329775.054963,384583.207484,720,730
330046.63985,384740.648578,723,730
329922.275171,385036.557254,724,730
329997.009546,384458.082105,728,730
