329545.69471,381665.953348,0,730
329750.829441,381718.747348,0,730
329763.616886,381666.829853,0,730
329632.613643,381318.854845,0,730
329773.815013,381400.741455,0,730
329885.711354,381570.973267,0,730
329470.312696,381622.641103,0,730
329714.953866,381618.990424,0,730
329560.594614,381506.380055,0,730
329480.770789,381577.197218,0,730
329756.195985,381585.997753,0,730
329827.343103,381687.369083,0,730
329541.54469,381543.849412,0,730
329713.977784,381560.886571,0,730
329638.500279,381676.896764,0,730
329700.903369,381614.502882,0,730
329795.997248,381533.572288,0,730
329567.661558,381302.715572,0,730
329879.463396,381417.957415,0,730
329874.732605,381708.934746,0,730
329601.521849,381625.77268,0,730
329799.640409,381669.426,0,730
329675.410173,381438.50476,0,730
329718.585549,381430.214156,0,730
329602.743269,381297.525867,0,730
329557.460002,381556.674293,0,730
329540.459432,381392.647458,0,730
329805.170079,381660.603251,0,730
329817.97237,381341.858438,0,730
329581.233037,381592.838881,0,730
329773.478964,381730.473782,0,730
329854.477326,381344.097201,0,730
329965.659344,381414.481393,0,730
329631.385158,381500.647328,0,730
329855.005981,381766.378423,0,730
329712.509613,381340.648707,0,730
329674.919054,381581.077709,0,730
329817.241093,381316.541139,0,730
329661.642528,381652.519848,0,730
329823.747741,381525.914243,0,730
329601.003817,381375.054291,0,730
329685.004681,381340.98733,0,730
329758.555579,381473.789042,0,730
329873.31861,381652.305083,0,730
329643.368468,381695.483779,0,730
329854.359124,381491.616082,0,730
329545.945761,381335.555373,0,730
329638.537362,381283.014713,0,730
329907.63565,381470.34374,0,730
329753.370517,381732.500129,0,730
329794.373064,381638.04914,0,730
329478.136973,381523.362812,0,730
329661.094926,381528.930351,0,730
329688.145668,381698.176954,0,730
329673.058137,381711.656676,0,730
329567.615424,381289.840743,0,730
329701.895901,381342.811072,0,730
329750.758027,381420.43054,0,730
329565.67629,381414.019377,0,730
329897.679478,381427.025716,0,730
329712.038702,381460.378069,0,730
329860.951841,381640.048217,0,730
329700.013169,381460.325963,0,730
329703.516008,381711.317162,0,730
329504.770915,381638.326192,0,730
329905.010748,381366.620136,0,730
329766.076385,381335.948963,0,730
329690.951755,381682.570889,0,730
329649.812981,381635.589599,0,730
329565.523953,381535.810508,0,730
329803.651148,381695.074602,0,730
329743.433104,381611.59394,0,730
329681.724835,381513.212357,0,730
329688.398856,381410.168964,0,730
329746.110686,381416.305744,0,730
329576.511999,381667.386144,0,730
329696.242615,381377.552004,0,730
329657.166627,381360.991754,0,730
329869.026599,381317.970467,0,730
329847.646182,381573.948727,0,730
329573.511452,381688.331283,0,730
329616.587572,381349.576859,0,730
329866.803627,381392.878997,0,730
329652.846777,381418.46104,0,730
329972.472505,381431.339161,0,730
329527.533217,381414.453899,0,730
329573.391193,381405.798871,0,730
329709.774544,381634.151179,0,730
329769.740729,381714.707627,0,730
329664.012931,381638.07973,0,730
329632.504004,381544.668169,0,730
329532.970576,381501.888396,0,730
329950.187225,381317.920479,0,730
329729.824062,381422.224954,0,730
329798.973296,381582.640917,0,730
329495.876426,381541.305421,0,730
329976.703374,381403.11185,0,730
329490.416301,381495.121528,0,730
329681.558203,381397.409938,0,730
329847.2579,381688.053393,0,730
329757.739258,381635.989208,0,730
329768.669509,381387.60403,0,730
329931.949552,381543.815644,0,730
329687.698664,381357.484326,0,730
329611.72709,381525.793573,0,730
329460.55031,381634.421971,0,730
329923.497019,381332.760605,0,730
329522.331882,381543.859025,0,730
329546.039398,381628.108017,0,730
329692.890827,381633.028216,0,730
329668.740608,381560.875186,0,730
329752.292726,381485.20081,0,730
329913.886342,381408.307012,0,730
329708.111468,381355.325304,0,730
329842.471308,381354.492807,0,730
329808.524087,381431.214953,0,730
329860.210527,381333.369419,0,730
329868.911997,381737.657077,0,730
329558.051095,381316.302442,0,730
329557.409705,381404.061637,0,730
329779.218888,381475.533373,0,730
329652.603006,381303.022449,0,730
329828.713282,381348.319877,0,730
329964.788195,381425.302339,0,730
329936.344889,381398.035597,0,730
329804.75597,381482.290249,0,730
329669.395732,381679.999004,0,730
329870.334839,381439.329795,0,730
329627.327317,381469.528587,0,730
329614.075012,381486.008661,0,730
329634.967435,381350.298257,0,730
329829.066936,381638.324863,0,730
329647.093242,381586.927128,0,730
329621.310875,381632.287337,0,730
329640.469956,381307.585426,0,730
329680.471624,381456.631077,0,730
329681.752705,381414.998251,0,730
329957.974318,381475.721896,0,730
329760.635606,381349.734573,0,730
329829.862134,381579.745679,0,730
329749.337075,381327.655962,0,730
329774.679881,381349.385621,0,730
329684.087612,381321.696435,0,730
329875.836836,381616.763328,0,730
329677.748881,381506.75874,0,730
329982.997057,381372.543725,0,730
329805.845589,381389.780318,0,730
329565.682603,381475.122266,0,730
329593.180511,381602.982196,0,730
329722.986643,381409.232012,0,730
329680.317894,381665.235722,0,730
329616.233758,381639.124338,0,730
329623.910754,381595.275052,0,730
329719.421333,381579.384925,0,730
329594.794428,381341.804827,0,730
329920.513488,381365.167372,0,730
329554.510778,381573.546042,0,730
329503.963692,381596.549617,0,730
329700.504851,381297.921027,0,730
329659.435993,381660.159854,0,730
329632.704284,381360.471391,0,730
329726.92418,381426.906789,0,730
329538.806702,381376.75245,0,730
329704.010831,381614.334659,0,730
329589.535321,381457.868047,0,730
329607.431269,381518.916548,0,730
329676.450827,381634.997345,0,730
329573.908061,381532.92344,0,730
329518.681915,381445.519714,0,730
329926.560425,381414.512378,0,730
329755.420151,381297.567393,0,730
329538.605664,381541.912762,0,730
329707.921409,381729.896495,0,730
329787.908022,381406.355817,0,730
329578.769168,381371.313952,0,730
329890.734079,381612.283104,0,730
329619.59262,381417.758438,0,730
329913.367183,381326.31779,0,730
329683.841939,381549.434311,0,730
329589.706105,381385.76712,0,730
329945.30402,381467.496565,0,730
329811.885952,381382.523282,0,730
329665.161122,381700.919451,0,730
329949.186245,381495.980417,0,730
329710.100309,381355.263473,0,730
329686.164532,381298.99552,0,730
329671.609032,381478.801554,0,730
329818.555927,381694.19991,0,730
329713.264449,381390.92948,0,730
329819.354051,381540.904042,0,730
329652.130973,381517.517196,0,730
329728.85842,381691.735753,0,730
329841.147628,381333.502379,0,730
329874.792418,381686.832238,0,730
329752.152643,381350.457963,0,730
329651.554147,381578.706022,0,730
329783.248425,381713.976342,0,730
329683.275458,381560.307812,0,730
329787.497263,381484.061077,0,730
329907.271067,381542.502333,0,730
329533.057263,381621.310102,0,730
329509.565416,381421.762095,0,730
329689.236302,381608.619734,0,730
329784.541883,381582.904542,0,730
329861.770064,381422.960724,0,730
329670.536749,381413.471277,0,730
329606.856959,381668.95359,0,730
329872.139645,381334.779847,0,730
329777.35512,381550.016456,0,730
329604.443501,381340.976883,0,730
329542.878427,381392.00666,0,730
329677.873134,381302.313625,0,730
329450.624565,381633.49065,0,730
329648.755423,381361.001803,0,730
329907.954864,381354.426698,0,730
329740.864102,381577.5936,0,730
329932.253129,381498.053973,0,730
329488.122819,381581.032777,0,730
329796.66249,381636.530519,0,730
329850.318382,381749.239335,0,730
329933.84088,381434.663689,0,730
329855.731492,381609.147085,0,730
329636.204288,381464.997019,0,730
329779.158731,381430.563494,0,730
329833.688972,381364.806784,0,730
329782.981787,381501.699527,0,730
329542.781741,381684.394719,0,730
329468.61691,381635.238887,0,730
329748.430791,381514.690959,0,730
329851.399386,381323.157171,0,730
329570.563161,381287.083114,0,730
329814.329485,381312.922875,0,730
329554.998158,381545.364354,0,730
329647.581936,381469.71396,0,730
329886.251976,381459.224621,0,730
329836.258591,381355.63759,0,730
329918.830987,381507.19881,0,730
329630.222706,381394.68686,0,730
329598.11753,381656.587706,0,730
329645.747396,381487.668149,0,730
329701.049595,381679.708544,0,730
329634.369399,381692.630024,0,730
329763.433394,381591.491692,0,730
329798.092095,381534.576471,0,730
329780.271819,381622.883479,0,730
329892.963464,381617.440373,0,730
329733.177658,381404.475506,0,730
329681.228118,381362.369181,0,730
329598.628054,381658.220906,0,730
329690.134478,381354.039951,0,730
329645.055034,381607.908507,0,730
329582.776089,381688.515639,0,730
329884.537645,381580.761281,0,730
329654.818702,381477.929681,0,730
329512.734149,381424.915564,0,730
329885.832127,381669.70299,0,730
329858.46505,381416.544934,0,730
329533.447032,381453.889282,0,730
329840.967067,381331.37292,0,730
329545.14079,381550.013972,0,730
329831.051331,381363.574555,0,730
329705.662579,381384.509582,0,730
329907.885874,381601.901446,0,730
329547.248269,381604.857019,0,730
329513.170884,381481.246281,0,730
329638.395803,381678.079632,0,730
329857.585792,381385.523813,0,730
329801.770154,381457.210656,0,730
329966.309486,381446.210628,0,730
329573.300879,381484.315018,0,730
329905.713757,381524.009907,0,730
329586.078481,381296.217817,0,730
329709.312515,381616.728456,0,730
329474.015322,381646.967987,0,730
329624.745224,381380.135029,0,730
329693.188186,381664.218941,0,730
329577.727809,381367.547811,0,730
329586.436839,381679.512387,0,730
329970.429324,381370.443442,0,730
329547.56181,381411.675527,0,730
329878.413773,381343.661893,0,730
329684.879697,381289.642577,0,730
329928.237771,381539.671404,0,730
329640.517767,381563.742913,0,730
329661.088074,381606.292719,0,730
329805.691275,381441.62075,0,730
329996.060413,381319.414362,0,730
329936.647112,381439.521214,0,730
329756.124491,381502.698723,0,730
329617.632579,381385.093697,0,730
329821.105892,381493.817858,0,730
329725.734131,381452.620167,0,730
329542.842392,381362.044006,0,730
329890.049495,381308.533469,0,730
329547.845847,381420.946103,0,730
329747.24667,381529.289996,0,730
329864.229451,381501.72693,0,730
329550.560988,381593.558409,0,730
329652.040441,381415.318168,0,730
329592.882504,381427.533171,0,730
329654.410321,381673.611912,0,730
329577.668015,381554.082471,0,730
329814.889123,381481.437301,0,730
329643.446727,381364.944391,0,730
329598.514012,381325.757359,0,730
329956.255894,381359.463487,0,730
329662.866258,381609.372865,0,730
329558.115726,381624.701108,0,730
329612.920251,381681.276543,0,730
329891.235728,381672.925068,0,730
329931.232,381492.886258,0,730
329480.111351,381605.509816,0,730
329746.793446,381737.480953,0,730
329707.800518,381718.209336,0,730
329744.443683,381341.833758,0,730
329712.71313,381697.046617,0,730
329755.058417,381383.230893,0,730
329697.80338,381510.835588,0,730
329664.443447,381713.046742,0,730
329752.039161,381545.941122,0,730
329843.500841,381363.082716,0,730
329912.567922,381563.779659,0,730
329519.7403,381437.400066,0,730
329781.279575,381459.869242,0,730
329856.443051,381696.710654,0,730
329598.073112,381583.738568,0,730
329712.940618,381516.535441,0,730
329753.302819,381713.773448,0,730
329795.152465,381372.566029,0,730
329851.649663,381416.776561,0,730
329886.223332,381616.956602,0,730
329626.948874,381506.307777,0,730
329750.506881,381344.237021,0,730
329602.28586,381555.819963,0,730
329620.568565,381420.160413,0,730
329766.694105,381480.118345,0,730
329565.184451,381682.191909,0,730
329660.589447,381482.7621,0,730
329713.64887,381424.695854,0,730
329783.026175,381682.470918,0,730
329702.08753,381715.261314,0,730
329888.596825,381597.516605,0,730
329724.308753,381404.092629,0,730
329628.0815,381645.711507,0,730
329852.661322,381414.528741,0,730
329743.160035,381374.99105,0,730
329586.29387,381641.778516,0,730
329959.137943,381454.980926,0,730
329591.275639,381444.053998,0,730
329800.020277,381750.775233,0,730
329860.450812,381610.094352,0,730
329796.43434,381703.548231,0,730
329883.285902,381531.703199,0,730
329564.838596,381479.035374,0,730
329685.218068,381314.057451,0,730
329840.152946,381410.990605,0,730
329842.223258,381474.563756,0,730
329893.981525,381441.360376,0,730
329935.115446,381352.042273,0,730
329940.737094,381417.147165,0,730
329567.037195,381594.065716,0,730
329776.515684,381620.741504,0,730
329868.227914,381473.411447,0,730
329681.482922,381326.136096,0,730
329705.92263,381467.201612,0,730
329832.041593,381619.462521,0,730
329710.478458,381319.6273,0,730
329706.664718,381562.163253,0,730
329798.068044,381645.249882,0,730
329901.57405,381521.69433,0,730
329798.053811,381377.839871,0,730
329812.971061,381530.939267,0,730
329668.558889,381353.982672,0,730
329602.790936,381659.828184,0,730
329505.573102,381672.203706,0,730
329815.083984,381582.878644,0,730
329807.849589,381699.377296,0,730
329896.323266,381436.226876,0,730
329545.861353,381630.150178,0,730
329665.327671,381481.256116,0,730
329812.528598,381634.556947,0,730
329475.030478,381600.465034,0,730
329675.384929,381594.589088,0,730
329863.415868,381399.424402,0,730
329891.70767,381646.670742,0,730
329791.410508,381700.162491,0,730
329662.985577,381561.464352,0,730
329606.764851,381536.166561,0,730
329651.4122,381296.113312,0,730
329624.145358,381538.876214,0,730
329477.225987,381540.756297,0,730
329892.78327,381326.182716,0,730
329637.527496,381289.73793,0,730
329935.914956,381440.91998,0,730
329938.777345,381370.155304,0,730
329912.592614,381451.909303,0,730
329716.83043,381348.920642,0,730
329783.247679,381471.477558,0,730
329470.351261,381615.321279,0,730
329879.895727,381407.397795,0,730
329862.263861,381420.342785,0,730
329890.599892,381446.180386,0,730
329695.049379,381635.483942,0,730
329484.703219,381668.93348,0,730
329484.869734,381505.30161,0,730
329632.383436,381360.936697,0,730
329897.594074,381501.65753,0,730
329720.387729,381530.125658,0,730
329881.233264,381406.66629,0,730
329501.141511,381666.133634,0,730
329779.078133,381518.642214,0,730
329500.427756,381532.787631,0,730
329615.976652,381622.355188,0,730
329724.275311,381613.789385,0,730
329919.763283,381399.559224,0,730
329597.170955,381493.77328,0,730
329556.318349,381355.687965,0,730
329588.510428,381531.559155,0,730
329635.741311,381291.383118,0,730
329477.47904,381624.747823,0,730
329898.852782,381360.354857,0,730
329826.675919,381370.559741,0,730
329857.502504,381500.715298,0,730
329672.027422,381590.586293,0,730
329850.200458,381729.468236,0,730
329903.997123,381408.649695,0,730
329818.836407,381412.362569,0,730
329527.494566,381402.650347,0,730
329968.33091,381400.983715,0,730
329710.964549,381303.287867,0,730
329831.498082,381446.439789,0,730
329603.002042,381581.631724,0,730
329743.941851,381482.318586,0,730
329915.837006,381506.996293,0,730
329593.147525,381372.66605,0,730
329857.345287,381552.158149,0,730
329490.82855,381484.48374,0,730
329964.270307,381339.112228,0,730
329687.3486,381434.057773,0,730
329632.239411,381531.576969,0,730
329562.493746,381689.634277,0,730
329787.055082,381394.424496,0,730
329740.306323,381367.531997,0,730
329754.828446,381727.265487,0,730
329854.359657,381705.484656,0,730
329553.34465,381519.597152,0,730
329896.509754,381319.662722,0,730
329821.854783,381305.276304,0,730
329726.8901,381519.120974,0,730
329562.323504,381546.662988,0,730
329803.320097,381761.055212,0,730
329554.879681,381646.930858,0,730
329808.357078,381466.011282,0,730
329549.012244,381628.557454,0,730
329765.850938,381596.148808,0,730
329843.257516,381506.450797,0,730
329696.047481,381482.39559,0,730
329837.071129,381414.607701,0,730
329540.536033,381399.619977,0,730
329835.111975,381443.524284,0,730
329817.643337,381519.372866,0,730
329641.507627,381623.20794,0,730
329711.225893,381432.140346,0,730
329687.150632,381561.062219,0,730
329701.945403,381668.238205,0,730
329537.25856,381323.726363,0,730
329783.734521,381514.978177,0,730
329761.246021,381709.290772,0,730
329611.277829,381693.453243,0,730
329630.379796,381420.970193,0,730
329719.968222,381418.783953,0,730
329847.632901,381326.465552,0,730
329438.865852,381661.18205,0,730
329816.133004,381454.075965,0,730
329484.851151,381537.375591,0,730
329784.884776,381638.679033,0,730
329677.134526,381677.798745,0,730
329713.181832,381644.594029,0,730
329576.871092,381512.802422,0,730
329693.543706,381454.521858,0,730
329862.271604,381533.472777,0,730
329867.56008,381553.998592,0,730
329905.296807,381608.017707,0,730
329796.719222,381628.375882,0,730
329532.191046,381424.974049,0,730
329671.391882,381462.221608,0,730
329915.642191,381458.664121,0,730
329929.849387,381458.847336,0,730
329572.101453,381285.387884,0,730
329678.225373,381527.077273,0,730
329559.344254,381331.157183,0,730
329924.587598,381509.035622,0,730
329524.560712,381646.348687,0,730
329685.501963,381585.362231,0,730
329961.394181,381452.936588,0,730
329641.255108,381584.43768,0,730
329636.250471,381646.866469,0,730
329538.843856,381441.806913,0,730
329744.788001,381458.457124,0,730
329619.002782,381414.134465,0,730
329615.040408,381379.71256,0,730
329755.149059,381583.234959,0,730
329530.596901,381484.650007,0,730
329734.996622,381696.567402,0,730
329827.895699,381618.530934,0,730
329623.354429,381696.942364,0,730
329684.518048,381715.409703,0,730
329643.863602,381412.517607,0,730
329712.129003,381661.295654,0,730
329929.623803,381425.672755,0,730
329680.259257,381409.90802,0,730
329645.543625,381494.376635,0,730
329542.173427,381646.375707,0,730
329634.379871,381506.179177,0,730
329744.385711,381476.808854,0,730
329555.53045,381395.899814,0,730
329791.973,381701.029244,0,730
329940.111091,381325.124243,0,730
329720.748486,381599.389056,0,730
329689.922572,381625.410596,0,730
329963.413535,381427.152822,0,730
329660.634585,381346.308092,0,730
329598.10933,381353.41807,0,730
329888.686052,381547.943095,0,730
329569.046055,381556.620338,0,730
329912.649353,381465.403923,0,730
329717.707879,381401.842735,0,730
329903.949759,381486.276385,0,730
329873.748716,381528.19043,0,730
329697.272173,381445.114598,0,730
329606.988714,381535.212256,0,730
329868.884067,381660.120978,0,730
329621.061726,381493.762774,0,730
329661.962751,381356.109786,0,730
329583.793991,381633.242472,0,730
329592.175448,381678.71181,0,730
329512.862076,381501.049006,0,730
329794.031737,381354.611477,0,730
329613.485375,381611.4082,0,730
329618.262467,381282.738615,0,730
329601.717684,381458.278144,0,730
329581.465889,381373.847835,0,730
329695.037878,381713.109443,0,730
329704.40251,381516.855149,0,730
329838.131542,381705.535785,0,730
329581.952136,381420.22675,0,730
329756.910625,381336.394176,0,730
329845.050008,381558.337249,0,730
329823.805405,381416.753951,0,730
329680.25458,381430.465503,0,730
329460.849309,381640.177074,0,730
329753.486326,381575.20672,0,730
329806.141787,381409.992257,0,730
329844.178559,381597.950629,0,730
329582.918712,381302.599062,0,730
329960.564733,381327.381295,0,730
329781.980698,381540.354355,0,730
329583.003901,381541.823011,0,730
329577.703539,381432.423198,0,730
329878.980304,381699.880054,0,730
329958.360379,381377.922834,0,730
329648.755664,381582.30977,0,730
329594.626209,381665.010517,0,730
329792.615125,381669.582232,0,730
329850.028158,381616.247664,0,730
329568.467532,381647.087193,0,730
329659.955063,381388.51779,0,730
329515.528409,381396.012635,0,730
329803.907878,381444.940265,0,730
329915.362123,381541.592852,0,730
329819.294348,381604.233339,0,730
329911.972068,381500.291108,0,730
329715.91661,381668.589116,0,730
329598.475308,381649.868214,0,730
329775.962137,381456.525079,0,730
329615.36996,381641.084721,0,730
329789.467543,381330.051779,0,730
329807.043187,381724.824104,0,730
329843.518307,381705.21801,0,730
329587.185119,381597.367511,0,730
329568.687341,381407.237322,0,730
329978.749207,381357.410839,0,730
329563.021195,381366.503864,0,730
329650.129668,381676.615144,0,730
329558.308086,381503.681384,0,730
329714.050828,381600.567341,0,730
329773.918153,381679.935792,0,730
329631.082323,381337.850269,0,730
329658.463701,381687.388699,0,730
329702.781425,381531.17251,0,730
329599.612818,381656.998047,0,730
329882.451036,381322.162991,0,730
329700.998717,381723.172422,0,730
329653.278709,381572.497032,0,730
329847.580255,381577.946901,0,730
329875.902098,381596.4165,0,730
329831.141627,381570.896044,0,730
329655.943488,381340.272195,0,730
329831.048385,381516.34839,0,730
329748.643144,381336.115991,0,730
329783.195691,381443.491259,0,730
329809.511113,381733.880258,0,730
329738.732704,381399.598404,0,730
329513.06835,381438.295248,0,730
329810.668045,381628.230372,0,730
329764.959349,381424.874329,0,730
329926.294783,381549.007168,0,730
329979.898234,381365.701454,0,730
329854.011333,381724.217414,0,730
329715.265229,381406.466886,0,730
329800.098711,381599.45942,0,730
329512.679435,381479.113349,0,730
329504.18357,381445.632756,0,730
329800.840273,381323.305588,0,730
329664.359717,381696.045608,0,730
329523.52142,381603.381605,0,730
329572.724774,381332.594539,0,730
329781.753409,381540.633762,0,730
329668.064292,381394.693911,0,730
329581.824839,381498.053513,0,730
329862.800202,381715.25394,0,730
329908.093909,381511.353006,0,730
329745.454567,381299.642806,0,730
329739.276027,381634.440684,0,730
329734.389873,381496.773876,0,730
329594.087003,381459.750685,0,730
329856.670976,381358.989349,0,730
329887.182619,381507.368475,0,730
329870.480035,381517.965995,0,730
329468.873104,381650.950816,0,730
329895.197288,381385.952661,0,730
329583.218626,381622.480632,0,730
329683.82384,381588.383162,0,730
329483.0713,381561.798087,0,730
329881.725708,381485.037341,0,730
329838.898793,381710.93439,0,730
329596.810319,381646.475569,0,730
329891.835213,381418.125005,0,730
329910.37306,381566.505559,0,730
329588.179744,381302.312908,0,730
329961.499919,381462.363867,0,730
329896.147126,381512.022312,0,730
329653.881773,381342.508737,0,730
329590.452285,381685.764674,0,730
329739.521958,381621.106433,0,730
329764.905164,381467.724697,0,730
329814.26433,381584.006695,0,730
329635.484812,381315.44958,0,730
329756.077675,381401.478614,0,730
329859.221289,381469.184232,0,730
329665.101749,381365.84308,0,730
329487.268251,381624.808578,0,730
329646.257722,381638.941151,0,730
329939.393095,381485.589789,0,730
329844.245593,381769.038189,0,730
329618.415629,381423.647792,0,730
329720.128956,381672.149544,0,730
329785.236716,381409.809872,0,730
329823.50604,381755.241985,0,730
329568.871307,381343.51888,0,730
329668.650147,381663.98489,0,730
329879.585139,381636.542077,0,730
329742.336391,381633.543779,0,730
329949.148055,381341.46359,0,730
329622.831187,381502.718767,0,730
329836.474137,381594.516231,0,730
329798.034557,381335.059113,0,730
329861.97541,381337.663866,0,730
329873.874158,381669.82022,0,730
329575.466494,381627.498858,0,730
329821.565478,381380.832277,0,730
329724.698926,381326.081812,0,730
329549.859995,381681.472367,0,730
329635.249936,381373.221981,0,730
329784.097065,381413.543709,0,730
329762.543131,381502.987319,0,730
329934.837266,381494.52456,0,730
329885.944012,381511.644512,0,730
329945.596415,381331.757637,0,730
329641.338272,381440.727975,0,730
329840.385836,381754.825051,0,730
329804.264085,381742.323622,0,730
329689.310217,381720.756514,0,730
329715.429011,381293.449623,0,730
329643.352302,381357.547527,0,730
329583.943832,381450.558261,0,730
329902.439954,381318.579325,0,730
329881.194769,381695.613339,0,730
329753.451253,381500.022654,0,730
329704.448914,381461.529178,0,730
329611.193312,381495.312116,0,730
329695.790494,381378.93502,0,730
329582.325317,381461.14376,0,730
329577.963103,381329.910304,0,730
329590.278795,381679.401589,0,730
329666.758889,381372.473868,0,730
329560.557826,381388.545291,0,730
329624.555209,381348.451923,0,730
329582.624297,381673.215382,0,730
329569.510653,381479.204337,0,730
329631.225236,381638.9172,0,730
329910.095595,381418.448787,0,730
329664.930173,381390.381781,0,730
329502.324311,381536.946479,0,730
329841.447224,381403.478254,0,730
329857.921537,381562.968266,0,730
329753.336659,381383.380184,0,730
329895.304454,381395.964439,0,730
329837.075843,381436.293093,0,730
329587.708159,381455.690153,0,730
329868.418334,381383.708391,0,730
329827.598876,381409.00087,0,730
329816.057184,381300.418362,0,730
329680.561765,381408.209707,0,730
329712.107728,381694.000754,0,730
329891.39647,381658.50515,0,730
329593.046154,381375.285799,0,730
329633.437926,381712.93005,0,730
329897.562146,381437.041633,0,730
329608.22529,381371.918767,0,730
329774.896978,381554.10934,0,730
329624.746265,381374.627634,0,730
329505.905658,381631.99637,0,730
329915.150588,381460.502927,0,730
329900.852081,381348.952757,0,730
329955.155748,381400.673227,0,730
329630.058957,381314.309687,0,730
329851.305463,381461.689064,0,730
329775.968673,381297.292659,0,730
329459.12333,381638.358333,0,730
329497.629947,381653.613021,0,730
329865.240991,381365.813995,0,730
329477.149665,381573.000753,0,730
329748.489683,381578.534113,0,730
329795.821383,381460.682266,0,730
329575.877293,381645.001032,0,730
329923.010707,381347.690112,0,730
329633.225775,381479.014546,0,730
329492.978712,381648.708326,0,730
329531.238796,381414.853261,0,730
329707.073641,381358.775049,0,730
329787.715867,381594.301532,0,730
329716.575924,381365.420937,0,730
329766.415251,381612.97639,0,730
329694.785123,381574.553868,0,730
329543.428791,381604.424214,0,730
329736.392892,381362.394025,0,730
329839.52237,381511.184981,0,730
329521.608123,381447.253942,0,730
329891.252871,381448.731152,0,730
329903.721484,381461.19297,0,730
329744.334324,381544.374011,0,730
329519.72166,381553.167297,0,730
329666.17838,381603.567577,0,730
329853.738352,381527.590677,0,730
329539.02969,381479.220553,0,730
329670.356109,381343.944592,0,730
329654.620102,381356.823844,0,730
329854.073823,381433.5327,0,730
329815.161068,381596.854912,0,730
329574.545754,381388.361809,0,730
329853.99397,381436.975768,0,730
329700.698883,381575.651225,0,730
329908.774178,381552.387264,0,730
329515.243163,381617.784471,0,730
329750.196677,381687.49265,0,730
329586.444967,381583.73527,0,730
329780.39748,381661.569013,0,730
329805.646463,381338.53961,0,730
329727.051751,381336.553852,0,730
329955.435015,381417.2227,0,730
329713.39026,381671.861938,0,730
329837.674055,381635.955824,0,730
329825.485269,381539.721455,0,730
329604.284038,381410.132776,0,730
329884.815675,381325.450147,0,730
329562.796566,381490.031614,0,730
329723.453157,381529.948851,0,730
329829.288285,381361.845992,0,730
329872.220884,381434.176567,0,730
329615.190552,381392.295572,0,730
329643.640009,381678.771967,0,730
329862.880009,381634.83601,0,730
329562.261862,381689.666116,0,730
329520.990346,381384.545791,0,730
329651.108833,381616.068845,0,730
329663.933168,381381.727199,0,730
329665.49599,381625.391014,0,730
329524.222218,381612.7458,0,730
329760.74392,381306.175295,0,730
329801.352979,381725.728182,0,730
329609.2694,381680.609612,0,730
329770.992894,381297.603067,0,730
329564.288169,381654.926991,0,730
329561.635301,381288.220476,0,730
329891.042959,381674.880648,0,730
329851.081677,381560.072113,0,730
329630.104569,381334.164593,0,730
329827.892677,381410.951981,0,730
329842.437955,381367.810097,0,730
329509.445874,381495.142852,0,730
329735.660172,381475.669567,0,730
329765.99953,381595.174171,0,730
329893.5426,381312.000476,0,730
329471.85779,381635.269831,0,730
329538.71796,381345.057556,0,730
329904.015664,381341.795824,0,730
329807.090351,381499.601897,0,730
329631.508351,381554.064137,0,730
329609.26218,381324.778092,0,730
329838.413996,381416.455834,0,730
329629.393139,381406.638523,0,730
329569.835741,381534.713172,0,730
329909.52998,381556.292183,0,730
329663.392048,381634.600619,0,730
329751.833446,381641.243568,0,730
329952.612289,381430.88961,0,730
329473.209037,381586.85154,0,730
329853.849934,381635.777497,0,730
329495.644742,381614.600303,0,730
329776.041716,381594.807233,0,730
329560.962849,381620.544646,0,730
329621.278717,381698.35692,0,730
329678.089767,381598.737942,0,730
329842.787209,381579.557126,0,730
329633.058715,381391.951566,0,730
329732.969536,381633.857213,0,730
329858.583717,381607.474098,0,730
329576.235521,381671.042201,0,730
329919.78097,381372.233781,0,730
329864.941113,381472.738829,0,730
329677.983991,381615.794432,0,730
329735.360825,381399.497759,0,730
329500.939319,381581.693709,0,730
329678.492467,381517.494139,0,730
329611.759259,381322.253565,0,730
329776.613034,381392.764072,0,730
329676.477206,381653.028334,0,730
329571.512331,381588.265404,0,730
329497.335621,381650.506196,0,730
329656.040587,381616.69853,0,730
329856.667548,381318.704464,0,730
329572.686335,381401.889477,0,730
329578.021183,381312.347228,0,730
329865.884263,381378.879831,0,730
329877.223104,381388.45599,0,730
329970.320992,381440.201487,0,730
329513.504088,381568.936856,0,730
329568.905826,381420.608353,0,730
329846.966248,381378.255787,0,730
329658.333453,381468.077143,0,730
329463.385317,381657.120803,0,730
329820.776231,381519.686361,0,730
329661.790811,381405.331836,0,730
329529.720527,381618.754809,0,730
329727.364813,381334.853997,0,730
329666.187126,381452.900388,0,730
329754.279225,381295.789374,0,730
329733.176194,381467.741455,0,730
329533.122434,381502.45292,0,730
329720.345554,381302.493361,0,730
329881.760037,381383.662962,0,730
329611.908712,381604.305209,0,730
329810.007195,381313.119589,0,730
329896.665833,381481.132773,0,730
329908.642426,381359.593847,0,730
329573.875102,381426.553937,0,730
329822.406259,381691.139617,0,730
329681.011182,381561.99556,0,730
329545.908152,381529.249058,0,730
329785.217755,381476.4289,0,730
329925.661682,381543.105299,0,730
329598.834512,381411.759882,0,730
329655.728474,381311.390252,0,730
329753.105715,381309.734751,0,730
329699.941687,381684.820834,0,730
329811.335139,381768.942664,0,730
329601.027967,381431.051816,0,730
329624.820823,381437.976007,0,730
329827.1373,381545.925182,0,730
329800.651916,381572.395895,0,730
329862.845381,381501.382546,0,730
329869.330983,381596.890238,0,730
329624.855339,381461.036131,0,730
329908.667124,381508.23005,0,730
329818.918293,381530.914423,0,730
329658.795845,381390.214054,0,730
329516.513867,381434.556113,0,730
329598.756756,381409.353039,0,730
329669.574934,381450.29428,0,730
329757.924086,381568.388417,0,730
329944.27774,381397.857952,0,730
329590.351051,381286.439726,0,730
329557.081721,381289.737111,0,730
329699.369632,381308.531709,0,730
329530.800951,381481.240461,0,730
329756.695299,381566.649609,0,730
329789.672137,381724.403201,0,730
329796.805687,381394.620819,0,730
329912.238693,381395.448377,0,730
329833.566108,381609.849698,0,730
329524.61727,381384.13009,0,730
329650.313065,381586.41139,0,730
329839.836994,381312.624121,0,730
329546.429257,381398.700559,0,730
329749.071559,381376.07855,0,730
329802.602103,381331.240638,0,730
329659.473493,381682.931227,0,730
329876.41344,381524.111833,0,730
329556.297253,381551.75228,0,730
329886.606121,381375.238975,0,730
329778.341524,381640.904957,0,730
329829.134057,381401.514012,0,730
329615.171761,381395.340238,0,730
329613.749694,381439.567547,0,730
329538.786566,381408.745857,0,730
329633.233058,381667.432265,0,730
329738.626476,381724.948153,0,730
329556.345008,381501.910344,0,730
329720.971152,381623.71127,0,730
329942.276792,381453.57586,0,730
329660.701889,381532.252273,0,730
329783.490696,381418.330129,0,730
329807.363886,381551.701614,0,730
329835.57698,381593.971968,0,730
329798.632937,381307.813461,0,730
329535.047393,381403.337415,0,730
329789.338102,381490.808229,0,730
329621.701836,381450.525317,0,730
329455.477433,381633.40282,0,730
329807.336375,381533.743,0,730
329900.364577,381476.496808,0,730
329852.335311,381521.619854,0,730
329736.765417,381554.999106,0,730
329867.03151,381430.480013,0,730
329535.467844,381352.85835,0,730
329573.066637,381574.048799,0,730
329561.631674,381416.664646,0,730
329812.163248,381371.036234,0,730
329585.63652,381610.590911,0,730
329620.056587,381538.737556,0,730
329584.859085,381527.338416,0,730
329805.033072,381379.206593,0,730
329640.343741,381550.44484,0,730
329884.355825,381352.413455,0,730
329772.388947,381570.186978,0,730
329862.386099,381626.079711,0,730
329754.135863,381582.41596,0,730
329551.992054,381577.444583,0,730
329819.700385,381395.242525,0,730
329885.067271,381324.164158,0,730
329545.543706,381336.231444,0,730
329623.656995,381439.941455,0,730
329920.31001,381442.188179,0,730
329664.384869,381365.590282,0,730
329710.164611,381329.227815,0,730
329849.990808,381662.547951,0,730
329678.311138,381667.04991,0,730
329874.13916,381443.126971,0,730
329786.565688,381680.448792,0,730
329466.397232,381626.726449,0,730
329616.350033,381390.70203,0,730
329639.326756,381585.926238,0,730
329714.835056,381492.842215,0,730
329496.788575,381565.806763,0,730
329639.844817,381406.640793,0,730
329543.223024,381515.615428,0,730
329859.619263,381683.609191,0,730
329569.759041,381533.668775,0,730
329838.699471,381497.934414,0,730
329703.35416,381362.755852,0,730
329859.083111,381697.873397,0,730
329836.949099,381684.694114,0,730
329916.116071,381450.673173,0,730
329880.447139,381566.575745,0,730
329531.286122,381648.639405,0,730
329804.182516,381521.957402,0,730
329856.74681,381592.624884,0,730
329723.757855,381639.602523,0,730
329651.191239,381577.237642,0,730
329883.626658,381521.114017,0,730
329533.077061,381369.126342,0,730
329879.333312,381624.557673,0,730
329817.028235,381565.017386,0,730
329558.464649,381666.140294,0,730
329544.913757,381443.462368,0,730
329931.046987,381341.179539,0,730
329852.921127,381566.156768,0,730
329853.616931,381459.532464,0,730
329800.62371,381376.416177,0,730
329900.60232,381545.422653,0,730
329859.532855,381441.366462,0,730
329755.884348,381483.056535,0,730
329701.490226,381647.515203,0,730
329815.188135,381299.82532,0,730
329592.750141,381447.86066,0,730
329660.331823,381646.875798,0,730
329681.683654,381325.776221,0,730
329903.046066,381487.358145,0,730
329533.793751,381378.042347,0,730
329946.445449,381445.588673,0,730
329686.038641,381386.406704,0,730
329885.527076,381416.690238,0,730
330000.783182,381322.649254,0,730
329625.889943,381606.372324,0,730
329612.893432,381502.073509,0,730
329655.322222,381460.762032,0,730
329800.327285,381695.217186,0,730
329906.086549,381459.349471,0,730
329895.310966,381363.588811,0,730
329665.533759,381439.422686,0,730
329909.437352,381603.164225,0,730
329471.350459,381567.173554,0,730
329783.293287,381617.272105,0,730
329631.678045,381545.207365,0,730
329679.005062,381418.333019,0,730
329814.376969,381415.714514,0,730
329860.241927,381754.701664,0,730
329700.029254,381691.600035,0,730
329671.039988,381704.513877,0,730
329674.10594,381610.23965,0,730
329985.536647,381339.014058,0,730
329590.627087,381484.948825,0,730
329773.603055,381665.139986,0,730
329834.490394,381684.443246,0,730
329833.851912,381778.929947,0,730
329861.409357,381614.413427,0,730
329920.28098,381558.641787,0,730
329573.570792,381634.601471,0,730
329713.845988,381720.504337,0,730
329995.132164,381337.745116,0,730
329591.546328,381400.767853,0,730
329651.367316,381525.86442,0,730
329615.621893,381501.398574,0,730
329725.876065,381314.652426,0,730
329522.142167,381408.600816,0,730
329896.404051,381585.663379,0,730
329783.869717,381756.708008,0,730
329760.752489,381461.047883,0,730
329822.553242,381605.247669,0,730
329589.148093,381538.143068,0,730
329628.159097,381329.473119,0,730
329726.087326,381629.271213,0,730
329693.112749,381689.283136,0,730
329519.60282,381395.262332,0,730
329747.216062,381365.759294,0,730
329521.320657,381402.498272,0,730
329962.145789,381393.063499,0,730
329694.437473,381600.995523,0,730
329862.42667,381679.942437,0,730
329616.660948,381377.379057,0,730
329551.194409,381681.777938,0,730
329825.938198,381314.50615,0,730
329554.016073,381367.296703,0,730
329843.583023,381741.951947,0,730
329677.318092,381303.87159,0,730
329530.328815,381344.582111,0,730
329549.220289,381658.963112,0,730
329609.333918,381619.596597,0,730
329929.260001,381398.080235,0,730
329908.774061,381421.786133,0,730
329499.506687,381641.316702,0,730
329621.991041,381595.854761,0,730
329698.797559,381482.040439,0,730
329835.067104,381346.786399,0,730
329700.788746,381639.750089,0,730
329619.584277,381543.419555,0,730
329935.126497,381368.286928,0,730
329670.077,381395.94783,0,730
329634.597493,381344.299362,0,730
329577.924421,381370.33233,0,730
329686.075874,381446.286293,0,730
329897.333597,381648.390702,0,730
329769.272505,381523.068502,0,730
329864.474248,381614.514747,0,730
329897.009828,381464.065345,0,730
329992.622769,381349.294484,0,730
329838.48282,381713.701591,0,730
329606.981809,381651.280759,0,730
329765.155283,381323.803503,0,730
329557.237982,381678.570281,0,730
329673.020927,381542.456769,0,730
329837.892803,381762.09209,0,730
329605.524278,381282.669072,0,730
329731.423837,381528.10117,0,730
329645.798686,381590.52785,0,730
329842.669263,381385.547454,0,730
329639.67822,381335.610804,0,730
329698.151701,381417.95112,0,730
329791.236765,381496.632525,0,730
329852.361737,381362.290842,0,730
329823.506076,381417.865768,0,730
329825.676803,381346.672979,0,730
329897.398076,381419.087551,0,730
329937.093533,381359.745706,0,730
329867.886557,381700.879479,0,730
329667.302818,381485.358861,0,730
329709.330715,381525.166652,0,730
329843.827851,381483.011371,0,730
329876.991045,381568.761339,0,730
329666.475857,381706.603229,0,730
329732.783483,381496.197759,0,730
329464.926673,381620.001816,0,730
329880.881469,381670.843592,0,730
329947.841595,381354.625426,0,730
329941.762306,381493.371509,0,730
329824.022698,381523.041793,0,730
329702.973578,381615.086103,0,730
329747.540484,381309.686519,0,730
329801.499415,381673.425244,0,730
329636.189401,381635.337943,0,730
329881.332513,381394.915994,0,730
329479.618581,381626.751181,0,730
329635.076112,381655.888449,0,730
329505.480503,381443.039149,0,730
329630.786713,381637.19992,0,730
329829.537348,381660.324534,0,730
329801.317874,381461.772115,0,730
329506.49629,381458.992861,0,730
329803.138138,381381.439635,0,730
329787.611605,381574.955262,0,730
329775.354333,381447.553047,0,730
329800.762272,381421.865646,0,730
329805.254156,381695.199189,0,730
329680.727656,381550.255848,0,730
329857.092064,381761.724205,0,730
329820.812636,381443.315613,0,730
329818.694712,381323.951852,0,730
329748.770872,381549.918486,0,730
329626.340032,381301.960985,0,730
329673.726753,381362.512138,0,730
329754.974832,381669.177136,0,730
329891.721089,381422.020931,0,730
329541.688319,381531.964422,0,730
329708.692575,381723.799696,0,730
329728.166353,381676.733134,0,730
329673.027781,381594.854485,0,730
329892.312765,381453.753422,0,730
329966.833265,381427.626133,0,730
329813.300366,381488.128838,0,730
329538.561552,381441.848401,0,730
329907.053232,381618.847395,0,730
329828.231733,381731.311535,0,730
329904.098517,381501.396737,0,730
329789.634836,381340.866209,0,730
329741.948215,381663.358014,0,730
329624.67332,381518.380767,0,730
329798.372989,381306.139169,0,730
329669.668026,381425.500338,0,730
329900.78003,381565.094327,0,730
329722.897432,381448.270864,0,730
329531.935372,381673.538049,0,730
329684.812278,381413.509928,0,730
329834.777869,381622.930015,0,730
329777.894346,381740.736738,0,730
329592.498179,381356.021714,0,730
329908.136924,381532.777538,0,730
329574.957993,381477.188409,0,730
329623.979035,381472.307753,0,730
329770.186963,381611.955633,0,730
329638.622877,381420.886517,0,730
329834.760887,381713.332968,0,730
329586.719656,381376.58796,0,730
329603.774292,381482.128578,0,730
329750.431264,381423.890413,0,730
329817.998468,381566.766507,0,730
329750.838639,381665.847847,0,730
329685.753854,381380.722281,0,730
329726.071875,381663.584198,0,730
329588.315663,381483.711457,0,730
329562.901709,381387.443196,0,730
329648.856411,381593.934087,0,730
329826.285251,381657.229612,0,730
329874.833175,381583.631293,0,730
329875.882041,381326.832182,0,730
329537.010363,381426.018029,0,730
329718.416045,381349.784365,0,730
329749.995359,381467.560012,0,730
329882.407181,381392.382492,0,730
329558.152985,381599.974474,0,730
329885.951158,381333.807006,0,730
329639.442159,381589.505898,0,730
329670.21638,381371.22243,0,730
329893.949654,381471.944909,0,730
329465.922112,381622.429566,0,730
329701.523593,381425.308993,0,730
329629.9148,381354.870977,0,730
329680.533451,381691.419371,0,730
329665.452916,381317.572077,0,730
329900.927855,381512.40169,0,730
329574.82752,381679.156429,0,730
329785.624529,381615.095159,0,730
329845.946558,381766.541119,0,730
329782.258362,381321.731137,0,730
329731.634686,381380.721073,0,730
329675.2828,381454.570659,0,730
329680.879832,381285.800895,0,730
329696.75225,381537.857365,0,730
329918.820048,381504.243777,0,730
329851.893761,381372.097759,0,730
329537.915035,381537.421713,0,730
329716.857427,381407.489434,0,730
329773.521694,381749.143219,0,730
329898.501129,381595.179275,0,730
329873.189027,381449.252776,0,730
329714.658156,381650.767228,0,730
329713.928585,381306.144294,0,730
329504.495214,381462.077451,0,730
329604.229893,381620.692939,0,730
329798.070736,381489.19143,0,730
329673.710612,381484.771379,0,730
329644.531576,381419.150228,0,730
329694.781225,381709.882049,0,730
329559.249001,381322.235479,0,730
329665.387228,381581.584075,0,730
329625.089506,381615.668344,0,730
329655.744645,381604.308574,0,730
329757.10937,381633.580004,0,730
329731.917453,381739.406117,0,730
329547.14615,381440.199757,0,730
329804.148035,381514.500907,0,730
329687.178595,381384.827156,0,730
329945.372243,381398.997211,0,730
329926.148463,381398.271412,0,730
329548.403146,381573.134229,0,730
329544.026357,381667.477486,0,730
329573.043633,381639.507736,0,730
329918.102945,381564.061138,0,730
329938.181021,381488.58397,0,730
329547.861172,381355.601438,0,730
329835.063266,381616.903442,0,730
329687.622361,381581.787387,0,730
329554.833239,381387.466962,0,730
329879.878343,381686.454376,0,730
329484.085666,381519.30178,0,730
329554.9665,381276.784892,0,730
329752.796218,381633.65524,0,730
329953.24997,381329.090841,0,730
329622.841184,381516.656643,0,730
329752.595954,381669.650078,0,730
329754.467248,381583.329615,0,730
329619.964925,381646.366236,0,730
329711.072858,381643.172608,0,730
329618.142289,381294.731609,0,730
329512.923475,381613.848396,0,730
329811.857559,381625.801878,0,730
329551.039048,381279.519366,0,730
329675.507361,381568.655705,0,730
329835.592838,381305.442319,0,730
329466.35294,381621.578582,0,730
329873.244758,381576.376468,0,730
329809.570897,381523.766962,0,730
329847.169578,381705.523071,0,730
329670.257768,381354.258363,0,730
329875.156854,381582.595849,0,730
329815.191416,381563.956999,0,730
329603.228769,381345.940481,0,730
329783.199966,381577.287337,0,730
329797.010512,381627.315201,0,730
329804.802928,381307.015697,0,730
329622.785277,381465.164536,0,730
329925.931705,381501.78766,0,730
329655.909973,381412.940543,0,730
329733.711637,381459.010206,0,730
329729.40209,381454.149831,0,730
329817.957069,381747.936085,0,730
329944.143586,381485.854054,0,730
329786.884997,381644.723652,0,730
329618.369818,381683.22097,0,730
329809.726771,381383.186806,0,730
329661.021595,381655.470948,0,730
329924.949334,381548.012962,0,730
329811.116806,381491.084514,0,730
329799.128809,381700.867961,0,730
329889.909818,381343.978373,0,730
329774.362577,381559.878876,0,730
329770.035984,381298.669226,0,730
329937.04328,381504.062922,0,730
329787.876774,381352.639536,0,730
329569.886453,381587.40104,0,730
329595.520598,381673.540111,0,730
329665.35496,381436.174668,0,730
329789.242482,381331.717318,0,730
329860.078404,381410.790064,0,730
329873.892335,381542.794673,0,730
329760.81872,381295.931066,0,730
329713.280556,381603.851403,0,730
329753.315329,381517.604672,0,730
329573.534918,381653.636276,0,730
329805.828461,381721.38686,0,730
329685.958383,381655.86252,0,730
329960.135474,381378.561852,0,730
329859.279872,381386.610823,0,730
329820.715186,381358.878297,0,730
329538.007709,381406.130532,0,730
329723.663973,381336.135285,0,730
329895.47981,381619.222037,0,730
329664.547032,381585.034802,0,730
329811.041632,381579.41833,0,730
329572.092332,381328.64705,0,730
329666.073536,381395.554628,0,730
329632.917286,381524.560932,0,730
329921.494095,381575.583881,0,730
329864.393428,381731.946555,0,730
329680.489856,381424.137841,0,730
329754.814951,381677.0676,0,730
329535.350915,381352.959302,0,730
329867.612091,381311.105506,0,730
329970.209448,381414.032496,0,730
329527.200659,381650.105328,0,730
329791.255138,381633.014464,0,730
329792.885862,381444.977414,0,730
329624.431887,381319.731486,0,730
329859.686641,381417.882518,0,730
329820.0721,381412.518431,0,730
329585.606733,381536.772136,0,730
329624.174499,381284.189087,0,730
329933.004394,381512.037406,0,730
329591.442937,381558.708622,0,730
329629.277466,381430.601095,0,730
329806.580901,381592.412372,0,730
329855.170834,381314.616868,0,730
329609.007405,381372.306031,0,730
329640.22456,381623.323177,0,730
329980.245621,381320.85915,0,730
329506.811616,381504.738771,0,730
329729.734717,381492.989817,0,730
329678.657058,381464.243108,0,730
329929.775595,381470.357875,0,730
329721.278295,381408.506683,0,730
329654.344074,381491.944638,0,730
329639.312521,381281.959937,0,730
329745.871356,381540.156895,0,730
329846.249157,381303.010045,0,730
329857.732967,381521.203775,0,730
329626.400541,381472.626355,0,730
329575.077481,381433.340133,0,730
329807.944914,381338.372209,0,730
329866.756973,381337.368443,0,730
329568.156755,381301.065582,0,730
329647.169738,381311.556554,0,730
329737.909772,381535.728256,0,730
329581.181346,381404.201705,0,730
329700.550638,381326.42143,0,730
329885.112083,381648.819923,0,730
329796.283132,381628.656276,0,730
329609.12869,381479.130686,0,730
329554.096425,381669.671417,0,730
329568.763127,381303.700913,0,730
329801.548299,381298.576758,0,730
329685.759887,381286.644161,0,730
329731.122427,381369.476856,0,730
329903.510181,381619.383025,0,730
329905.745381,381471.898254,0,730
329893.921254,381421.359907,0,730
329784.489868,381303.812244,0,730
329724.647167,381367.676878,0,730
329531.549624,381447.901188,0,730
329871.441363,381358.310258,0,730
329837.155716,381742.013768,0,730
329738.975391,381420.823873,0,730
329573.427307,381598.449287,0,730
329618.505029,381371.196483,0,730
329570.9544,381398.161984,0,730
329749.798491,381467.460573,0,730
329652.460368,381358.82933,0,730
329869.790471,381582.985483,0,730
329531.674542,381649.660844,0,730
329480.924463,381620.183644,0,730
329753.464313,381659.030124,0,730
329541.433834,381503.535514,0,730
329638.378564,381350.312131,0,730
329796.07838,381361.199044,0,730
329807.329546,381352.124796,0,730
329620.771758,381419.92061,0,730
329756.525402,381394.38313,0,730
329565.358703,381479.137524,0,730
329553.000484,381434.378107,0,730
329608.955208,381547.776611,0,730
329957.678563,381396.422339,0,730
329588.679559,381489.893133,0,730
329624.081296,381591.888146,0,730
329604.277435,381594.622519,0,730
329492.847528,381582.328086,0,730
329479.482796,381559.085066,0,730
329720.774517,381337.61977,0,730
329615.037949,381704.728842,0,730
329650.217598,381659.548485,0,730
329762.668013,381463.872883,0,730
329507.79221,381451.780112,0,730
329951.040199,381408.64225,0,730
329608.682904,381335.329689,0,730
329770.245935,381444.630788,0,730
329623.423896,381691.169617,0,730
329698.110967,381395.293333,0,730
329835.939871,381466.420117,0,730
329723.280734,381492.567908,0,730
329844.761296,381733.987409,0,730
329494.024622,381501.714224,0,730
329823.255944,381541.081712,0,730
329568.863921,381414.762175,0,730
329567.004491,381495.210003,0,730
329828.736175,381310.622677,0,730
329764.339582,381627.916882,0,730
329829.562469,381470.175633,0,730
329581.665257,381305.699038,0,730
329819.14928,381456.875537,0,730
329705.040444,381337.069794,0,730
329660.822027,381532.21632,0,730
329534.588611,381627.37374,0,730
329906.48681,381382.502609,0,730
329882.826492,381697.100419,0,730
329662.057374,381469.836978,0,730
329773.697042,381608.292799,0,730
329706.196096,381352.488382,0,730
329638.94592,381412.143834,0,730
329657.280532,381670.390212,0,730
329559.313413,381371.1802,0,730
329613.465115,381511.029186,0,730
329869.932801,381660.792789,0,730
329537.22287,381537.57062,0,730
329958.42529,381319.36784,0,730
329764.989807,381692.75469,0,730
329607.910874,381414.713542,0,730
329621.568394,381591.149626,0,730
329780.868058,381365.866869,0,730
329703.652528,381401.384892,0,730
329875.88053,381680.427205,0,730
329745.935676,381389.762454,0,730
329526.608776,381474.761666,0,730
329846.353918,381711.420987,0,730
329832.168969,381693.792502,0,730
329634.656443,381648.678023,0,730
329596.273678,381468.169791,0,730
329816.591924,381445.35317,0,730
329584.307358,381347.858825,0,730
329479.454623,381601.919543,0,730
329641.193549,381625.54661,0,730
329609.437759,381441.347486,0,730
329912.085589,381429.008234,0,730
329645.198749,381689.211216,0,730
329785.476389,381657.112161,0,730
329612.956891,381628.878123,0,730
329758.84779,381476.321578,0,730
329816.007008,381314.344495,0,730
329849.032885,381485.446113,0,730
329557.030098,381348.359883,0,730
329811.092481,381696.542651,0,730
329799.914308,381346.955905,0,730
329526.901962,381585.677779,0,730
329749.324003,381391.457819,0,730
329935.429093,381344.344211,0,730
329652.208738,381348.713033,0,730
329975.257233,381383.95598,0,730
329654.981778,381395.523239,0,730
329714.801627,381415.545793,0,730
329549.311409,381292.505866,0,730
329535.030459,381516.532468,0,730
329728.285789,381575.832422,0,730
329797.663335,381538.426508,0,730
329933.064547,381331.372594,0,730
329562.093481,381384.502862,0,730
329507.66391,381486.69427,0,730
329934.55704,381454.073467,0,730
329720.314621,381672.75953,0,730
329536.759929,381496.934126,0,730
329775.573123,381491.410064,0,730
329633.262245,381437.110233,0,730
329662.164302,381302.258132,0,730
329879.861803,381498.99635,0,730
329716.540164,381395.52357,0,730
329847.950141,381505.062481,0,730
329808.613207,381425.1529,0,730
329730.740748,381552.073849,0,730
329799.261718,381332.708721,0,730
329546.961348,381313.869274,0,730
329789.493517,381402.623061,0,730
329667.137589,381485.59966,0,730
329846.472653,381384.59473,0,730
329875.512788,381537.126629,0,730
329706.955454,381400.437555,0,730
329929.335672,381435.930868,0,730
329565.653972,381417.037563,0,730
329735.124263,381384.907757,0,730
329820.58147,381442.417723,0,730
329647.155724,381429.007957,0,730
329518.714248,381539.151356,0,730
329778.464518,381495.308551,0,730
329858.539574,381442.924374,0,730
329808.864,381736.913399,0,730
329622.842565,381534.42309,0,730
329583.457404,381503.932796,0,730
329593.45432,381329.779305,0,730
329597.675241,381614.007893,0,730
329702.237544,381651.822576,0,730
329809.599344,381721.54064,0,730
329589.805856,381690.496544,0,730
329698.681393,381528.718832,0,730
329934.748304,381459.123581,0,730
329778.003507,381362.549058,0,730
329780.352911,381528.029717,0,730
329593.188228,381549.473539,0,730
329595.883256,381387.99959,0,730
329622.230556,381547.53708,0,730
329793.907615,381619.264628,0,730
329572.614667,381528.280891,0,730
329873.44706,381427.234785,0,730
329883.218513,381529.760262,0,730
329532.313371,381470.136356,0,730
329738.14248,381582.269016,0,730
329785.249814,381547.682894,0,730
329894.439355,381564.793534,0,730
329641.275405,381387.650703,0,730
329916.284258,381495.549852,0,730
329899.403605,381479.962088,0,730
329703.160161,381653.947026,0,730
329950.185962,381375.486572,0,730
329665.396502,381644.051945,0,730
329510.353313,381436.686672,0,730
329526.763245,381519.463688,0,730
329786.499131,381341.31339,0,730
329666.752779,381328.373081,0,730
329588.564183,381465.785599,0,730
329812.797613,381385.559102,0,730
329737.125599,381723.089671,0,730
329615.176155,381452.306706,0,730
329560.342191,381620.268508,0,730
329906.754074,381569.526147,0,730
329641.036557,381403.214119,0,730
329726.807006,381488.540607,0,730
329992.996619,381319.802575,0,730
329873.505166,381544.687536,0,730
329658.395364,381482.302013,0,730
329971.58808,381376.323342,0,730
329799.619917,381695.662466,0,730
329943.00731,381466.401211,0,730
329582.447496,381301.71411,0,730
329914.338911,381324.196447,0,730
329646.360003,381460.468603,0,730
329870.025658,381623.00301,0,730
329719.84643,381489.813776,0,730
329603.314213,381429.314075,0,730
329702.871071,381622.728601,0,730
329767.185041,381466.7282,0,730
329626.21748,381391.040854,0,730
329884.862149,381474.119958,0,730
329885.49488,381576.009484,0,730
329625.356766,381439.958561,0,730
329870.968028,381426.614142,0,730
329543.821199,381297.759241,0,730
329768.427158,381315.578416,0,730
329688.642839,381526.683156,0,730
329980.236223,381331.708653,0,730
329673.354793,381425.111728,0,730
329908.344531,381510.519571,0,730
329803.317162,381533.169129,0,730
329595.070915,381489.501781,0,730
329580.056962,381426.078286,0,730
329892.947425,381359.541169,0,730
329750.831699,381524.257591,0,730
329948.244713,381346.312685,0,730
329751.242315,381372.640201,0,730
329853.636057,381421.182944,0,730
329898.64406,381629.720592,0,730
329514.876218,381675.083045,0,730
329566.490174,381640.700937,0,730
329481.699461,381624.371611,0,730
329848.408002,381615.206326,0,730
329597.960696,381507.544593,0,730
329647.268925,381361.091307,0,730
329891.816991,381612.706411,0,730
329712.65918,381691.407896,0,730
329906.309815,381544.27226,0,730
329843.080931,381516.064671,0,730
329559.411225,381607.574117,0,730
329750.741903,381547.344674,0,730
329618.453588,381610.751967,0,730
329864.280681,381709.062037,0,730
329969.593772,381398.166616,0,730
329567.124497,381543.449349,0,730
329697.786064,381657.712189,0,730
329732.547803,381453.525121,0,730
329597.506443,381634.35296,0,730
329860.702474,381493.704408,0,730
329725.70086,381545.673657,0,730
329800.574279,381474.356589,0,730
329515.960828,381417.926508,0,730
329570.588128,381490.021291,0,730
329868.456183,381454.897356,0,730
329738.029476,381680.128696,0,730
329724.037024,381473.715826,0,730
329876.327829,381503.18859,0,730
329474.351,381569.805688,0,730
329589.550657,381547.078178,0,730
329508.011649,381417.257342,0,730
329621.793494,381446.611476,0,730
329570.457899,381528.417061,0,730
329792.862841,381378.91167,0,730
329662.89088,381619.809136,0,730
329754.141382,381707.979313,0,730
329803.910596,381736.316879,0,730
329580.794425,381509.478677,0,730
329789.333719,381589.744067,0,730
329530.428603,381609.573259,0,730
329579.91414,381378.702152,0,730
329732.673294,381669.286971,0,730
329820.470908,381511.054067,0,730
329819.957281,381501.764816,0,730
329683.318926,381525.984511,0,730
329929.032485,381379.314965,0,730
329853.920085,381690.290681,0,730
329639.003859,381712.34927,0,730
329896.084302,381639.012156,0,730
329898.601668,381317.268808,0,730
329869.397532,381495.420427,0,730
329780.975067,381670.467808,0,730
329762.030853,381702.989066,0,730
329768.101834,381335.868146,0,730
329570.058605,381307.515433,0,730
329850.734085,381540.078771,0,730
329622.593885,381628.635793,0,730
329780.086514,381705.170423,0,730
329884.438545,381466.171879,0,730
329742.047144,381475.618706,0,730
329760.176815,381615.286762,0,730
329856.661469,381617.889811,0,730
329632.2887,381535.276149,0,730
329860.716888,381575.727434,0,730
329455.299791,381615.236906,0,730
329735.133139,381502.220592,0,730
329844.133315,381474.183315,0,730
329884.958285,381385.076027,0,730
329551.408656,381448.952958,0,730
329770.182913,381462.531019,0,730
329922.945488,381534.046346,0,730
329920.77896,381544.413607,0,730
329863.474136,381392.179394,0,730
329568.155062,381652.115138,0,730
329538.99666,381642.806223,0,730
329496.692526,381504.153729,0,730
329577.792922,381652.424139,0,730
329783.7865,381716.135063,0,730
329533.043071,381330.471837,0,730
329647.851062,381340.223966,0,730
329553.605584,381322.679566,0,730
329813.764459,381680.233873,0,730
329947.299935,381415.743141,0,730
329475.703067,381589.185389,0,730
329854.804904,381634.741882,0,730
329596.805392,381682.199185,0,730
329653.278735,381586.933816,0,730
329910.866567,381598.052282,0,730
329498.373258,381572.182938,0,730
329653.549313,381423.84331,0,730
329719.924029,381530.752294,0,730
329757.508731,381394.831999,0,730
329814.726148,381713.979369,0,730
329818.061633,381600.839549,0,730
329569.203431,381366.483422,0,730
329557.21187,381604.08892,0,730
329764.816819,381616.462504,0,730
329834.133999,381302.643889,0,730
329606.924997,381314.359914,0,730
329608.913845,381532.518655,0,730
329498.665988,381471.501016,0,730
329543.005198,381560.078047,0,730
329721.63327,381580.819286,0,730
329681.533439,381380.321945,0,730
329843.375192,381601.387184,0,730
329498.097853,381617.083884,0,730
329916.63417,381542.693557,0,730
329611.837007,381611.109819,0,730
329655.923548,381672.460879,0,730
329812.368509,381511.250626,0,730
329500.981215,381502.542992,0,730
329554.95273,381544.931819,0,730
329745.233645,381431.84754,0,730
329824.746403,381488.472933,0,730
329883.73214,381514.891439,0,730
329832.194571,381505.434543,0,730
329818.68015,381677.047947,0,730
329694.60937,381591.877283,0,730
329773.612607,381502.883555,0,730
329449.52789,381650.413003,0,730
329934.658541,381525.302727,0,730
329612.638032,381434.156933,0,730
329736.251085,381556.299346,0,730
329509.129998,381549.271866,0,730
329636.310817,381578.554085,0,730
329560.623298,381572.874457,0,730
329651.134574,381517.237839,0,730
329496.104915,381567.747062,0,730
329914.398886,381515.361375,0,730
329880.98076,381571.169266,0,730
329869.94806,381622.920167,0,730
329570.478457,381303.10197,0,730
329791.629948,381416.633278,0,730
329645.968219,381653.319944,0,730
329623.815574,381488.358641,0,730
329588.243836,381378.880796,0,730
329506.525734,381606.89573,0,730
329700.778997,381569.981632,0,730
329770.98881,381685.603272,0,730
329681.232629,381620.273884,0,730
329755.341808,381471.291696,0,730
329909.995719,381573.306052,0,730
329852.02954,381473.960107,0,730
329630.923254,381312.252115,0,730
329834.129504,381580.397373,0,730
329652.572849,381412.451045,0,730
329837.199327,381687.310913,0,730
329582.780845,381463.87138,0,730
329557.92691,381562.964454,0,730
329859.739473,381306.292414,0,730
329662.584181,381328.395829,0,730
329765.267775,381339.077236,0,730
329711.253177,381503.597669,0,730
329797.985616,381692.229382,0,730
329523.209328,381497.394721,0,730
329528.575981,381650.85468,0,730
329584.289397,381544.1678,0,730
329847.992592,381351.591459,0,730
329671.007229,381630.91763,0,730
329727.943797,381345.442102,0,730
329841.131542,381709.615133,0,730
329878.885288,381440.970692,0,730
329619.752642,381631.059137,0,730
329844.330098,381607.307975,0,730
329649.047803,381696.178276,0,730
329746.652904,381728.885819,0,730
329676.734851,381489.415953,0,730
329725.696192,381402.078934,0,730
329699.820574,381341.639415,0,730
329511.095813,381492.422158,0,730
329813.662202,381751.619318,0,730
329705.453682,381567.687299,0,730
329831.151304,381538.216236,0,730
329897.168742,381546.245326,0,730
329610.951842,381647.608787,0,730
329582.452795,381393.324331,0,730
329860.731983,381757.755924,0,730
329879.195841,381633.462675,0,730
329801.236673,381376.047797,0,730
329817.206701,381325.359892,0,730
329791.392497,381625.258248,0,730
329830.113141,381522.15321,0,730
329850.809454,381484.338503,0,730
329751.28636,381671.257111,0,730
329850.25332,381684.501705,0,730
329870.792332,381352.205064,0,730
329915.160031,381356.600426,0,730
329880.559963,381671.445142,0,730
329724.787373,381523.051212,0,730
329971.892714,381369.022694,0,730
329601.951695,381637.921729,0,730
329823.341298,381723.364165,0,730
329791.761456,381757.202741,0,730
329881.898468,381535.900481,0,730
329543.897032,381324.710389,0,730
329811.985592,381438.501486,0,730
329862.959806,381356.685205,0,730
329704.593958,381718.062272,0,730
329590.509721,381555.866923,0,730
329954.636665,381361.315284,0,730
329543.234013,381504.831923,0,730
329736.759755,381477.48867,0,730
329752.225314,381701.192077,0,730
329651.549433,381681.768737,0,730
329488.310443,381582.101498,0,730
329908.200087,381566.943799,0,730
329659.415711,381587.676656,0,730
329743.774041,381402.706881,0,730
329599.247845,381420.767145,0,730
329624.823019,381402.598009,0,730
329889.86725,381320.216338,0,730
329883.77654,381362.461441,0,730
329806.364499,381721.854762,0,730
329711.501247,381289.74721,0,730
329649.051257,381708.456437,0,730
329753.375557,381726.735681,0,730
329803.504028,381678.543723,0,730
329900.829662,381542.906564,0,730
329813.143909,381527.403901,0,730
329599.639981,381501.624195,0,730
329748.450471,381438.002954,0,730
329584.639511,381550.962349,0,730
329471.812245,381594.754925,0,730
329511.570585,381432.876513,0,730
329804.054272,381579.070748,0,730
329925.075974,381358.910071,0,730
329871.748571,381456.017692,0,730
329711.755061,381530.605344,0,730
329769.095548,381516.588488,0,730
329721.050771,381636.263137,0,730
329548.738926,381481.187427,0,730
329807.93041,381456.747454,0,730
329632.911449,381399.538071,0,730
329723.555058,381447.636288,0,730
329516.176263,381399.684336,0,730
329855.646066,381750.80209,0,730
329607.376297,381646.982796,0,730
329559.541938,381366.563199,0,730
329567.724686,381566.383266,0,730
329713.091088,381596.52957,0,730
329719.307067,381486.100163,0,730
329861.463535,381526.109645,0,730
329797.890372,381650.80513,0,730
329856.037412,381396.776843,0,730
329897.469216,381345.233996,0,730
329696.528062,381590.796598,0,730
329697.832348,381319.61758,0,730
329670.634192,381564.995204,0,730
329681.840939,381589.235321,0,730
329705.82483,381448.651271,0,730
329808.993053,381300.910171,0,730
329656.014942,381677.810167,0,730
329465.071013,381661.576202,0,730
329977.472359,381342.796259,0,730
329858.136683,381508.78521,0,730
329510.214545,381448.976379,0,730
329718.649025,381556.327565,0,730
329925.488865,381486.089124,0,730
329936.11688,381537.216065,0,730
329981.118395,381368.569032,0,730
329833.247062,381479.486788,0,730
329866.283138,381415.932445,0,730
329890.32056,381546.430027,0,730
329867.727769,381545.17862,0,730
329893.147437,381358.806081,0,730
329784.767196,381691.394503,0,730
329722.453743,381732.58573,0,730
329825.342892,381669.028489,0,730
329700.408114,381692.553052,0,730
329786.071321,381328.904349,0,730
329840.667531,381386.737099,0,730
329900.956955,381454.65948,0,730
329734.44093,381395.500525,0,730
329680.144243,381718.686218,0,730
329766.594009,381521.032882,0,730
329858.033462,381588.852151,0,730
329676.777888,381314.904745,0,730
329592.582517,381537.192054,0,730
329847.550517,381450.649726,0,730
329699.35681,381643.870158,0,730
329614.232308,381524.723574,0,730
329790.835568,381518.688017,0,730
329568.66977,381384.359013,0,730
329953.419171,381463.446679,0,730
329544.872623,381481.782922,0,730
329573.204662,381328.928926,0,730
329573.735215,381546.026776,0,730
329583.261252,381344.81553,0,730
329630.911998,381359.737479,0,730
329614.387185,381530.020774,0,730
329907.60138,381620.563729,0,730
329834.749262,381575.50129,0,730
329694.80399,381474.919993,0,730
329627.40686,381442.698024,0,730
329924.726589,381491.495804,0,730
329717.153337,381381.346187,0,730
329741.618057,381363.19316,0,730
329522.864187,381385.817634,0,730
329770.978541,381666.17874,0,730
329554.363009,381516.32651,0,730
329720.319308,381469.474794,0,730
329705.637902,381446.133983,0,730
329615.523143,381647.357821,0,730
329827.771851,381635.357571,0,730
329686.917466,381650.406103,0,730
329523.455437,381576.430965,0,730
329603.327322,381616.98856,0,730
329779.764263,381623.778075,0,730
329686.351782,381335.929172,0,730
329929.007658,381414.486211,0,730
329523.420232,381612.852277,0,730
329895.387303,381626.616578,0,730
329759.734182,381705.909122,0,730
329881.482309,381634.778983,0,730
329936.39164,381481.724285,0,730
329907.821619,381314.69737,0,730
329774.922449,381449.745363,0,730
329861.144379,381362.044954,0,730
329955.962734,381337.642937,0,730
329532.628227,381654.435828,0,730
329633.803106,381341.339698,0,730
329564.843526,381332.382169,0,730
329878.358135,381448.61901,0,730
329830.259565,381410.53111,0,730
329678.977089,381332.80908,0,730
329609.938257,381612.945083,0,730
329727.600651,381548.363179,0,730
329821.018064,381632.175688,0,730
329729.885521,381490.167193,0,730
329583.274639,381324.91016,0,730
329701.85207,381315.581792,0,730
329710.54539,381404.473579,0,730
329919.330779,381405.799944,0,730
329937.088642,381486.974955,0,730
329726.562477,381457.144929,0,730
329713.572375,381327.670806,0,730
329700.369385,381619.430701,0,730
329623.356081,381612.425,0,730
329739.133227,381692.97917,0,730
329838.823137,381728.82458,0,730
329637.482564,381389.56715,0,730
329700.584827,381588.185418,0,730
329840.271051,381506.97177,0,730
329977.915007,381364.536289,0,730
329774.837135,381505.472838,0,730
329670.592761,381637.499426,0,730
329832.58656,381662.908702,0,730
329745.832112,381462.031814,0,730
329539.825031,381600.577916,0,730
329869.62521,381384.350987,0,730
329593.241365,381327.489737,0,730
329670.93696,381390.945994,0,730
329534.803974,381438.952014,0,730
329774.35743,381298.70335,0,730
329830.141513,381550.665495,0,730
329675.51377,381695.37541,0,730
329548.422316,381474.913582,0,730
329802.520617,381388.04765,0,730
329819.404486,381583.788295,0,730
329870.163289,381704.535422,0,730
329661.309836,381715.459947,0,730
329814.16581,381428.282871,0,730
329826.901473,381327.865491,0,730
329892.790144,381552.821577,0,730
329663.933044,381611.774181,0,730
329680.209983,381655.436929,0,730
329578.312272,381325.336799,0,730
329627.775834,381615.05545,0,730
329908.652123,381557.396243,0,730
329579.052174,381605.187824,0,730
329891.136147,381329.073502,0,730
329947.400965,381506.204784,0,730
329663.729319,381696.770647,0,730
329529.936478,381630.751555,0,730
329793.249104,381412.381979,0,730
329617.708462,381371.311508,0,730
329743.496176,381538.771965,0,730
329688.264558,381579.467484,0,730
329536.725264,381643.509344,0,730
329583.654782,381310.329906,0,730
329771.009361,381380.210619,0,730
329676.389542,381532.651326,0,730
329570.325548,381591.022782,0,730
329850.132628,381692.966223,0,730
329902.412176,381598.736338,0,730
329569.589947,381453.039727,0,730
329692.479648,381446.48051,0,730
329807.815761,381735.277837,0,730
329746.564097,381420.290452,0,730
329586.937804,381544.348416,0,730
329547.74923,381279.887464,0,730
329500.831454,381571.832235,0,730
329601.326127,381636.73364,0,730
329699.976657,381598.122733,0,730
329867.766853,381393.764826,0,730
329654.779091,381479.234607,0,730
329652.984708,381580.631673,0,730
329662.01946,381580.065881,0,730
329564.985503,381581.4223,0,730
329795.718848,381345.256012,0,730
329734.189704,381322.123893,0,730
329737.306021,381309.906112,0,730
329669.150277,381419.090713,0,730
329820.228917,381309.052964,0,730
329860.954775,381737.740381,0,730
329859.870066,381347.595675,0,730
329509.692986,381566.970917,0,730
329809.063087,381385.086926,0,730
329795.71677,381498.167483,0,730
329735.158106,381319.097798,0,730
329649.013674,381289.871636,0,730
329744.760969,381321.318846,0,730
329526.004605,381465.347647,0,730
329784.544368,381591.214268,0,730
329721.017141,381644.38991,0,730
329812.667095,381306.04695,0,730
329714.134237,381623.742418,0,730
329528.950354,381664.514636,0,730
329746.566778,381373.31986,0,730
329554.75157,381528.878891,0,730
329829.11168,381342.354718,0,730
329769.921686,381647.650879,0,730
329590.522965,381358.8393,0,730
329922.34039,381359.736195,0,730
329638.742149,381434.814889,0,730
329696.758222,381432.060657,0,730
329820.850263,381570.730858,0,730
329626.719263,381578.872511,0,730
329832.989443,381569.189337,0,730
329848.271413,381447.099837,0,730
329786.036171,381561.983826,0,730
329512.164962,381576.154933,0,730
329544.942646,381583.185654,0,730
329880.264994,381379.691315,0,730
329957.997085,381457.761411,0,730
329812.571954,381571.622537,0,730
329813.913001,381547.526301,0,730
329570.093412,381338.257709,0,730
329597.914817,381450.155467,0,730
329888.763485,381548.744228,0,730
329595.818674,381437.533154,0,730
329784.116853,381389.82998,0,730
329925.031628,381370.464616,0,730
329781.509669,381511.266518,0,730
329548.843609,381567.229755,0,730
329752.059878,381365.031259,0,730
329842.246629,381563.942752,0,730
329815.947153,381726.919199,0,730
329718.092839,381464.377796,0,730
329614.891092,381687.349834,0,730
329863.268663,381630.302537,0,730
329703.714892,381612.190347,0,730
329803.853832,381335.609815,0,730
329768.531704,381628.562442,0,730
329879.942627,381412.225614,0,730
329798.129931,381748.837537,0,730
329636.581586,381286.829086,0,730
329821.043851,381734.343315,0,730
329857.616728,381738.615812,0,730
329860.788345,381403.294754,0,730
329580.559816,381462.062104,0,730
329482.969523,381651.853951,0,730
329624.573561,381285.052414,0,730
329521.825235,381604.636846,0,730
329846.364735,381672.936961,0,730
329596.055453,381404.261455,0,730
329847.275805,381568.79125,0,730
329887.742478,381497.64051,0,730
329778.414514,381709.098747,0,730
329774.622733,381453.713744,0,730
329795.075175,381632.059854,0,730
329618.004003,381287.574056,0,730
329896.381212,381503.540323,0,730
329829.628248,381569.1019,0,730
329551.199362,381433.403493,0,730
329736.487915,381412.118128,0,730
329646.034494,381435.336419,0,730
329825.881388,381358.413317,0,730
329503.665775,381514.837905,0,730
329849.892637,381507.284591,0,730
329764.972815,381577.041191,0,730
329587.771584,381609.954536,0,730
329749.922788,381387.889713,0,730
329842.258957,381741.296701,0,730
329905.105453,381342.964356,0,730
329516.317826,381470.138603,0,730
329931.05135,381489.159947,0,730
329771.854663,381347.397652,0,730
329642.343154,381509.167692,0,730
329682.973192,381640.028926,0,730
329561.949724,381317.674029,0,730
329821.913038,381357.939647,0,730
329799.667262,381689.53764,0,730
329871.647455,381395.887272,0,730
329865.253042,381637.940983,0,730
329497.742406,381639.903334,0,730
329574.194268,381548.548459,0,730
329671.551706,381465.249883,0,730
329828.285515,381333.082334,0,730
329643.842228,381690.619344,0,730
329867.546374,381659.921658,0,730
329578.655732,381428.261745,0,730
329966.445481,381329.959874,0,730
329692.113052,381576.88807,0,730
329513.550691,381652.64721,0,730
329629.830735,381652.801818,0,730
329782.362592,381712.292829,0,730
329817.240325,381401.356873,0,730
329896.601982,381325.257258,0,730
329649.280256,381641.905309,0,730
329821.277335,381607.89131,0,730
329975.509956,381336.022722,0,730
329747.185277,381382.792404,0,730
329859.914617,381612.376901,0,730
329643.638797,381639.91775,0,730
329813.46961,381660.740247,0,730
329626.159292,381417.851219,0,730
329613.745369,381630.75797,0,730
329880.125858,381344.553297,0,730
329693.125237,381571.080511,0,730
329684.437362,381411.21205,0,730
329648.03892,381536.805637,0,730
329795.04688,381325.125806,0,730
329852.979509,381643.28294,0,730
329623.686614,381347.579178,0,730
329612.021658,381549.764041,0,730
329922.593668,381320.082948,0,730
329526.644566,381630.023222,0,730
329754.941401,381364.700836,0,730
329869.728283,381372.767952,0,730
329881.209766,381646.045808,0,730
329943.563442,381446.20337,0,730
329551.601665,381346.964135,0,730
329643.954103,381300.766922,0,730
329740.258907,381420.183647,0,730
329896.636278,381564.197631,0,730
329571.039062,381605.117503,0,730
329567.30765,381284.689705,0,730
329519.875302,381676.193372,0,730
329692.799735,381317.793526,0,730
329844.771894,381365.043316,0,730
329786.598982,381374.488713,0,730
329524.135984,381369.525766,0,730
329611.577341,381519.501378,0,730
329664.317133,381523.254592,0,730
329733.854923,381425.132274,0,730
329773.76721,381638.55379,0,730
329792.927931,381297.257756,0,730
329789.440655,381572.694295,0,730
329663.424731,381532.703712,0,730
329841.577162,381409.293649,0,730
329863.608452,381497.791611,0,730
329698.415783,381525.015215,0,730
329577.578107,381691.803289,0,730
329545.471159,381364.844959,0,730
329752.892969,381474.8456,0,730
329585.086069,381425.05541,0,730
329617.217937,381636.489675,0,730
329718.921548,381428.252774,0,730
329659.283295,381692.708073,0,730
329660.098033,381368.643329,0,730
329605.355587,381284.098727,0,730
329629.949222,381505.784907,0,730
329724.236424,381316.22817,0,730
329608.806992,381321.718306,0,730
329818.946009,381604.891525,0,730
329805.639209,381684.710345,0,730
329838.948509,381778.339236,0,730
329495.965845,381465.337935,0,730
329860.935342,381418.477152,0,730
329508.827029,381421.419514,0,730
329859.228628,381655.289654,0,730
329680.601499,381668.288739,0,730
329786.923892,381375.826188,0,730
329832.228216,381698.176527,0,730
329552.562399,381587.323445,0,730
329722.846757,381430.779862,0,730
329843.581717,381410.979288,0,730
329494.045887,381657.685321,0,730
329738.598041,381564.902212,0,730
329909.672988,381333.099996,0,730
329598.235439,381628.985605,0,730
329961.698764,381336.437347,0,730
329838.308075,381496.940899,0,730
329828.291737,381498.32685,0,730
329773.880787,381596.758594,0,730
329807.669075,381717.955679,0,730
329929.081078,381316.430311,0,730
329811.984002,381586.312383,0,730
329908.152098,381557.94969,0,730
329638.061335,381287.746128,0,730
329727.031048,381710.464348,0,730
329906.067984,381529.808056,0,730
329742.805165,381572.256212,0,730
329799.978293,381435.101912,0,730
329813.500212,381758.09315,0,730
329836.766696,381459.734204,0,730
329873.750689,381691.449819,0,730
329709.774566,381674.292039,0,730
329886.893166,381607.123489,0,730
329880.867762,381660.43106,0,730
329729.62493,381317.113148,0,730
329940.894678,381376.870377,0,730
329540.731832,381434.138097,0,730
329707.1634,381410.907326,0,730
329875.427225,381487.105355,0,730
329698.329514,381527.479486,0,730
329895.721955,381441.450043,0,730
329825.895355,381636.678994,0,730
329635.364964,381292.187202,0,730
329800.756815,381702.86351,0,730
329726.898506,381485.956477,0,730
329604.749453,381367.309222,0,730
329663.523659,381505.571573,0,730
329653.1904,381461.813372,0,730
329754.908166,381616.594767,0,730
329666.884206,381506.897887,0,730
329491.17773,381584.403457,0,730
329850.210999,381458.625472,0,730
329840.403385,381586.224565,0,730
329880.122483,381328.447956,0,730
329865.84143,381584.315141,0,730
329550.589443,381602.971287,0,730
329881.579952,381334.882339,0,730
329668.550192,381715.762511,0,730
329623.411128,381316.119414,0,730
329699.968484,381488.710347,0,730
329727.618535,381430.185782,0,730
329527.016522,381495.766423,0,730
329536.998359,381517.334028,0,730
329672.760597,381331.257344,0,730
329690.906063,381456.947739,0,730
329495.018766,381606.122298,0,730
329512.429744,381432.413478,0,730
329549.472468,381572.810856,0,730
329857.12071,381538.915936,0,730
329746.608239,381729.82173,0,730
329504.533115,381547.725017,0,730
329929.186222,381403.645561,0,730
329759.064669,381657.307962,0,730
329929.351932,381378.962865,0,730
329826.817641,381575.37906,0,730
329767.907562,381563.647299,0,730
329538.474085,381542.597482,0,730
329533.788665,381623.506112,0,730
329461.096905,381642.151051,0,730
329837.817971,381699.834931,0,730
329880.580812,381467.927283,0,730
329637.580148,381357.849792,0,730
329563.813693,381294.996299,0,730
329879.802925,381341.123378,0,730
329722.135486,381495.936156,0,730
329483.790156,381645.455236,0,730
329700.899549,381619.016567,0,730
329805.538773,381553.806405,0,730
329627.187825,381574.379566,0,730
329560.34073,381687.6176,0,730
329528.715508,381539.144463,0,730
329929.970292,381322.42068,0,730
329899.131281,381422.460562,0,730
329897.565889,381326.534182,0,730
329651.257799,381402.692698,0,730
329762.889113,381711.253875,0,730
329856.228401,381383.94538,0,730
329888.265696,381566.33039,0,730
329862.191024,381622.180943,0,730
329627.588748,381536.070074,0,730
329567.696256,381299.533354,0,730
329636.355673,381512.282754,0,730
329766.431712,381729.43919,0,730
329713.327551,381443.284424,0,730
329860.21738,381320.920647,0,730
329641.536227,381633.349533,0,730
329591.604598,381335.355569,0,730
329632.498601,381712.733402,0,730
329700.662169,381710.283602,0,730
329849.027479,381336.693708,0,730
329959.554095,381398.692262,0,730
329688.365383,381288.844336,0,730
329585.731504,381400.62501,0,730
329766.997014,381553.091598,0,730
329748.162424,381561.538143,0,730
329824.925849,381674.366357,0,730
329801.616676,381335.327237,0,730
329737.2774,381437.024,0,730
329845.089395,381690.949635,0,730
329498.360435,381573.125249,0,730
329764.660375,381595.120185,0,730
329815.765139,381728.894571,0,730
329632.464547,381342.645143,0,730
329871.633927,381668.22909,0,730
329560.450034,381428.643596,0,730
329903.956193,381589.11788,0,730
329691.951302,381477.242402,0,730
329538.086595,381466.980155,0,730
329800.462488,381565.152493,0,730
329543.088355,381668.097004,0,730
329595.234086,381277.82517,0,730
329574.754073,381426.093416,0,730
329753.810818,381652.329478,0,730
329770.270335,381686.523209,0,730
329880.011927,381498.710886,0,730
329895.018961,381382.349495,0,730
329673.869552,381574.791474,0,730
329546.49998,381315.914856,0,730
329797.945147,381758.977231,0,730
329745.514956,381560.045813,0,730
329714.294886,381405.317779,0,730
329739.51549,381709.529809,0,730
329547.715249,381680.216209,0,730
329914.687639,381434.453392,0,730
329727.683347,381541.078944,0,730
329828.051329,381769.482032,0,730
329730.972577,381322.370689,0,730
329963.456673,381409.984467,0,730
329456.793409,381596.496898,0,730
329654.872599,381332.120537,0,730
329533.935297,381549.510838,0,730
329696.373482,381641.050954,0,730
329843.364202,381615.324231,0,730
329641.537116,381687.08594,0,730
329622.885319,381676.307448,0,730
329885.201204,381382.802079,0,730
329816.119586,381381.341194,0,730
329714.157132,381550.994675,0,730
329769.947971,381633.312604,0,730
329656.295328,381327.588212,0,730
329849.527172,381613.122353,0,730
329540.537819,381675.032616,0,730
329755.379406,381371.891739,0,730
329674.66167,381481.585021,0,730
329612.815455,381287.594133,0,730
329860.300225,381336.017707,0,730
329806.86613,381470.892265,0,730
329963.674871,381427.332252,0,730
329813.296978,381624.64321,0,730
329457.257681,381636.179156,0,730
329485.199573,381671.811094,0,730
329882.286271,381563.728353,0,730
329586.830232,381573.119447,0,730
329488.260984,381670.700377,0,730
329743.749237,381512.880244,0,730
329689.109425,381462.948433,0,730
329549.703178,381321.042277,0,730
329722.566512,381478.408909,0,730
329892.091222,381544.692956,0,730
329708.536443,381475.853902,0,730
329719.641048,381400.977326,0,730
329774.586277,381601.557664,0,730
329938.323638,381414.450116,0,730
329575.583005,381516.912881,0,730
329500.63897,381669.57118,0,730
329813.207596,381720.456766,0,730
329794.907904,381379.493892,0,730
329543.93874,381489.970596,0,730
329846.188011,381569.696017,0,730
329882.164317,381579.885203,0,730
329668.020587,381310.248884,0,730
329835.182018,381328.149414,0,730
329775.38955,381590.327825,0,730
329621.56129,381709.613615,0,730
329962.907872,381417.006929,0,730
329892.371765,381421.720073,0,730
329774.446893,381405.917974,0,730
329564.472169,381326.808063,0,730
329717.223633,381563.818857,0,730
329793.075112,381738.369254,0,730
329602.517165,381519.695621,0,730
329560.064546,381553.746422,0,730
329545.402249,381536.354637,0,730
329509.515661,381551.676255,0,730
329924.385858,381391.622266,0,730
329990.706478,381375.098411,0,730
329886.95249,381494.255504,0,730
329675.503319,381363.635227,0,730
329750.655638,381360.796247,0,730
329835.414955,381601.262832,0,730
329519.161186,381651.428305,0,730
329655.920758,381378.511165,0,730
329617.598984,381615.483631,0,730
329840.574928,381349.383788,0,730
329509.314209,381554.391764,0,730
329877.00295,381384.098711,0,730
329775.015956,381638.915994,0,730
329696.340895,381397.058185,0,730
329499.531687,381550.025209,0,730
329527.174145,381382.157214,0,730
329635.368329,381541.821394,0,730
329611.123601,381570.315203,0,730
329774.580304,381341.889683,0,730
329797.516613,381530.584622,0,730
329757.727194,381434.707468,0,730
329589.982399,381626.930398,0,730
329727.593068,381565.763474,0,730
329681.205191,381713.44232,0,730
329953.489404,381422.994678,0,730
329865.630143,381669.404736,0,730
329748.807311,381705.853246,0,730
329810.876623,381647.598584,0,730
329719.582998,381300.261006,0,730
329893.929113,381643.711128,0,730
329804.086084,381657.419251,0,730
329584.537744,381407.311779,0,730
329890.660675,381432.283693,0,730
329844.176966,381414.376622,0,730
329882.095641,381584.755764,0,730
329628.776201,381497.476324,0,730
329540.931774,381565.473405,0,730
329687.891835,381495.592936,0,730
329957.793776,381354.210864,0,730
329501.277008,381673.820951,0,730
329591.387545,381471.881189,0,730
329945.797567,381353.416685,0,730
329555.313933,381340.262735,0,730
329597.148354,381344.434419,0,730
329565.916517,381524.029355,0,730
329649.784167,381344.818782,23,730
329938.343612,381361.833179,44,730
329549.313328,381466.490304,53,730
329753.662789,381636.743991,66,730
329907.184284,381522.012463,71,730
329786.474029,381642.631512,76,730
329738.218332,381343.871081,110,730
329748.790763,381613.635697,149,730
329538.798402,381603.509107,165,730
329752.033149,381438.334563,183,730
329781.530252,381419.31658,191,730
329742.546813,381351.396865,192,730
329691.504232,381449.677558,211,730
329540.463055,381499.32069,235,730
329707.418856,381691.018193,244,730
329770.505664,381649.325341,251,730
329678.927555,381332.413531,313,730
329963.319465,381330.622412,360,730
329533.846461,381354.778113,382,730
329533.846461,381354.778113,386,730
329762.399626,381388.79993,458,730
329764.891004,381421.524025,471,730
329733.739753,381563.314053,491,730
329480.639446,381613.5551,510,730
329776.540052,381625.138985,514,730
329792.189749,381456.329713,522,730
329572.731605,381287.291907,527,730
329775.931334,381529.133557,548,730
329601.431007,381575.124036,551,730
329908.062593,381371.250108,552,730
329875.70902,381547.603746,560,730
329770.598365,381478.170591,582,730
329868.207905,381357.405091,644,730
329587.050287,381365.696873,662,730
329602.037139,381339.108566,677,730
329538.798402,381603.509107,685,730
329750.412923,381515.716281,718,730
329929.587794,381349.208825,725,730
