331045.396391,378262.890397,0,730
331112.382947,378362.038098,0,730
331062.828588,378242.560752,0,730
331141.63148,378243.310794,0,730
331032.200398,378264.664429,0,730
331086.075658,378390.455222,0,730
331142.317529,378341.377395,0,730
331158.722266,378263.092378,0,730
331172.853145,378225.732074,0,730
331082.418907,378374.472392,0,730
331082.308295,378220.002074,0,730
331066.860967,378371.615829,0,730
331065.905656,378350.212506,0,730
331113.412301,378377.386346,0,730
331096.122962,378324.943406,0,730
331100.804001,378231.056676,0,730
331079.305427,378210.123543,0,730
331181.504955,378250.670444,0,730
331081.995459,378393.118634,0,730
331106.745386,378346.3297,0,730
331048.005481,378303.075652,0,730
331106.87777,378396.240288,0,730
331052.122018,378226.58514,0,730
331010.425248,378253.81842,0,730
331060.907676,378308.35313,0,730
331167.934011,378315.905771,0,730
331184.038531,378264.975303,0,730
331134.235841,378241.47874,0,730
331190.495029,378286.376931,0,730
331191.398758,378241.430087,0,730
331157.690765,378251.058309,0,730
331147.153559,378191.598815,0,730
331167.350661,378260.975666,0,730
331115.034105,378329.233802,0,730
331127.360224,378310.25374,0,730
331060.527967,378189.322732,0,730
331099.015774,378306.144593,0,730
330985.393655,378372.931268,0,730
331105.423495,378324.616305,0,730
331199.686524,378301.605024,0,730
331120.378585,378266.689902,0,730
331109.794507,378266.864971,0,730
331180.185515,378295.872194,0,730
331084.100201,378354.408161,0,730
330988.541718,378191.109636,0,730
331036.786848,378388.261185,0,730
331011.916085,378273.274095,0,730
331049.298247,378269.306971,0,730
331111.725378,378193.047752,0,730
331004.941516,378363.942707,0,730
331133.517818,378270.340106,0,730
331058.666979,378231.106519,0,730
331138.620693,378370.072945,0,730
331077.812668,378305.924812,0,730
331076.063658,378277.758804,0,730
331057.778895,378275.441182,0,730
331181.211426,378296.295595,0,730
330995.010511,378308.231748,0,730
331077.585894,378264.519729,0,730
330988.499883,378250.502408,0,730
331154.915412,378301.389922,0,730
331030.316681,378293.000668,0,730
331079.720312,378263.969401,0,730
331081.041961,378235.053551,0,730
331104.365775,378212.650592,0,730
331021.653133,378325.360617,0,730
331178.739642,378329.752371,0,730
331033.964601,378214.813624,0,730
331199.26673,378280.590032,0,730
331143.366582,378292.541937,0,730
331178.25465,378218.538712,0,730
331003.984071,378380.908309,0,730
331057.607447,378333.084403,0,730
331201.919874,378302.53379,0,730
331178.900556,378251.685452,0,730
331021.012454,378348.864046,0,730
331182.441956,378296.066251,0,730
331068.008907,378380.353903,0,730
331080.286103,378358.163777,0,730
331099.230473,378237.197996,0,730
331038.987752,378287.437525,0,730
331051.200392,378331.817165,0,730
331097.550746,378392.521908,0,730
331058.230637,378381.406768,0,730
330983.84295,378191.907825,0,730
330983.586577,378323.557776,0,730
331133.420529,378348.381532,0,730
331006.948904,378327.959681,0,730
331195.208818,378253.029012,0,730
331092.199964,378312.430463,0,730
331152.177682,378219.602785,0,730
331084.039631,378361.860981,0,730
331026.231758,378287.15426,0,730
331018.231413,378386.069591,0,730
331162.90074,378261.077261,0,730
331069.462958,378291.191164,0,730
331197.774565,378260.635195,0,730
331102.052674,378232.031126,0,730
331011.58581,378220.153444,0,730
331038.189156,378369.482147,0,730
331020.025065,378296.950498,0,730
331017.863369,378230.472809,0,730
331152.215454,378340.616426,0,730
331027.164793,378313.616691,0,730
331079.505188,378282.558753,0,730
331191.482035,378210.032655,0,730
330989.452552,378182.487006,0,730
331180.677155,378194.732253,0,730
331191.18532,378386.665596,0,730
330987.766775,378227.073714,0,730
331000.87871,378305.223803,0,730
331032.767363,378387.877736,0,730
331101.314332,378274.974843,0,730
331183.405104,378226.71408,0,730
331077.902912,378356.414656,0,730
330985.652879,378344.405265,0,730
331024.795079,378213.736129,0,730
331067.755679,378284.478383,0,730
331095.475382,378348.392119,0,730
331201.431046,378305.489968,0,730
330986.551055,378248.955814,0,730
331143.823473,378381.632817,0,730
331006.457647,378381.780445,0,730
331150.90755,378386.483373,0,730
331029.649204,378195.525108,0,730
331119.426658,378292.201257,0,730
331091.437445,378234.160993,0,730
330996.402854,378232.3414,0,730
331129.476973,378388.358521,0,730
330988.866144,378227.199193,0,730
331045.622964,378211.176097,0,730
330991.841955,378312.993007,0,730
331108.607406,378382.245368,0,730
331115.877498,378340.323422,0,730
331179.868831,378342.061861,0,730
331138.202995,378247.941596,0,730
331180.368281,378208.282717,0,730
331031.982453,378372.070512,0,730
331134.382893,378328.918723,0,730
331008.213664,378282.270071,0,730
331155.818925,378381.084572,0,730
331148.647493,378225.133365,0,730
331040.889583,378242.968336,0,730
331010.955551,378377.600211,0,730
331129.472466,378346.28736,0,730
331127.15782,378338.950794,0,730
331163.68798,378243.287702,0,730
331054.96604,378343.071,0,730
331096.071578,378249.497499,0,730
331059.881819,378353.794465,0,730
331093.204381,378213.309458,0,730
331003.999921,378288.978108,0,730
331170.062899,378289.623297,0,730
331016.605752,378337.047323,0,730
331042.381431,378280.90076,0,730
331031.701541,378384.488384,0,730
331192.660613,378191.924787,0,730
331033.28948,378229.393688,0,730
331180.321132,378289.73844,0,730
331173.672346,378192.190634,0,730
331107.610778,378305.992164,0,730
331161.697755,378368.554333,0,730
331128.713619,378374.110612,0,730
331147.685263,378331.957999,0,730
331094.403926,378193.228844,0,730
331147.04345,378289.980911,0,730
331135.068589,378368.170305,0,730
331156.685447,378200.035595,0,730
330984.853744,378239.12694,0,730
331035.163514,378327.406736,0,730
331078.459502,378295.604333,0,730
331061.767612,378388.150756,0,730
331016.146229,378356.232458,0,730
331081.762106,378230.983997,0,730
331044.218217,378243.432523,0,730
331115.248285,378291.489208,0,730
331064.728087,378226.011054,0,730
331018.149652,378347.904468,0,730
331169.799546,378274.906142,0,730
331156.033715,378222.223305,0,730
331163.730029,378330.605672,0,730
331080.491026,378344.383733,0,730
331097.056232,378187.048353,0,730
331027.904373,378214.21895,0,730
331180.276534,378357.00448,0,730
330999.672284,378271.039263,0,730
331030.734408,378330.214063,0,730
330999.237762,378377.589173,0,730
331105.044283,378335.444948,0,730
331144.798321,378212.061018,0,730
331119.827416,378356.923809,0,730
331128.618224,378217.031746,0,730
331074.264042,378187.698173,0,730
331012.472189,378314.361567,0,730
331008.105716,378364.629807,0,730
331187.291649,378233.977979,0,730
331050.2917,378377.237136,0,730
331018.355422,378182.872631,0,730
331198.347755,378311.02406,0,730
331168.042957,378236.903069,0,730
331049.486,378371.734072,0,730
331111.183711,378395.613491,0,730
331068.148291,378376.374144,0,730
331125.922855,378243.715386,0,730
331168.69582,378373.065873,0,730
331006.095189,378279.884189,0,730
331080.268798,378243.649399,0,730
331050.5987,378238.584769,0,730
331049.102764,378185.183631,0,730
331012.588508,378248.220828,0,730
331091.283624,378308.319793,0,730
331133.262441,378235.721106,0,730
331073.304839,378199.608857,0,730
331141.540026,378354.088821,0,730
331044.899901,378378.695542,0,730
331177.487232,378339.001638,0,730
331093.937611,378214.156976,0,730
331110.234707,378288.481932,0,730
331188.427508,378278.985489,0,730
331087.69593,378268.746019,0,730
331013.981482,378219.73107,0,730
331000.547424,378183.747324,0,730
331064.462647,378262.844068,0,730
331188.534657,378395.113089,0,730
331031.275927,378255.984023,0,730
330991.709557,378339.797278,0,730
331058.845159,378207.942923,0,730
331113.839712,378193.603729,0,730
331080.79906,378326.085885,0,730
331121.466873,378247.484078,0,730
331020.979282,378364.852599,0,730
331097.730108,378285.532424,0,730
331037.384128,378224.923317,0,730
331189.836339,378322.920387,0,730
331126.533399,378372.328385,0,730
331000.572881,378207.93746,0,730
331008.266204,378185.169714,0,730
331169.906677,378260.567975,0,730
331150.905457,378201.266565,0,730
331079.407606,378287.457636,0,730
331026.267003,378214.109402,0,730
331124.732479,378302.842927,0,730
331153.58459,378381.457955,0,730
331108.029372,378327.296115,0,730
331026.00155,378340.986837,0,730
331196.926737,378383.411511,0,730
331136.254877,378201.721315,0,730
331089.273593,378251.494613,0,730
331190.889263,378317.149497,0,730
331160.843988,378301.230767,0,730
331089.131948,378334.626584,0,730
331192.504214,378307.601043,0,730
331048.745011,378285.598582,0,730
331133.084359,378385.488165,0,730
331138.647373,378338.855887,0,730
331144.344248,378203.688304,0,730
331113.947449,378302.554073,0,730
331118.272064,378321.114975,0,730
331098.18232,378312.596838,0,730
331148.576065,378207.62366,0,730
331129.138132,378333.941308,0,730
331017.931251,378243.891349,0,730
331116.842134,378337.984224,0,730
330997.238491,378253.930932,0,730
331014.593515,378354.090569,0,730
331190.349722,378331.238714,0,730
331005.982128,378287.446311,0,730
331175.645401,378268.393194,0,730
331147.233232,378308.687119,0,730
331010.00249,378336.754429,0,730
331048.610959,378201.802767,0,730
330986.994628,378206.762305,0,730
331189.391093,378201.888617,0,730
331170.468202,378335.099317,0,730
331042.444436,378235.975674,0,730
331008.861987,378302.654848,0,730
330988.709912,378301.128501,0,730
330988.870037,378388.558252,0,730
331064.070641,378337.731775,0,730
331204.00351,378339.573089,0,730
331038.134247,378202.299242,0,730
331039.503459,378283.368264,0,730
331007.058505,378304.294968,0,730
331051.386045,378195.451999,0,730
331072.812984,378279.006696,0,730
331111.518524,378333.958357,0,730
331169.485353,378377.932805,0,730
331048.296586,378286.258882,0,730
331022.994048,378293.91632,0,730
331100.019562,378202.236916,0,730
331056.298693,378334.01967,0,730
331037.262274,378331.298266,0,730
331001.193198,378314.117967,0,730
331119.090052,378244.264563,0,730
331187.128144,378264.087091,0,730
331090.095542,378323.15454,0,730
331082.433535,378315.714928,0,730
331060.665244,378253.557094,0,730
331062.098712,378387.178692,0,730
331070.131347,378213.177203,0,730
331153.402912,378267.522181,0,730
331084.184389,378391.815871,0,730
331097.091052,378309.133766,0,730
330984.586634,378242.726061,0,730
331122.709861,378272.995932,0,730
331199.794365,378400.384663,0,730
330983.413513,378326.028031,0,730
331154.223126,378294.360619,0,730
331133.454467,378389.274506,0,730
331079.536235,378246.632066,0,730
331011.268045,378389.197667,0,730
331159.764239,378195.173415,0,730
331127.155202,378387.642375,0,730
331019.970629,378227.920813,0,730
331126.830114,378378.698547,0,730
331154.662067,378229.447482,0,730
331149.374691,378216.692048,0,730
331099.09857,378208.837683,0,730
331001.79847,378266.448795,0,730
331122.158344,378236.843418,0,730
331089.587601,378206.193878,0,730
331060.659579,378197.966145,0,730
331077.940184,378207.764347,0,730
331041.571919,378239.795449,0,730
331193.382465,378246.842343,0,730
331150.391092,378350.496786,0,730
331159.462166,378217.268501,0,730
331089.178083,378198.759517,0,730
331026.413831,378256.654572,0,730
330989.357134,378182.443005,0,730
330988.187806,378282.998609,0,730
331056.519416,378239.841092,0,730
331203.397916,378355.786494,0,730
331089.1749,378391.463704,0,730
331127.419084,378215.558718,0,730
331149.683569,378258.577128,0,730
331014.804596,378358.463034,0,730
331033.252211,378333.054421,0,730
331056.346867,378230.684612,0,730
331081.553954,378207.342386,0,730
331028.930628,378339.223027,0,730
331056.423182,378393.996486,0,730
330998.769302,378290.908991,0,730
331025.938805,378333.2256,0,730
331183.352368,378278.683673,0,730
331017.023064,378251.515578,0,730
331063.629802,378243.745558,0,730
331133.86599,378332.648424,0,730
331170.766533,378383.717022,0,730
331191.951198,378288.013218,0,730
331098.335979,378291.620447,0,730
331024.02438,378317.071104,0,730
331125.058384,378276.931268,0,730
331049.163268,378213.589108,0,730
331115.335685,378202.614355,0,730
331091.47466,378334.496726,0,730
331146.278184,378305.473853,0,730
331065.182415,378239.312063,0,730
331062.875655,378374.37086,0,730
331171.753743,378264.685333,0,730
331038.743968,378340.34226,0,730
331134.187259,378268.359121,0,730
331166.198868,378246.899887,0,730
331134.321962,378214.607907,0,730
331110.901733,378246.277572,0,730
331122.075476,378211.245099,0,730
331057.638255,378197.605011,0,730
331123.583966,378393.345641,0,730
331087.653929,378304.024402,0,730
331077.634151,378257.535897,0,730
331005.595416,378252.970902,0,730
331070.996977,378395.073719,0,730
331191.786661,378293.711804,0,730
331076.286413,378356.299222,0,730
331102.555948,378221.004374,0,730
331074.857338,378273.515717,0,730
331003.388888,378286.492472,0,730
331166.504947,378331.070951,0,730
331041.724405,378224.664414,0,730
331196.93992,378354.195701,0,730
331050.842654,378367.373953,0,730
331155.23779,378242.076331,0,730
331052.696988,378377.949448,0,730
331146.205128,378294.565119,0,730
331045.548925,378335.331177,0,730
331004.442951,378282.223407,0,730
331124.523838,378386.261304,0,730
331198.352377,378357.151844,0,730
331134.945495,378389.688509,0,730
331126.466357,378219.836948,0,730
331115.318401,378310.705454,0,730
330993.353681,378181.605102,0,730
331038.752386,378372.314102,0,730
331094.044736,378355.103493,0,730
331178.457045,378217.518438,0,730
331018.45953,378280.624142,0,730
331090.992929,378261.35167,0,730
331008.059185,378342.011445,0,730
331083.9188,378299.804782,0,730
330979.915572,378243.311117,0,730
331161.279912,378201.232754,0,730
331086.995642,378394.837013,0,730
331110.023989,378327.579756,0,730
331103.727912,378312.422234,0,730
331113.368252,378314.641975,0,730
331084.249658,378252.740879,0,730
331040.901518,378360.198432,0,730
331036.740658,378292.946255,0,730
331020.490813,378292.485089,0,730
331121.018328,378200.05167,0,730
331094.693741,378262.839889,0,730
331089.519125,378280.602011,0,730
331017.051106,378214.07942,0,730
331083.775445,378323.973906,0,730
331089.490839,378283.105277,0,730
331062.475931,378319.27931,0,730
331124.61024,378362.772896,0,730
331112.776458,378274.672449,0,730
331093.279465,378247.389213,0,730
331019.491267,378302.032428,0,730
331040.632391,378386.419974,0,730
331031.239924,378354.167663,0,730
331076.685865,378282.378866,0,730
331137.962412,378217.927522,0,730
331088.647218,378190.653888,0,730
331155.908406,378288.919236,0,730
331128.004182,378340.113555,0,730
331128.023415,378391.838639,0,730
331016.937856,378231.544554,0,730
331132.189607,378299.0325,0,730
331053.174702,378212.227329,0,730
331005.106565,378380.532535,0,730
331101.448617,378390.478723,0,730
331045.301757,378240.383607,0,730
331054.114462,378353.683289,0,730
331205.723938,378360.236389,0,730
331190.214249,378200.323623,0,730
331189.470452,378387.939261,0,730
331017.702994,378269.511388,0,730
331154.661908,378304.836575,0,730
331008.488929,378354.165897,0,730
331104.961315,378194.313373,0,730
330986.981296,378329.347199,0,730
331090.591992,378327.610991,0,730
331162.463903,378348.735726,0,730
331119.761344,378212.672892,0,730
331019.034084,378323.685627,0,730
331006.942784,378223.86146,0,730
331142.333418,378361.536625,0,730
331192.114425,378396.902278,0,730
331154.692411,378334.547986,0,730
331033.781281,378368.953328,0,730
331014.309216,378336.500483,0,730
331125.02975,378351.221753,0,730
331007.8966,378248.560316,0,730
331109.675771,378216.524503,0,730
331046.112837,378393.282153,0,730
331177.389863,378244.038018,0,730
330979.662107,378209.881454,0,730
330986.292107,378368.344114,0,730
331186.643021,378250.039176,0,730
331113.389358,378371.638664,0,730
331161.241115,378212.648872,0,730
331023.286108,378324.989765,0,730
331119.404788,378351.671383,0,730
331129.441923,378305.139873,0,730
331005.270874,378226.472373,0,730
331119.639166,378276.407398,0,730
331023.943962,378218.16732,0,730
331118.215817,378218.320917,0,730
331195.623743,378362.494547,0,730
331059.780085,378361.493529,0,730
331090.800066,378243.278827,0,730
331108.987378,378274.781751,0,730
331150.796685,378308.888967,0,730
331104.964232,378388.130012,0,730
331005.242041,378271.561266,0,730
331130.97843,378368.496827,0,730
331145.931554,378299.177314,0,730
331041.736338,378238.909684,0,730
331055.532666,378299.025806,0,730
331081.934836,378378.851397,0,730
331099.407502,378189.12932,0,730
331122.493458,378243.984557,0,730
330988.4307,378241.895943,0,730
330988.412487,378196.380161,0,730
330995.806245,378333.628387,0,730
331175.481043,378217.417952,0,730
331208.918172,378396.200789,0,730
331123.570368,378209.396784,0,730
330979.434728,378214.114554,0,730
330993.273485,378311.275555,0,730
331047.560414,378342.477448,0,730
331113.9679,378288.688269,0,730
331044.141156,378388.639429,0,730
331015.345342,378364.131709,0,730
331152.636206,378231.44603,0,730
331139.522561,378350.386405,0,730
331031.572721,378360.675153,0,730
331194.883324,378293.501492,0,730
331119.247457,378257.868843,0,730
331145.532669,378195.647924,0,730
331138.140578,378357.835717,0,730
330996.949057,378233.181298,0,730
331025.944641,378269.467507,0,730
331053.733174,378249.152455,0,730
331189.556102,378320.645766,0,730
331141.987278,378369.969944,0,730
331097.615263,378325.871181,0,730
331036.096624,378289.825592,0,730
331135.528258,378268.362405,0,730
331172.205797,378400.445988,0,730
331070.390628,378248.586434,0,730
331026.786687,378226.91492,0,730
331009.8208,378195.752959,0,730
331009.02831,378366.967687,0,730
331143.299937,378312.901783,0,730
331169.534708,378320.611743,0,730
331099.669163,378303.249292,0,730
331151.814385,378254.848273,0,730
331112.467246,378394.586625,0,730
331026.946761,378233.685834,0,730
330986.349022,378383.379287,0,730
331155.400296,378347.517801,0,730
331094.394437,378198.199361,0,730
331189.652057,378289.251053,0,730
331122.408428,378342.712147,0,730
331055.79216,378296.078074,0,730
331116.160047,378270.722139,0,730
331166.225404,378318.734623,0,730
331163.319583,378387.047589,0,730
331026.128289,378248.812539,0,730
331003.558249,378203.774634,0,730
331128.26433,378202.224738,0,730
331076.563866,378285.749302,0,730
331194.238581,378213.64021,0,730
331200.162371,378326.537709,0,730
331132.144024,378234.628916,0,730
331202.052563,378325.813653,0,730
331059.287732,378393.41772,0,730
331154.58504,378308.256479,0,730
331123.712185,378274.69882,0,730
331093.986021,378278.765894,0,730
331126.834964,378294.808183,0,730
330998.452043,378263.04185,0,730
331050.235693,378231.541843,0,730
331156.780032,378303.61685,0,730
331160.906451,378271.091826,0,730
331063.03397,378201.510143,0,730
331062.61031,378263.868654,0,730
331169.861246,378267.682463,0,730
331170.202511,378259.748826,0,730
330996.668543,378249.970523,0,730
331064.458012,378283.660332,0,730
331080.084818,378375.549201,0,730
331012.359843,378302.535078,0,730
331036.304403,378277.135223,0,730
331144.759986,378394.644824,0,730
331113.201168,378310.782083,0,730
330995.661237,378221.84953,0,730
331198.053466,378366.854392,0,730
331089.255134,378240.462637,0,730
331179.885143,378365.818769,0,730
331131.214656,378375.222281,0,730
331159.896941,378336.78951,0,730
331186.796184,378336.278544,0,730
331095.894595,378223.611541,0,730
331135.189348,378307.472339,0,730
331112.96019,378367.975721,0,730
331139.216501,378275.779898,0,730
331139.903306,378330.365513,0,730
331058.731153,378330.990269,0,730
331194.912662,378386.016359,0,730
331183.56862,378358.114969,0,730
331056.286395,378250.779982,0,730
331160.439512,378393.606939,0,730
331023.451954,378275.423535,0,730
331194.243369,378296.688952,0,730
331087.603562,378207.114325,0,730
331070.639586,378369.373932,0,730
331190.703526,378278.064712,0,730
331029.878611,378230.201845,0,730
331064.643643,378238.609675,0,730
331086.296218,378223.2276,0,730
331159.768286,378219.569352,0,730
331129.311114,378282.350075,0,730
331003.853567,378336.825777,0,730
331000.577644,378294.462036,0,730
331203.587122,378366.142008,0,730
331061.936172,378363.749579,0,730
331194.39634,378289.614864,0,730
331121.352826,378228.320419,0,730
331043.47421,378238.880172,0,730
331046.524872,378306.860555,0,730
331131.395742,378311.747378,0,730
331130.299515,378203.517289,0,730
330978.145228,378205.340467,0,730
331097.313506,378188.785608,0,730
331067.458057,378247.305646,0,730
331105.342657,378199.584805,0,730
331121.722158,378362.906696,0,730
331068.057916,378248.16155,0,730
331083.384269,378277.423159,0,730
331101.568679,378310.031355,0,730
331053.40504,378185.204047,0,730
331025.162999,378233.341902,0,730
331035.73419,378219.145242,0,730
331143.766665,378295.338519,0,730
331009.282864,378251.356888,0,730
331110.429502,378385.557278,0,730
331121.501323,378362.828301,0,730
331152.7901,378260.396838,0,730
331013.869573,378286.014991,0,730
331117.625763,378226.409746,0,730
331141.149498,378349.158654,0,730
331038.580815,378314.720961,0,730
331006.082734,378340.973032,0,730
330991.318829,378197.890754,0,730
331073.653184,378352.982144,0,730
331050.217894,378246.906861,0,730
331099.193222,378261.450304,0,730
331072.903548,378275.095134,0,730
331109.216244,378215.957613,0,730
331191.031218,378339.049256,0,730
331166.514113,378289.102748,0,730
331099.248625,378248.402158,0,730
331008.810385,378216.484226,0,730
331064.745245,378274.702566,0,730
331103.189744,378298.119005,0,730
331166.846509,378361.563808,0,730
331009.347604,378233.139669,0,730
331043.314553,378295.014751,0,730
331186.225401,378207.40571,0,730
331108.002889,378277.43928,0,730
331007.287201,378318.504845,0,730
331025.403831,378391.434571,0,730
331194.898348,378247.386429,0,730
331039.559727,378185.97685,0,730
331190.877346,378278.796357,0,730
331099.449826,378352.486609,0,730
331040.419628,378219.006929,0,730
331130.156895,378391.795832,0,730
331132.857768,378385.213206,0,730
331043.877906,378270.644077,0,730
331091.315964,378265.829378,0,730
330985.50842,378216.542789,0,730
331058.734437,378311.764895,0,730
331071.680166,378391.241763,0,730
331146.273669,378240.626749,0,730
331110.527318,378266.762588,0,730
331049.787255,378372.938193,0,730
331078.62774,378307.001731,0,730
331158.354984,378212.452867,0,730
331082.709389,378233.00004,0,730
330993.858089,378227.231165,0,730
331122.81298,378214.993307,0,730
331006.395298,378270.931358,0,730
331111.627995,378285.829459,0,730
331084.607846,378220.966126,0,730
331072.282812,378232.228353,0,730
331192.200798,378244.625287,0,730
331139.996757,378313.802763,0,730
331182.710242,378204.657509,0,730
331015.129499,378318.562112,0,730
331064.217308,378353.161294,0,730
331131.352349,378285.748997,0,730
331007.286824,378389.007481,0,730
331054.418313,378213.684812,0,730
331178.432926,378275.173149,0,730
331041.977087,378292.591164,0,730
331164.874208,378206.14084,0,730
331068.567391,378226.251671,0,730
331042.563888,378228.859427,0,730
331028.138015,378289.463072,0,730
331056.511935,378365.692045,0,730
331194.649067,378390.263089,0,730
331168.190976,378275.464363,0,730
331028.447014,378314.724004,0,730
331107.568471,378362.762229,0,730
331132.10579,378359.182632,0,730
331171.938546,378252.001035,0,730
331184.586281,378208.539888,0,730
331070.781174,378369.938406,0,730
331083.110904,378255.336835,0,730
331068.656132,378224.406182,0,730
330981.583531,378255.47103,0,730
331034.023312,378386.920116,0,730
331168.381934,378319.173153,0,730
331164.089075,378295.632729,0,730
331149.405893,378191.322297,0,730
331148.296764,378326.317435,0,730
331161.275044,378221.855839,0,730
331158.190941,378282.883435,0,730
331028.196241,378316.507137,0,730
331018.985035,378368.516928,0,730
331100.263427,378263.819953,0,730
331172.512967,378267.47176,0,730
331059.855293,378331.793436,0,730
331128.971764,378218.971857,0,730
331163.728722,378244.7539,0,730
331049.000369,378193.112973,0,730
331112.279312,378368.968311,0,730
331048.871862,378300.070564,0,730
331203.553768,378341.827522,0,730
331041.684145,378265.686116,0,730
331161.988951,378285.950781,0,730
331175.236717,378266.004835,0,730
330979.952139,378193.804735,0,730
331027.680246,378255.948723,0,730
331035.402411,378357.084771,0,730
331128.005799,378221.131983,0,730
331165.070737,378284.350949,0,730
331183.045968,378355.503333,0,730
330999.549049,378256.230463,0,730
331013.10861,378371.097372,0,730
331131.327614,378373.052481,0,730
331095.964835,378281.090283,0,730
331076.368592,378354.20876,0,730
331029.849834,378393.548744,0,730
331181.391352,378264.419412,0,730
331150.021062,378303.333345,0,730
331064.967669,378283.197367,0,730
331064.625449,378308.65586,0,730
331149.016262,378192.996787,0,730
331193.324296,378292.16326,0,730
331093.476397,378313.011321,0,730
331182.796969,378368.076184,0,730
331061.389783,378378.09422,0,730
331029.948078,378231.002348,0,730
331066.949106,378298.787001,0,730
331047.635586,378236.768246,0,730
331101.71682,378364.127156,0,730
331152.067115,378313.039654,0,730
331056.567961,378297.642857,0,730
331021.263965,378374.642232,0,730
331118.890852,378369.255433,0,730
330983.536562,378311.182728,0,730
330990.540431,378246.933887,0,730
331030.593726,378216.132114,0,730
331059.480991,378194.42651,0,730
331092.717223,378343.767094,0,730
331123.642896,378246.634235,0,730
331109.606681,378277.08288,0,730
331070.411246,378248.206533,0,730
331160.923929,378386.331313,0,730
331098.093804,378318.572597,0,730
331139.903652,378263.732659,0,730
331006.754629,378336.114979,0,730
331110.608552,378332.098539,0,730
331100.51356,378228.336528,0,730
331119.736557,378361.390128,0,730
331134.283342,378299.272345,0,730
331173.297232,378381.170374,0,730
331177.953553,378205.25229,0,730
331054.472877,378196.632083,0,730
331037.337851,378310.470244,0,730
331042.059184,378315.444954,0,730
331062.965696,378353.387119,0,730
331141.045945,378202.886307,0,730
331039.386147,378346.04631,0,730
331079.369407,378336.969685,0,730
331157.419822,378347.047296,0,730
331116.271494,378329.958892,0,730
331080.406945,378307.572215,0,730
331081.035503,378227.865189,0,730
331037.396696,378325.436861,0,730
330987.376285,378303.96908,0,730
331109.408789,378222.412975,0,730
331075.623277,378347.419401,0,730
331030.568485,378393.714834,0,730
330992.173392,378218.850199,0,730
331200.847878,378396.168571,0,730
331051.364814,378315.06283,0,730
331152.158116,378328.98071,0,730
331174.306237,378229.756143,0,730
331053.108935,378299.017834,0,730
331082.798282,378230.722281,0,730
331118.988656,378392.748933,0,730
331157.67707,378333.429735,0,730
331161.478836,378365.405007,0,730
331186.831483,378266.37713,0,730
331158.256767,378255.096018,0,730
331194.224701,378385.811664,0,730
331087.206022,378218.144864,0,730
331121.38154,378188.010747,0,730
331173.31696,378355.757037,0,730
330978.364803,378182.435017,0,730
331023.029852,378244.085917,0,730
331084.473311,378191.972279,0,730
331192.988082,378247.637847,0,730
330980.777479,378198.386665,0,730
331066.259914,378239.54763,0,730
331038.203658,378316.919147,0,730
330981.151813,378192.800455,0,730
331069.274969,378372.694975,0,730
331119.47417,378265.587909,0,730
331079.3756,378287.583268,0,730
331109.712512,378290.144912,0,730
331106.112283,378281.719671,0,730
331120.276198,378322.693025,0,730
331115.32133,378201.163729,0,730
331048.523282,378269.929601,0,730
331026.968028,378194.643213,0,730
331025.377659,378310.203526,0,730
331114.440445,378321.051031,0,730
331047.081742,378278.939936,0,730
331183.875432,378285.080998,0,730
331142.607581,378388.43965,0,730
331109.405713,378222.845283,0,730
331143.571674,378270.274254,0,730
331146.252907,378253.869705,0,730
331072.515897,378323.017104,0,730
331130.954423,378207.271402,0,730
330982.225359,378301.486388,0,730
331121.85269,378312.285693,0,730
331030.581093,378377.301614,0,730
331101.455709,378358.020188,0,730
331002.752972,378356.191742,0,730
331043.972218,378193.226477,0,730
331169.622726,378257.336434,0,730
331156.76202,378233.668975,0,730
331114.820006,378345.522729,0,730
331157.193501,378381.110356,0,730
331114.531165,378394.919183,0,730
331172.222778,378374.198307,0,730
331037.36875,378291.614275,0,730
330980.383492,378193.287995,0,730
331172.022505,378275.058448,0,730
331123.552586,378349.372718,0,730
330988.233619,378341.089838,0,730
330985.482809,378365.914348,0,730
331131.686356,378264.772893,0,730
331110.696654,378269.445033,0,730
331025.791416,378206.112199,0,730
331059.116461,378198.127935,0,730
331174.430947,378203.151039,0,730
331114.002478,378310.672214,0,730
331077.370854,378394.604083,0,730
331127.454394,378351.264771,0,730
331024.19079,378233.242931,0,730
331204.750401,378345.869358,0,730
331103.026497,378387.739403,0,730
331048.998457,378335.119374,0,730
331134.752629,378221.674648,0,730
331192.129705,378367.940938,0,730
331148.767288,378272.510267,0,730
331024.767763,378315.298877,0,730
331153.371739,378223.801195,0,730
331112.716982,378389.196232,0,730
331051.898412,378317.797587,0,730
331133.093233,378384.062533,0,730
331205.470774,378371.747074,0,730
331100.038861,378292.047749,0,730
331127.347196,378367.199392,0,730
331058.404053,378231.714792,0,730
330983.110633,378264.244903,0,730
331164.916478,378281.38828,0,730
331038.280869,378271.886006,0,730
331194.228864,378289.192608,0,730
331058.646589,378238.437292,0,730
331132.917889,378325.986285,0,730
331026.245972,378343.072013,0,730
331029.433466,378361.304446,0,730
331001.309331,378286.820129,0,730
331112.967407,378364.006023,0,730
331070.190416,378349.328364,0,730
330991.025294,378249.413306,0,730
331047.555665,378246.656102,0,730
331166.084002,378399.516229,0,730
331185.12051,378360.080925,0,730
331150.445653,378311.048437,0,730
331073.038748,378246.415257,0,730
331168.100424,378227.243038,0,730
331183.961544,378263.535067,0,730
331198.161743,378369.188876,0,730
331148.761916,378389.597027,0,730
331018.304797,378234.979368,0,730
331018.69077,378190.231314,0,730
331171.139554,378362.868062,0,730
331141.10301,378351.393573,0,730
331046.027268,378366.142178,0,730
331078.570658,378376.905901,0,730
331054.66431,378389.997013,0,730
331007.586083,378370.381437,0,730
331046.928682,378235.750109,0,730
331109.35312,378362.013198,0,730
331049.588997,378208.820486,0,730
330995.579701,378215.817964,0,730
331062.686595,378225.633593,0,730
331185.134263,378242.072459,0,730
331156.407883,378339.288101,0,730
331018.132842,378384.45116,0,730
331139.994946,378363.582972,0,730
331136.203767,378395.333994,0,730
331034.486352,378250.913576,0,730
331086.059354,378285.446011,0,730
331079.966463,378243.757116,0,730
331036.916236,378339.886222,0,730
330997.056947,378298.242948,0,730
331049.670564,378210.240452,0,730
331010.088937,378328.174001,0,730
331184.738353,378276.710283,0,730
331007.198606,378228.332316,0,730
331071.368957,378270.692116,0,730
331077.691898,378310.153476,0,730
331025.838439,378185.460723,0,730
331075.560963,378218.529746,0,730
331195.225433,378371.876232,0,730
331161.749777,378325.174115,0,730
331158.712232,378325.83227,0,730
331172.621946,378287.260856,0,730
331138.003207,378300.879922,0,730
331065.131997,378374.386395,0,730
330984.960183,378333.953762,0,730
331075.475419,378300.146365,0,730
331039.713726,378373.753376,0,730
331153.465183,378390.330538,0,730
331089.356346,378226.39341,0,730
331168.90803,378202.443463,0,730
331161.196053,378326.815107,0,730
331073.470802,378224.844728,0,730
330980.914355,378262.219055,0,730
331088.638261,378230.37614,0,730
331061.963521,378326.53019,0,730
331143.902296,378257.947945,0,730
331040.846248,378303.219894,0,730
331170.151228,378301.25847,0,730
331084.315132,378316.996049,0,730
331097.360476,378320.505975,0,730
331124.239862,378338.260816,0,730
331144.354995,378284.085905,0,730
331024.046935,378211.268,0,730
331056.987038,378276.843559,0,730
330997.268842,378358.212343,0,730
331006.823476,378390.19403,0,730
331177.091782,378294.140995,0,730
331018.508517,378288.058041,0,730
331205.05055,378380.738931,0,730
331083.0539,378286.405085,0,730
331199.830675,378348.199953,0,730
331161.673115,378262.633834,0,730
331124.022618,378294.988136,0,730
331121.140767,378254.321479,0,730
331183.356203,378263.186406,0,730
331031.082457,378201.21949,0,730
331104.368957,378229.745369,0,730
331103.7089,378225.903874,0,730
331126.584963,378243.725984,0,730
330993.629961,378365.052175,0,730
331170.779481,378263.452864,0,730
331127.320916,378361.460704,0,730
331208.803584,378397.150728,0,730
331048.807126,378374.806311,0,730
331110.204385,378189.983458,0,730
331008.152892,378303.298998,0,730
331027.884661,378312.473726,0,730
331053.255346,378289.352861,0,730
331108.155017,378219.60374,0,730
331172.431501,378204.048252,0,730
331098.723993,378209.189569,0,730
331058.355357,378368.04121,0,730
331045.213702,378270.53299,0,730
331092.017818,378337.536999,0,730
331024.525769,378387.465423,0,730
331177.348384,378312.55036,0,730
331145.892592,378386.064729,0,730
331035.946629,378285.322661,0,730
331021.804173,378335.797899,0,730
331178.74772,378358.098854,0,730
331157.940013,378353.83509,0,730
331026.891083,378271.347589,0,730
331002.128444,378308.716429,0,730
331074.120011,378361.176142,0,730
331006.974996,378323.250945,0,730
331148.239916,378376.425686,0,730
331108.301743,378308.02513,0,730
331063.36329,378289.137118,0,730
331114.711205,378288.946814,0,730
331025.765998,378272.430298,0,730
330983.479308,378221.011493,0,730
331095.353259,378276.78513,0,730
331137.943529,378382.960822,0,730
331169.706728,378269.590253,0,730
331106.812618,378233.697094,0,730
331125.569492,378328.323927,0,730
331137.777314,378242.745005,0,730
331193.903794,378232.364109,0,730
331055.466508,378353.808094,0,730
331032.625247,378347.352133,0,730
330995.234245,378229.711588,0,730
331106.561792,378292.966259,0,730
331046.136959,378357.336298,0,730
331096.203288,378389.156418,0,730
331092.376594,378298.560064,0,730
331169.651132,378253.869618,0,730
331142.995942,378396.661411,0,730
331121.083325,378387.529151,0,730
331146.091462,378292.740233,0,730
331160.622492,378307.375312,0,730
331190.256109,378208.123677,0,730
331015.449769,378262.270307,0,730
331183.57149,378253.500258,0,730
331199.489987,378357.230377,0,730
331102.260246,378198.037799,0,730
331038.956002,378388.764399,0,730
331000.608349,378183.55738,0,730
331127.86112,378304.823477,0,730
331174.774067,378200.922343,0,730
331042.137487,378323.263213,0,730
331035.9616,378219.397942,0,730
331119.228306,378245.364413,0,730
331025.815583,378275.773561,0,730
331122.266276,378236.186507,0,730
331186.93623,378196.190216,0,730
330994.893194,378243.421059,0,730
331152.382554,378291.300024,0,730
331113.274628,378247.196675,0,730
331157.003971,378278.632621,0,730
331039.867053,378385.814981,0,730
331172.445431,378394.401716,0,730
331004.491431,378245.902847,0,730
331071.816374,378365.981682,0,730
331079.865519,378212.378318,0,730
331022.863981,378366.96086,0,730
331024.585465,378209.132242,0,730
331181.505972,378280.539982,0,730
331041.968152,378325.27417,0,730
331082.823905,378213.86456,0,730
331146.232341,378316.144088,0,730
331160.696136,378317.368101,0,730
330989.40966,378310.83748,0,730
331173.003509,378375.093434,0,730
331116.699402,378287.954351,0,730
331156.305439,378234.580172,0,730
331096.255958,378315.206967,0,730
331031.485844,378340.115459,0,730
331169.374745,378271.91308,0,730
331097.001008,378393.069077,0,730
331020.684439,378361.096101,0,730
330999.87354,378284.490838,0,730
331066.285925,378236.445491,0,730
331047.066632,378369.319387,0,730
331160.472635,378349.004952,0,730
331141.961948,378191.27429,0,730
331027.234672,378321.324743,0,730
331000.555662,378373.342065,0,730
331160.629321,378359.318182,0,730
331008.252484,378346.425376,0,730
331105.935072,378197.622479,0,730
331062.068336,378283.932799,0,730
331179.29491,378361.68656,0,730
331053.657221,378384.147353,0,730
331113.77983,378363.147122,0,730
331040.209058,378304.158619,0,730
330997.386653,378277.918116,0,730
331046.975719,378327.699314,0,730
331115.206514,378392.614084,0,730
331183.740019,378269.867892,0,730
331062.046939,378205.930433,0,730
330989.265473,378340.080882,0,730
331092.281802,378369.117642,0,730
331076.592094,378341.060465,0,730
331056.392857,378212.908692,0,730
331009.775033,378191.795446,0,730
331029.531473,378195.348865,0,730
331011.390327,378227.446278,0,730
331101.556276,378253.991026,0,730
331097.455008,378187.420166,0,730
331046.90241,378197.675736,0,730
331040.705066,378192.968482,0,730
331013.2618,378252.870708,0,730
331125.147124,378376.642583,0,730
331192.170312,378361.560369,0,730
330979.316772,378230.201297,0,730
331098.156947,378368.227763,0,730
330981.32016,378235.03467,0,730
331173.691771,378213.674948,0,730
331158.888746,378323.642544,0,730
330998.42982,378391.86517,0,730
331135.378637,378220.081265,0,730
331033.531342,378391.442585,0,730
331093.140156,378190.158721,0,730
331198.404108,378352.262435,0,730
331040.177019,378191.63177,0,730
331111.933147,378391.798475,0,730
331111.402298,378213.177602,0,730
331113.133306,378355.205294,0,730
331069.258401,378277.320849,0,730
331125.015931,378272.604223,0,730
331052.97312,378271.882148,0,730
331033.222425,378233.100272,0,730
331116.135983,378378.538167,0,730
331022.809919,378368.17515,0,730
331200.759146,378393.220053,0,730
331116.028123,378374.476624,0,730
331172.22218,378299.280191,0,730
331032.361177,378229.003775,0,730
331006.79738,378263.194482,0,730
331009.522269,378271.752872,0,730
331070.293864,378394.935979,0,730
331097.636475,378319.43151,0,730
331079.048622,378295.335815,0,730
331016.474396,378342.703073,0,730
331162.38284,378241.239455,0,730
331021.532418,378384.931156,0,730
331096.511069,378354.220363,0,730
330996.30243,378369.407513,0,730
331174.029272,378247.95325,0,730
331140.719748,378247.539623,0,730
331208.438206,378398.926617,0,730
331108.703974,378211.896624,0,730
331191.692477,378237.522683,0,730
331040.274896,378262.469668,0,730
331056.038462,378285.525945,0,730
331046.786075,378309.406366,0,730
331146.170435,378202.131755,0,730
331162.793516,378385.446667,0,730
331159.832656,378206.805525,0,730
331087.373373,378191.065318,0,730
331120.341805,378323.93422,0,730
331117.684311,378312.311295,0,730
331185.597928,378215.767964,0,730
331034.167515,378245.805857,0,730
331165.450845,378275.020226,0,730
331099.457142,378289.167807,0,730
331122.417755,378264.650508,0,730
331085.061045,378362.173082,0,730
331063.83824,378314.131939,0,730
331149.168244,378271.723292,0,730
331053.941973,378201.703608,0,730
331023.664995,378213.432904,0,730
331000.595838,378273.97996,0,730
331148.153935,378392.959815,0,730
331077.278566,378302.865504,0,730
331016.223525,378188.821879,0,730
331020.031403,378353.860155,0,730
330992.802201,378311.654369,0,730
331186.998037,378229.474427,0,730
331039.687551,378249.836421,0,730
331064.610012,378233.470506,0,730
331180.879538,378262.081708,0,730
331061.082356,378268.221622,0,730
331167.547384,378208.044476,0,730
331113.501627,378352.964348,0,730
331071.540869,378382.740414,0,730
331096.659869,378341.718303,0,730
331188.081901,378254.542359,0,730
331158.56185,378225.780247,0,730
331066.260603,378250.39058,0,730
331199.269171,378288.253503,0,730
331151.738912,378268.343112,0,730
331034.065554,378337.923999,0,730
331202.873367,378371.995057,0,730
331190.847343,378218.016783,0,730
331117.451025,378191.002891,0,730
331164.329208,378265.525764,0,730
331102.03408,378220.97798,0,730
331058.964597,378347.560883,0,730
331145.544255,378261.520332,0,730
331195.359374,378332.32366,0,730
331195.884439,378246.964667,0,730
331147.362072,378242.404611,0,730
331150.727476,378343.361272,0,730
331097.751264,378268.955389,0,730
331036.613335,378190.591885,0,730
331049.508496,378254.436051,0,730
331192.417968,378401.753124,0,730
331158.062815,378278.539207,0,730
331040.094915,378240.508321,0,730
331007.186987,378230.997368,0,730
331070.959587,378222.821097,0,730
331095.374134,378234.026523,0,730
331115.506213,378217.856732,0,730
331156.464542,378308.538291,0,730
330987.04855,378255.633753,0,730
331151.971637,378254.576127,0,730
331051.282541,378389.458743,0,730
331118.150772,378268.923017,0,730
331101.917076,378342.132615,0,730
331135.722915,378327.667622,0,730
331194.540425,378340.867018,0,730
331089.429736,378386.754582,0,730
331121.397463,378198.719324,0,730
331148.787544,378338.411265,0,730
331070.161668,378274.426682,0,730
330999.155223,378363.607279,0,730
331008.612635,378206.136706,0,730
331200.410458,378290.321117,0,730
331164.555478,378373.314563,0,730
331193.787387,378299.71641,0,730
331066.077892,378284.012365,0,730
331035.001466,378367.703645,0,730
331002.322388,378321.631067,0,730
331201.082693,378369.759598,0,730
331147.041245,378245.767103,0,730
331114.6031,378190.706738,0,730
331203.439803,378362.087959,0,730
330985.65827,378267.523771,0,730
331081.281741,378360.054802,0,730
331185.736631,378354.69937,0,730
331009.944886,378261.11613,0,730
331198.09732,378281.115401,0,730
331103.951425,378231.135138,0,730
331182.839718,378353.055058,0,730
331119.013722,378280.0953,0,730
331134.524894,378230.145757,0,730
331048.672128,378236.223383,0,730
331000.612585,378225.053631,0,730
330991.393678,378190.974996,0,730
331149.827689,378399.880715,0,730
331165.968847,378320.436443,0,730
331000.159929,378198.295991,0,730
331074.776737,378327.652451,0,730
331064.481052,378376.662313,430,730
