326404.546116,378613.537842,0,503
326309.314585,378427.608369,0,619
326396.484085,378417.086004,0,351
326336.845956,378648.105962,0,730
326372.34044,378461.388998,0,730
326383.292952,378280.939316,0,730
326319.348546,378378.263346,0,480
326417.936569,378584.042042,0,452
326510.25981,378515.43623,0,723
326493.187968,378540.466715,0,326
326447.9079,378450.885871,0,730
326417.32237,378372.184503,0,411
326346.136957,378493.931191,0,730
326444.783295,378449.852747,0,633
326373.425766,378349.434297,0,730
326398.203092,378569.187415,0,730
326373.18389,378561.729365,0,730
326477.240892,378497.717385,0,730
326470.69825,378523.661639,0,252
326334.345342,378386.5793,0,730
326501.856445,378521.068196,0,5
326440.417732,378641.308418,0,730
326359.090183,378294.74922,0,587
326438.836058,378411.247359,0,730
326473.75619,378559.574974,0,730
326423.080181,378592.068998,0,349
326316.198171,378394.177187,0,730
326514.185804,378557.436547,0,698
326461.415224,378612.32769,0,523
326419.489165,378632.292124,0,522
326398.321621,378443.295835,0,597
326384.19782,378477.089045,0,730
326488.306218,378525.581821,0,730
326353.693856,378455.960279,0,730
326425.512072,378424.565841,0,730
326393.30249,378473.479818,0,565
326407.091831,378606.381404,0,730
326348.843547,378403.193553,0,730
326404.131865,378457.995063,0,730
326473.755058,378618.420251,0,730
326401.160661,378493.316625,0,730
326494.30038,378607.00237,0,730
326432.713368,378473.618745,0,730
326463.604295,378550.619434,0,730
326437.394083,378395.992753,0,730
326411.468278,378343.711046,0,730
326358.149737,378562.954141,0,730
326406.409934,378569.78978,0,730
326357.1896,378667.382868,0,730
326332.235857,378655.041145,0,482
326448.82956,378398.254255,0,701
326516.303616,378541.610389,0,730
326359.006105,378374.273586,0,730
326413.659854,378512.830394,0,69
326341.964018,378312.244621,0,730
326411.087718,378622.323308,0,709
326422.35589,378460.314287,0,730
326412.03964,378604.934066,0,730
326365.155713,378555.224537,0,730
326342.793761,378654.882475,0,730
326380.37368,378398.823885,0,730
326461.924416,378572.621695,0,730
326471.311676,378500.016004,0,455
326360.561212,378364.947511,0,730
326318.280947,378341.416855,0,730
326448.916172,378437.02222,0,730
326388.977104,378418.366972,0,595
326394.437791,378600.115229,0,730
326422.288265,378425.552412,0,730
326494.410387,378586.563005,0,730
326431.512439,378431.428255,0,108
326513.298697,378535.246313,0,624
326352.035779,378396.92187,0,730
326443.478065,378601.439888,0,730
326476.797941,378582.344433,0,730
326490.025681,378619.410715,0,629
326380.565343,378315.567388,0,730
326469.240197,378470.735308,0,367
326430.179286,378395.090083,0,725
326463.749227,378507.899027,0,205
326345.846538,378424.001855,0,730
326348.624197,378362.266393,0,730
326393.975374,378314.060775,0,507
326418.884431,378557.235617,0,173
326468.578083,378522.769016,0,437
326392.294964,378616.333892,0,35
326498.242979,378536.261897,0,730
326453.493752,378580.498883,0,730
326453.428737,378442.462174,0,208
326392.15669,378586.562675,0,102
326337.361134,378368.789697,0,355
326405.509885,378503.096239,0,730
326292.747524,378395.404401,0,135
326381.180166,378264.77269,0,699
326372.558023,378627.860402,0,558
326428.900122,378451.869284,0,403
326407.768498,378572.49146,0,539
326440.457536,378580.768531,0,730
326452.586249,378422.8652,0,730
326385.755665,378609.245103,0,730
326404.557574,378620.996587,0,730
326384.509715,378365.104282,0,471
326384.764059,378569.46031,0,730
326356.742565,378469.521456,0,730
326416.179914,378411.277086,0,33
326448.60261,378404.674742,0,730
326390.36517,378521.790306,0,730
326430.526887,378408.292801,0,730
326390.689256,378580.012529,0,492
326508.116961,378510.034576,0,91
326339.420015,378492.409208,0,730
326352.254094,378385.289661,0,19
326330.08818,378644.19686,0,143
326395.438186,378638.284464,0,508
326384.381124,378656.958416,0,684
326436.304432,378418.027046,0,730
326430.332153,378409.638947,0,45
326496.925881,378488.663868,0,730
326416.843333,378346.308076,0,358
326516.877455,378567.633,0,730
326443.474377,378640.999824,0,730
326453.412529,378638.792204,0,730
326525.032253,378557.276385,0,247
326396.062836,378386.562255,0,730
326410.671358,378521.526351,0,654
326298.042076,378367.613098,0,730
326410.83518,378423.899115,0,730
326433.193959,378524.581882,0,167
326439.258585,378565.988575,0,730
326395.962402,378586.716085,0,245
326351.353065,378438.954896,0,730
326402.415905,378353.615339,0,362
326453.905438,378572.084143,0,730
326312.353384,378355.688172,0,730
326385.834564,378470.261794,0,486
326394.785998,378319.554142,0,730
326434.701024,378381.322535,0,730
326303.635004,378435.782028,0,373
326377.957135,378402.43646,0,730
326492.019048,378622.321296,0,730
326536.431837,378564.083077,0,719
326488.485453,378601.241655,0,730
326331.326365,378350.930577,0,730
326428.214872,378601.142004,0,730
326494.669411,378518.087314,0,665
326470.257275,378537.629108,0,730
326438.800032,378633.859731,0,730
326490.415398,378500.543048,0,487
326367.840411,378288.997793,0,648
326428.420042,378608.692107,0,730
326469.811866,378455.032737,0,269
326476.589404,378613.23857,0,730
326375.572592,378629.633746,0,730
326454.377678,378464.705171,0,730
326368.449678,378299.94618,0,94
326472.576723,378511.510573,0,730
326427.478286,378483.343903,0,730
326378.638171,378456.653106,0,311
326407.311326,378465.264621,0,101
326350.124881,378623.162528,0,451
326366.886186,378297.119729,0,203
326354.052042,378420.634377,0,67
326528.906327,378534.704457,0,730
326353.512944,378286.659623,0,730
326380.254197,378575.324106,0,730
326366.653147,378380.951373,0,435
326523.000816,378545.021149,0,730
326509.145034,378512.380632,0,380
326467.311822,378644.697452,0,730
326526.509364,378523.650978,0,346
326397.137017,378520.671195,0,730
326383.865724,378418.776712,0,117
326405.091829,378529.789472,0,543
326402.038844,378645.833346,0,730
326338.926194,378404.602986,0,730
326348.902948,378666.624627,0,730
326313.502207,378376.262053,0,730
326507.079525,378503.698216,0,730
326347.605895,378297.828752,0,730
326480.409721,378539.325983,0,730
326460.203201,378601.810596,0,730
326367.864202,378335.193603,0,392
326450.976853,378436.681316,0,730
326319.113334,378382.590099,0,730
326484.259294,378634.510129,0,730
326300.673996,378357.737744,0,730
326382.894594,378578.210398,0,37
326295.66531,378403.54028,0,730
326409.79734,378402.167434,0,328
326428.436329,378351.863548,0,730
326486.325628,378606.843968,0,730
326350.621335,378406.747445,0,730
326428.541726,378655.499224,0,730
326433.157163,378462.140815,0,583
326355.076663,378381.448862,0,730
326444.745321,378553.774456,0,577
326429.603732,378396.790421,0,730
326358.641038,378383.344668,0,730
326428.154387,378526.778953,0,730
326330.500167,378647.488342,0,730
326366.62577,378616.982566,0,730
326406.798163,378351.695351,0,419
326408.898777,378606.394636,0,608
326296.339089,378391.334259,0,67
326361.083054,378335.809089,0,730
326363.512381,378560.612501,0,730
326484.448352,378494.561967,0,691
326362.191812,378269.225827,0,730
326416.516456,378453.392164,0,730
326419.459953,378451.921406,0,730
326472.937051,378513.958744,0,730
326466.142627,378543.43555,0,730
326338.48207,378449.79091,0,12
326456.652975,378647.394164,0,730
326365.882975,378263.19636,0,730
326371.451155,378263.285519,0,730
326419.969704,378508.439803,0,559
326361.494699,378448.362305,0,730
326423.51316,378510.615727,0,730
326495.286707,378513.691159,0,730
326459.295088,378456.535466,0,44
326392.30536,378285.98119,0,546
326357.777581,378300.550849,0,730
326518.57315,378549.883818,0,730
326491.23733,378613.349479,0,730
326381.57868,378509.589964,0,730
326404.019598,378634.75313,0,570
326372.815448,378600.165857,0,584
326470.56312,378490.499372,0,730
326316.867455,378396.502328,0,63
326393.217796,378449.568507,0,340
326397.684423,378372.124513,0,658
326450.799208,378524.97101,0,661
326307.922073,378423.30695,0,518
326402.839477,378529.404318,0,730
326376.510959,378656.08092,0,730
326399.741313,378538.594478,0,730
326487.005682,378608.091779,0,24
326335.736456,378484.775514,0,730
326359.469344,378477.046992,0,730
326407.502174,378477.925212,0,730
326360.879568,378570.750268,0,513
326335.274679,378441.935082,0,126
326360.729917,378559.13307,0,730
326343.646688,378442.050991,0,730
326354.019905,378300.869012,0,730
326471.810576,378501.450351,0,730
326412.414533,378536.859535,0,425
326469.579143,378608.072149,0,730
326320.608856,378473.047023,0,520
326375.587582,378608.464564,0,730
326431.086155,378555.106804,0,730
326382.92161,378441.479627,0,730
326406.513114,378501.62503,0,730
326461.182845,378536.864325,0,658
326307.829212,378437.563358,0,355
326297.421242,378426.013409,0,730
326384.900865,378423.367443,0,365
326373.682458,378423.167685,0,730
326425.017125,378468.703999,0,640
326326.762452,378468.303545,0,730
326503.495573,378538.205664,0,645
326431.548682,378654.404867,0,730
326349.938356,378464.251376,0,730
326394.616335,378493.436778,0,730
326525.908643,378529.851625,0,671
326443.891968,378473.529634,0,730
326348.499476,378342.02353,0,730
326429.007653,378494.027126,0,609
326398.901537,378489.52821,0,711
326354.734398,378326.299139,0,730
326464.945032,378451.397765,0,656
326454.776296,378458.096553,0,730
326366.409157,378570.487216,0,730
326382.454631,378468.854678,0,730
326361.246579,378273.842591,0,383
326303.684072,378399.010781,0,527
326452.658395,378442.129553,0,438
326530.528439,378543.062622,0,530
326375.018612,378658.980799,0,730
326421.745115,378519.775974,0,730
326468.799807,378500.920929,0,730
326365.820458,378617.949291,0,301
326330.974808,378369.949969,0,730
326367.898602,378462.406724,0,730
326438.245699,378441.208936,0,85
326300.651008,378353.956319,0,564
326547.294166,378535.327408,0,518
326395.852563,378415.876802,0,249
326334.189006,378631.842774,0,730
326338.279297,378340.935522,0,170
326424.046302,378648.220558,0,730
326380.46451,378636.685332,0,87
326348.870837,378405.196436,0,730
326430.40528,378635.370759,0,730
326424.317063,378353.935375,0,730
326386.363515,378632.207306,0,730
326474.172023,378522.5406,0,730
326315.508495,378424.766587,0,553
326371.907726,378313.879042,0,730
326309.199694,378452.025077,0,730
326423.936373,378528.37012,0,730
326342.259703,378327.38837,0,371
326536.849268,378542.936446,0,730
326359.001759,378572.130721,0,730
326443.888315,378457.100696,0,730
326372.254561,378322.97203,0,730
326361.286252,378349.772965,0,730
326346.137134,378621.368297,0,730
326365.585694,378368.713513,0,730
326502.886764,378502.085995,0,631
326413.945323,378566.439541,0,333
326468.634186,378522.942973,0,730
326355.571023,378428.423604,0,730
326416.889979,378603.987882,0,467
326464.120587,378442.267083,0,435
326410.936927,378508.617738,0,730
326317.056665,378337.918006,0,584
326329.278894,378414.058646,0,247
326423.024269,378568.657297,0,385
326452.208772,378521.580422,0,448
326375.817715,378527.930186,0,498
326371.507722,378396.404004,0,730
326435.179797,378512.253867,0,6
326407.890731,378596.261083,0,730
326419.774746,378373.83901,0,730
326420.716616,378533.13122,0,730
326389.043559,378369.527482,0,730
326429.516477,378501.936681,0,730
326390.212291,378628.755253,0,730
326365.615577,378483.384304,0,730
326477.887421,378553.921319,0,730
326520.623459,378565.819754,0,730
326339.476163,378377.84315,0,730
326366.563216,378469.737488,0,417
326436.832995,378546.932944,0,730
326373.624979,378319.995559,0,485
326490.089086,378529.656939,0,423
326335.901555,378478.225693,0,730
326523.710911,378562.568653,0,730
326415.994798,378476.680997,0,464
326376.430646,378304.511243,0,730
326418.431103,378347.037951,0,730
326408.78875,378550.359561,0,730
326424.246974,378525.964673,0,257
326476.60562,378555.231836,0,490
326349.992343,378500.325825,0,519
326474.877503,378571.18778,0,730
326407.350851,378622.734673,0,730
326477.695013,378617.991523,0,592
326456.404397,378422.918816,0,730
326379.73669,378561.370683,0,730
326296.884444,378408.693678,0,730
326310.854802,378402.036463,0,730
326487.784682,378508.750982,0,660
326368.571106,378390.566849,0,342
326496.109614,378567.663925,0,730
326404.041556,378648.453935,0,730
326355.645767,378475.942466,0,730
326490.538707,378595.618319,0,730
326405.531599,378503.252547,0,730
326411.277957,378637.412972,0,373
326335.345401,378669.365253,0,730
326407.937606,378527.242747,0,730
326430.000065,378658.966348,0,730
326397.134628,378582.309096,0,64
326480.227683,378625.454215,0,700
326417.036439,378431.195528,0,730
326455.636371,378438.304813,0,730
326382.880883,378415.378281,0,730
326464.18082,378605.827109,0,730
326361.854405,378282.735584,0,730
326414.213316,378506.04852,0,730
326466.121518,378458.129076,0,730
326457.745325,378503.163662,0,730
326304.043237,378407.488872,0,214
326454.642664,378572.706897,0,730
326410.110107,378400.483721,0,730
326404.27092,378641.375102,0,730
326450.381301,378614.616394,0,730
326338.615725,378385.064818,0,730
326401.444086,378635.588366,0,343
326448.885764,378478.059337,0,730
326481.171968,378552.049294,0,730
326378.62365,378277.710323,0,706
326471.731307,378588.888612,0,730
326367.771481,378372.299126,0,730
326302.82089,378436.971179,0,433
326335.31959,378321.457336,0,730
326402.134572,378560.97167,0,429
326435.178216,378490.256475,0,730
326359.652237,378641.506613,0,448
326357.967826,378468.381095,0,730
326489.800431,378519.99986,0,556
326394.557902,378616.913154,0,730
326450.790349,378429.193513,0,730
326304.826809,378382.705628,0,730
326488.212317,378589.461151,0,730
326479.247476,378524.259394,0,730
326515.286376,378508.804366,0,730
326459.356855,378508.640688,0,730
326391.257658,378374.996362,0,730
326382.800437,378455.410427,0,730
326376.215638,378325.339463,0,730
326417.654585,378601.619612,0,730
326366.612657,378519.919642,0,730
326317.098758,378466.446064,0,730
326305.62413,378394.026026,0,730
326389.930529,378449.648433,0,730
326464.834345,378501.40752,0,730
326354.066,378344.750613,0,730
326388.48991,378643.290132,0,730
326360.408492,378274.708263,0,332
326335.082598,378645.361405,0,197
326457.206831,378525.348379,0,319
326466.382562,378649.563385,0,730
326425.5389,378617.319927,0,730
326338.927222,378375.15566,0,730
326295.251819,378394.988406,0,730
326517.192161,378541.073828,0,730
326391.931641,378494.543063,0,730
326347.688616,378293.270551,0,315
326360.716191,378446.34629,0,730
326410.698733,378413.836053,0,486
326401.543791,378525.184796,0,730
326432.457146,378528.622707,0,730
326308.932101,378335.490503,0,494
326363.159226,378389.024439,0,730
326365.593947,378561.987239,0,730
326376.888106,378293.218378,0,484
326501.020467,378551.272228,0,730
326544.422515,378526.817176,0,730
326321.260812,378456.590809,0,453
326471.812085,378547.622853,0,730
326448.281755,378647.751779,0,145
326528.158538,378534.91259,0,169
326421.232254,378388.587824,0,730
326372.242202,378620.652381,0,730
326374.023051,378655.582422,0,611
326396.848253,378587.087696,0,730
326320.154574,378417.29632,0,730
326504.450353,378527.484064,0,730
326327.857427,378325.368297,0,730
326488.790205,378527.553752,0,730
326429.206543,378514.97362,0,730
326352.620012,378491.184447,0,555
326416.272852,378336.300892,0,730
326332.813392,378368.156975,0,730
326465.891577,378453.585363,0,730
326446.660345,378640.47863,0,653
326467.667991,378608.80645,0,730
326436.514875,378462.95321,0,452
326428.794172,378423.334291,0,730
326396.745515,378634.217499,0,730
326448.980756,378613.068653,0,730
326430.906571,378439.29311,0,730
326379.195927,378598.335859,0,201
326443.217497,378504.468623,0,111
326417.93888,378428.626194,0,730
326445.268351,378457.146516,0,730
326469.452732,378606.138861,0,125
326328.372382,378313.746627,0,730
326462.803724,378586.977521,0,730
326384.868225,378601.954381,0,87
326419.829639,378515.855224,0,580
326505.458128,378533.83539,0,730
326387.494532,378274.249926,0,730
326420.100671,378495.635554,0,300
326392.631495,378509.545534,0,353
326431.49502,378649.43348,0,730
326368.152051,378464.604608,0,730
326402.597725,378509.453335,0,730
326398.176721,378400.016236,0,730
326350.389837,378453.25063,0,124
326401.524379,378457.17788,0,285
326398.488228,378294.693819,0,730
326365.135143,378652.748729,0,730
326425.399775,378572.034236,0,730
326477.352049,378621.802161,0,730
326388.868082,378649.424112,0,491
326382.515503,378480.222506,0,125
326371.863955,378571.026656,0,153
326370.544897,378578.921157,0,730
326344.791877,378314.332097,0,730
326422.619844,378601.861158,0,730
326495.142979,378609.653661,0,730
326535.313801,378558.980436,0,730
326417.519216,378556.353007,0,730
326360.807775,378312.299697,0,164
326435.978481,378447.056082,0,730
326452.632168,378599.536853,0,730
326544.382112,378549.627923,0,521
326402.538188,378629.306316,0,730
326391.74426,378479.725232,0,730
326321.767288,378376.873634,0,730
326385.088744,378452.907413,0,730
326366.003416,378522.754992,0,730
326530.093413,378527.174325,0,702
326420.120549,378559.347472,0,730
326340.231044,378360.912277,0,92
326454.461481,378477.834712,0,730
326336.584008,378365.70005,0,296
326324.915852,378390.430092,0,721
326429.874933,378421.77207,0,289
326418.378311,378550.547596,0,730
326432.079427,378428.052617,0,730
326357.939761,378505.527621,0,730
326532.317823,378544.452968,0,589
326362.556478,378351.891826,0,218
326392.822088,378527.407551,0,55
326443.079471,378503.090962,0,730
326487.13966,378588.576523,0,730
326435.499225,378492.904633,0,730
326341.279378,378371.304792,0,730
326450.976357,378553.385246,0,730
326345.193954,378404.614078,0,39
326496.191303,378585.379529,0,730
326425.74649,378517.193294,0,730
326316.603115,378397.106548,0,660
326363.552731,378573.110256,0,450
326341.322982,378398.075999,0,228
326311.634283,378339.606053,0,730
326412.475173,378393.015867,0,730
326323.703209,378448.129228,0,730
326345.486246,378385.643602,0,730
326401.939918,378569.606889,0,730
326364.470374,378462.679658,0,666
326370.354791,378365.154108,0,730
326358.53154,378275.600843,0,136
326467.385383,378588.020163,0,730
326327.077505,378384.7533,0,361
326544.697581,378540.179731,0,730
326308.678258,378434.458443,0,47
326408.102294,378508.650399,0,730
326516.195424,378514.406736,0,730
326367.992638,378447.49532,0,730
326411.394259,378343.26679,0,675
326404.108335,378323.711116,0,730
326424.94108,378378.595626,0,730
326528.53069,378565.027787,0,730
326364.417316,378341.616972,0,730
326376.1915,378262.304892,0,730
326512.530269,378505.797204,0,730
326430.141808,378426.503086,0,498
326409.663043,378520.599229,0,730
326368.776487,378605.743663,0,241
326411.076329,378435.499888,0,730
326343.422445,378498.302657,0,474
326457.907869,378642.493678,0,730
326349.672415,378341.877617,0,150
326312.755802,378403.440041,0,730
326308.128396,378327.869554,0,730
326458.561928,378579.508873,0,325
326334.886025,378422.387234,0,720
326313.858205,378391.325725,0,730
326432.707922,378450.90031,0,207
326474.602348,378640.867526,0,320
326394.311571,378320.109776,0,730
326425.905685,378442.732325,0,730
326401.117059,378338.399656,0,714
326400.511539,378422.686774,0,645
326416.558012,378350.717273,0,730
326498.500583,378538.124328,0,730
326337.402992,378636.100911,0,730
326503.502067,378536.496054,0,730
326363.168807,378392.66442,0,601
326381.28274,378313.085784,0,328
326306.841355,378431.011243,0,730
326486.05022,378532.451564,0,255
326454.061979,378533.691314,0,719
326402.701971,378436.846761,0,664
326513.33972,378573.039685,0,554
326476.077074,378615.175142,0,730
326474.45692,378557.457321,0,730
326384.545104,378634.997894,0,604
326441.722362,378422.222202,0,266
326345.487543,378312.316494,0,730
326385.5379,378609.774423,0,195
326344.65852,378472.973184,0,730
326380.374588,378446.247643,0,730
326473.549912,378472.660958,0,363
326372.535107,378298.941266,0,391
326329.415808,378468.009383,0,730
326425.421675,378418.248875,0,537
326524.240385,378521.691712,0,730
326407.082547,378546.336447,0,730
326377.739304,378349.175403,0,237
326437.217001,378390.2501,0,730
326393.930314,378531.324687,0,730
326561.365498,378549.867298,0,730
326337.972079,378498.385011,0,730
326399.263919,378448.742876,0,730
326388.224219,378519.565045,0,18
326411.158922,378635.277363,0,730
326439.577997,378576.949792,0,561
326439.836413,378563.671255,0,730
326419.495614,378470.281375,0,512
326509.885365,378499.771327,0,683
326348.029385,378364.137736,0,730
326391.001653,378443.785198,0,277
326347.481927,378668.994003,0,730
326419.151198,378430.624941,0,570
326491.566767,378521.637298,0,393
326384.671912,378494.815431,0,730
326376.607309,378297.256039,0,401
326472.863625,378479.014813,0,730
326363.530834,378382.890411,0,219
326364.018873,378575.654039,0,730
326473.845752,378643.776843,0,730
326360.365813,378423.307514,0,678
326364.670297,378618.451537,0,468
326344.063132,378296.637373,0,730
326368.926583,378633.835341,0,730
326373.119574,378264.824256,0,730
326423.173017,378607.701442,0,730
326406.2204,378392.224371,0,730
326313.730802,378403.296078,0,730
326359.403715,378513.857285,0,730
326438.358537,378442.631249,0,730
326444.426598,378504.814855,0,730
326521.039209,378566.961418,0,730
326371.415352,378301.327064,0,256
326401.86049,378538.937314,0,631
326386.788861,378415.145447,0,240
326373.582349,378319.603472,0,227
326400.151466,378591.986658,0,88
326337.97299,378354.264565,0,483
326301.132931,378368.163848,0,590
326424.850371,378371.03799,0,31
326394.736841,378376.824991,0,730
326368.618827,378257.087946,0,357
326424.811399,378381.532886,0,502
326411.764221,378355.036346,0,730
326431.126735,378476.779944,0,730
326449.254232,378458.889828,0,730
326431.881593,378624.222097,0,675
326395.075713,378640.099821,0,292
326495.327908,378513.657284,0,646
326374.144545,378506.063147,0,615
326339.35733,378325.46245,0,730
326372.232365,378651.386331,0,730
326321.675182,378362.700766,0,267
326390.28933,378273.91184,0,364
326437.754483,378483.172914,0,730
326411.867032,378632.568337,0,179
326431.093183,378464.708108,0,597
326349.332265,378436.764,0,566
326408.677873,378398.879143,0,730
326368.617858,378470.225937,0,730
326454.226508,378471.087466,0,730
326325.037231,378464.9361,0,730
326485.154081,378539.749202,0,264
326402.435708,378350.396047,0,730
326331.647475,378631.397617,0,730
326476.424345,378472.027529,0,730
326407.463112,378400.065085,0,339
326536.681353,378520.684015,0,730
326417.828018,378447.590256,0,473
326429.63485,378535.811221,0,730
326362.894713,378563.014556,0,730
326439.166005,378655.080941,0,730
326348.541899,378650.123645,0,730
326346.922238,378348.861898,0,560
326444.30179,378618.616855,0,730
326336.68264,378325.752525,0,730
326383.947337,378343.339132,0,334
326350.68229,378405.017436,0,35
326418.742372,378429.21567,0,28
326359.597137,378481.429011,0,730
326326.602914,378406.634532,0,607
326386.996989,378349.846297,0,730
326431.952386,378521.215818,0,167
326327.089001,378397.877015,0,347
326385.612386,378523.080709,0,380
326433.622911,378496.329801,0,225
326435.081181,378649.208307,0,117
326425.210763,378591.838045,0,647
326402.482624,378469.078908,0,532
326562.062142,378546.959512,0,730
326365.108756,378486.865011,0,730
326424.449256,378616.603441,0,730
326375.095331,378345.498893,0,627
326382.243281,378252.980282,0,529
326375.002793,378252.551237,0,730
326519.865561,378564.603779,0,177
326482.915211,378592.529502,0,730
326306.513588,378394.443746,0,625
326407.379006,378450.81509,0,730
326341.386183,378299.45403,0,28
326448.907139,378499.991073,0,730
326400.236105,378648.855575,0,730
326468.351229,378478.8086,0,341
326368.266767,378265.876199,0,652
326483.057437,378503.266746,0,17
326451.819764,378409.940711,0,487
326399.58888,378347.717263,0,730
326471.497195,378516.276935,0,592
326524.807474,378542.9157,0,730
326367.799651,378378.647065,0,116
326444.422257,378575.013424,0,456
326415.900164,378487.692114,0,730
326371.98323,378417.763423,0,730
326330.031574,378468.99568,0,723
326459.756149,378634.071515,0,730
326333.82261,378386.702932,0,730
326360.012577,378436.461022,0,447
326330.789502,378464.671713,0,248
326364.327895,378486.785695,0,697
326407.38978,378610.851287,0,515
326452.803379,378554.344645,0,730
326359.610191,378297.035118,0,688
326381.494771,378389.925811,0,730
326421.832377,378533.978569,0,255
326362.591981,378598.176722,0,730
326422.009386,378463.222389,0,292
326448.512257,378521.407083,0,730
326512.425835,378524.540984,0,730
326317.980806,378316.058271,0,238
326392.590788,378277.326573,0,730
326431.16192,378465.966261,0,730
326343.681179,378338.947152,0,632
326451.984617,378640.02531,0,363
326314.663617,378418.932488,0,284
326351.28821,378444.579218,0,730
326469.708782,378627.207687,0,730
326342.349843,378329.987346,0,718
326432.51185,378412.351287,0,256
326326.547222,378363.98458,0,730
326391.137545,378488.797647,0,339
326396.444431,378564.429311,0,606
326438.310482,378480.285047,0,730
326384.537104,378553.022051,0,224
326529.173685,378523.050633,0,655
326342.974871,378409.427622,0,730
326363.109557,378584.19318,0,562
326337.644774,378471.58845,0,705
326353.591876,378292.556283,0,410
326385.388439,378535.903243,0,158
326429.320204,378591.573939,0,730
326504.555667,378496.739917,0,454
326411.056556,378541.892772,0,730
326379.027377,378413.001599,0,71
326409.170127,378390.867506,0,730
326375.377433,378544.599346,0,730
326477.147259,378557.428467,0,730
326368.916264,378605.014411,0,730
326401.807989,378360.940784,0,730
326373.627485,378258.656152,0,596
326462.630738,378589.268675,0,444
326378.091941,378459.066759,0,359
326422.0209,378647.263278,0,415
326353.93455,378401.432107,0,730
326446.44496,378556.788951,0,703
326425.689575,378446.08224,0,481
326460.388756,378548.232762,0,730
326375.429104,378407.597411,0,569
326462.630944,378595.886632,0,15
326465.448309,378515.728809,0,2
326306.91827,378420.092831,0,534
326349.903003,378432.039309,0,224
326522.364082,378558.733358,0,730
326544.334788,378569.14874,0,713
326427.843783,378360.758945,0,730
326518.0274,378546.801418,0,730
326473.636512,378551.108739,0,730
326329.179628,378467.307508,0,730
326398.456331,378339.376786,0,180
326520.241862,378506.052144,0,322
326340.276329,378475.697733,0,58
326474.454727,378489.578457,0,626
326411.315956,378570.428816,0,730
326372.037547,378357.518649,0,730
326420.381691,378591.883479,0,730
326482.217158,378580.389345,0,730
326408.473353,378495.850658,0,730
326423.886345,378651.013795,0,299
326424.08335,378506.242982,0,395
326474.6587,378552.551013,0,730
326355.371155,378667.493317,0,730
326335.093681,378627.056484,0,335
326537.3149,378526.689651,0,548
326464.222588,378595.020828,0,730
326509.673937,378552.626882,0,730
326500.733379,378580.518996,0,694
326411.443221,378435.359621,0,730
326430.935717,378470.545326,0,730
326340.566749,378663.97232,0,730
326484.2966,378508.281535,0,730
326456.889992,378635.174031,0,730
326414.841359,378571.104655,0,676
326339.678402,378430.910443,0,74
326462.042374,378644.151304,0,730
326430.654299,378374.156846,0,43
326395.076182,378576.584323,0,20
326314.422744,378376.645037,0,730
326503.305319,378559.883749,0,474
326325.088406,378640.883724,0,730
326455.022981,378443.882346,0,730
326313.512271,378398.851474,0,730
326364.564663,378563.416199,0,727
326369.040845,378435.88777,0,730
326433.083851,378460.026615,0,730
326420.100992,378505.627858,0,730
326381.753799,378408.13243,0,730
326359.400651,378419.024406,0,730
326437.280204,378397.613354,0,149
326409.964973,378444.77195,0,223
326384.996619,378550.038554,0,730
326333.838533,378408.738674,0,410
326326.925991,378404.62419,0,730
326562.278174,378544.851897,0,730
326435.106256,378591.079483,0,168
326386.51961,378503.488544,0,730
326484.52575,378473.590486,0,605
326411.406147,378551.30753,0,730
326498.807706,378520.25237,0,730
326478.856122,378608.182583,0,692
326319.766027,378431.381672,0,161
326383.854401,378280.052452,0,730
326429.501929,378383.040326,0,505
326342.384891,378366.076268,0,98
326334.335254,378467.662317,0,420
326417.08261,378368.560381,0,730
326407.336324,378313.893418,0,730
326442.806568,378419.465499,0,730
326473.385749,378492.613754,0,730
326396.62856,378401.671109,0,115
326394.71084,378504.831533,0,514
326499.876901,378535.766855,0,730
326338.233955,378353.903358,0,730
326365.863361,378518.855284,0,730
326397.321355,378518.128772,0,460
326465.653038,378585.016253,0,245
326422.307628,378413.67614,0,687
326388.838286,378632.192184,0,208
326372.397193,378410.524975,0,730
326390.464919,378441.279845,0,730
326356.065835,378279.271986,0,730
326328.420859,378402.017352,0,691
326360.302697,378473.457886,0,354
326314.915822,378337.931931,0,730
326322.777345,378636.082161,0,730
326370.801594,378463.251405,0,730
326370.697185,378585.270001,0,730
326510.928012,378557.651764,0,443
326345.354985,378640.995207,0,730
326395.637171,378309.871445,0,730
326356.781367,378409.307195,0,730
326331.221834,378342.270866,0,730
326384.494422,378440.206006,0,475
326387.095801,378407.22002,0,369
326493.940725,378575.278367,0,712
326431.975737,378480.925834,0,360
326411.166356,378610.148805,0,512
326363.859328,378270.374278,0,730
326453.063053,378472.704552,0,38
326502.506327,378531.864788,0,730
326369.241295,378348.86719,0,730
326421.607916,378624.856639,0,730
326397.058593,378421.842218,0,730
326365.598593,378314.89903,0,730
326295.700755,378401.087457,0,730
326471.74213,378551.981151,0,730
326373.335952,378393.211143,0,730
326432.773853,378656.37751,0,681
326461.763734,378482.812553,0,730
326385.908448,378481.434519,0,730
326482.768341,378607.290274,0,283
326511.317037,378562.030212,0,522
326401.585714,378357.726076,0,696
326346.15957,378464.8647,0,201
326415.896863,378370.475722,0,730
326303.244028,378378.140746,0,595
326375.159526,378321.18254,0,677
326367.784307,378630.714716,0,730
326407.223142,378469.879237,0,730
326460.52161,378561.364101,0,598
326372.446716,378434.196139,0,730
326389.659808,378457.682832,0,730
326443.66625,378420.209013,0,730
326468.806414,378447.010137,0,630
326417.647238,378606.310691,0,730
326386.240079,378368.732565,0,730
326335.573279,378328.464356,0,390
326418.882551,378635.296981,0,329
326387.459341,378409.486236,0,730
326388.559478,378626.213861,0,730
326453.386967,378505.702297,0,626
326343.466462,378451.936466,0,730
326444.164301,378632.905563,0,33
326342.085595,378404.858181,0,730
326384.159715,378634.549471,0,557
326396.707387,378568.509503,0,29
326411.966578,378457.593718,0,730
326378.132773,378431.305562,0,730
326447.307448,378472.485315,0,559
326416.927567,378393.41727,0,730
326328.564313,378453.035401,0,599
326329.304619,378341.657049,0,680
326399.941529,378583.799909,0,716
326342.076401,378453.247582,0,730
326393.460615,378653.809421,0,462
326393.589671,378377.665143,0,730
326369.786713,378284.80804,0,546
326374.963844,378594.3883,0,730
326388.046695,378509.504994,0,316
326396.682578,378459.246119,0,73
326315.398091,378449.042046,0,294
326436.412702,378496.872664,0,730
326359.420863,378280.957774,0,110
326372.224645,378453.769597,0,730
326426.32164,378386.304463,0,51
326312.643143,378404.570703,0,730
326461.293742,378649.006256,0,70
326370.935653,378459.113802,0,66
326378.370509,378253.560147,0,730
326398.693415,378556.725482,0,562
326345.585843,378485.521529,0,717
326484.441813,378539.964158,0,730
326412.552054,378465.45254,0,267
326458.41583,378481.41081,0,730
326323.519171,378630.49241,0,730
326385.47732,378601.761215,0,689
326501.872989,378534.799042,0,730
326467.598836,378494.435705,0,730
326397.799973,378493.791099,0,730
326377.939139,378443.969124,0,634
326394.864552,378457.8312,0,730
326400.071836,378401.215864,0,413
326469.175875,378618.442668,0,730
326346.226787,378295.397471,0,730
326331.383382,378406.774978,0,730
326308.219869,378434.470847,0,350
326374.870568,378546.8082,0,730
326441.804744,378575.412042,0,442
326442.409425,378428.945013,0,405
326403.114122,378593.174669,0,730
326364.001101,378322.932795,0,273
326491.267126,378597.788409,0,433
326359.107258,378449.395004,0,209
326422.101641,378451.193641,0,730
326395.895413,378414.444152,0,730
326427.668236,378659.8542,0,730
326400.543945,378468.236704,0,730
326380.800606,378421.598939,0,447
326342.101868,378667.56435,0,730
326385.665172,378499.593878,0,730
326332.979433,378495.83179,0,730
326323.66115,378423.128658,0,730
326457.170398,378489.547719,0,730
326472.286329,378491.092976,0,572
326321.35498,378353.159856,0,730
326402.745547,378432.217419,0,602
326410.776076,378322.263696,0,494
326344.794381,378466.77693,0,730
326379.759974,378640.161398,0,55
326401.744043,378385.8178,0,730
326383.948227,378340.677332,0,442
326450.189826,378615.174393,0,1
326502.990835,378567.543702,0,12
326397.60973,378623.909732,0,472
326427.048125,378631.176953,0,730
326407.214673,378333.282903,0,629
326335.549911,378382.580454,0,275
326411.35114,378522.320683,0,730
326336.119582,378396.050823,0,270
326412.604715,378569.068684,0,730
326486.507649,378485.373051,0,730
326367.025048,378654.34297,0,730
326466.856486,378506.821489,0,730
326456.780402,378648.22761,0,730
326443.723089,378446.786057,0,730
326372.53902,378418.340974,0,730
326375.090624,378645.255658,0,730
326489.525733,378547.740191,0,637
326452.598538,378438.249719,0,39
326299.661441,378368.617542,0,730
326420.788425,378573.280059,0,730
326480.125046,378543.879638,0,625
326334.131591,378639.54636,0,730
326339.794535,378382.079368,0,622
326522.15182,378565.304747,0,730
326422.997499,378598.461294,0,119
326355.262864,378504.769776,0,730
326449.923429,378618.802808,0,730
326397.076335,378315.586712,0,119
326495.688103,378608.950555,0,147
326325.02447,378332.081057,0,501
326402.537966,378652.302781,0,412
326385.707005,378616.914771,0,730
326387.558578,378594.722193,0,612
326479.40915,378540.667844,0,730
326442.396073,378525.255102,0,730
326445.822544,378513.515531,0,533
326456.206102,378476.618411,0,730
326455.703028,378592.029901,0,730
326380.279438,378273.614892,0,345
326333.70464,378346.749832,0,730
326538.113917,378571.411968,0,730
326418.999495,378582.817407,0,41
326414.430863,378506.697797,0,730
326385.050113,378466.887078,0,730
326403.036627,378301.334718,0,730
326351.730758,378413.284209,0,576
326316.094237,378416.982816,0,628
326397.483061,378630.956779,0,730
326306.066111,378337.555145,0,94
326337.348865,378319.769684,0,730
326519.916756,378515.538867,0,440
326467.549787,378482.803746,0,246
326344.38856,378439.347673,0,730
326336.670894,378435.745785,0,217
326438.054382,378642.067182,0,70
326384.001148,378256.211418,0,730
326300.294344,378414.802442,0,730
326369.050603,378550.308152,0,730
326402.49484,378611.968758,0,730
326371.429842,378643.965811,0,147
326476.406584,378458.889261,0,697
326321.789612,378632.561738,0,730
326358.64285,378391.63746,0,109
326477.697327,378586.353944,0,730
326539.542709,378523.171916,0,730
326404.625249,378612.564477,0,730
326361.642637,378351.860908,0,730
326343.849249,378309.31486,0,730
326416.964715,378651.786512,0,422
326313.966337,378452.931677,0,69
326348.459802,378459.456425,0,730
326356.415696,378653.1004,0,233
326469.6656,378502.905261,0,521
326375.262189,378556.467226,0,730
326438.577088,378466.190689,0,730
326472.766289,378480.728759,0,666
326334.900308,378312.474908,0,580
326435.571489,378427.259448,0,649
326334.192058,378402.306798,0,730
326421.845947,378645.543485,0,552
326465.954318,378485.184528,0,263
326449.433003,378618.544497,0,579
326357.660463,378381.349977,0,319
326416.127654,378356.795145,0,730
326408.428706,378462.210661,0,730
326467.266937,378577.620417,0,730
326413.915668,378595.037698,0,730
326506.725501,378511.586927,0,730
326433.172818,378561.955368,0,730
326333.914307,378467.312215,0,730
326466.850299,378546.613463,0,730
326323.996117,378457.203777,0,730
326310.143726,378412.121134,0,730
326382.119398,378322.00121,0,674
326430.097976,378437.195125,0,627
326512.611686,378514.932845,0,730
326486.871013,378567.291507,0,611
326327.862679,378395.193634,0,730
326465.435185,378503.120702,0,730
326554.327025,378552.810392,0,685
326334.172467,378456.650943,0,730
326355.99614,378456.228142,0,36
326371.550567,378555.996911,0,533
326399.740464,378359.538163,0,222
326491.355898,378542.629144,0,430
326443.750178,378567.475209,0,730
326533.74723,378533.287753,0,309
326421.407309,378405.504259,0,324
326369.128287,378426.014561,0,556
326468.012457,378618.229929,0,730
326392.328144,378463.633934,0,730
326366.880434,378546.937766,0,90
326394.660932,378316.58973,0,730
326452.722284,378432.32506,0,730
326468.161835,378520.004495,0,730
326373.665009,378628.267627,0,526
326368.305743,378583.286982,0,730
326407.464556,378393.788616,0,730
326386.565062,378427.955455,0,665
326535.898193,378559.044326,0,730
326386.985039,378565.357468,0,730
326409.66542,378410.435577,0,730
326466.237146,378523.58467,0,730
326427.862708,378423.017018,0,730
326497.170837,378616.907944,0,155
326384.162923,378477.897498,0,730
326444.437978,378575.404207,0,461
326334.569977,378337.972184,0,730
326456.023335,378529.826576,0,730
326367.662718,378332.921562,0,730
326385.772112,378448.742242,0,730
326299.677176,378360.745211,0,730
326466.186178,378513.310286,0,730
326438.819087,378500.745893,0,730
326383.964666,378498.559349,0,730
326426.757183,378534.439739,0,730
326348.248614,378377.310933,0,730
326402.288045,378606.72673,0,730
326295.603057,378392.681137,0,730
326456.304086,378508.964804,0,730
326499.120649,378523.220822,0,730
326395.166612,378541.597139,0,730
326333.004804,378361.525403,0,730
326378.65793,378614.412516,0,730
326401.011068,378437.499417,0,730
326416.593292,378565.050901,0,730
326513.922805,378525.377522,0,477
326321.57208,378350.055288,0,591
326529.585745,378521.502943,0,730
326442.317094,378404.01191,0,38
326459.622886,378531.526075,0,730
326352.839332,378491.648913,0,730
326362.036435,378323.538488,0,730
326387.346954,378338.319005,0,730
326380.528515,378487.82497,0,184
326394.431041,378522.974728,0,730
326327.801326,378386.994078,0,730
326378.403191,378290.71375,0,525
326471.885448,378590.944785,0,730
326428.840829,378491.492403,0,730
326446.945937,378612.470236,0,730
326405.908297,378503.670968,0,560
326371.477214,378354.308064,0,730
326461.365298,378582.635135,0,358
326345.234211,378488.346196,0,730
326410.919479,378324.55245,0,730
326381.752875,378541.825191,0,449
326373.373508,378654.593201,0,730
326467.246122,378529.570059,0,682
326447.8784,378552.225642,0,730
326325.653525,378362.749044,0,730
326373.047468,378264.76461,0,353
326348.838601,378658.992618,0,730
326371.378544,378328.705796,0,730
326388.785216,378651.725924,0,710
326299.181431,378419.909476,0,376
326405.078757,378453.488477,0,730
326333.694423,378632.374547,0,342
326494.751618,378486.359733,0,730
326366.770177,378420.550251,0,730
326441.280666,378641.08373,0,730
326462.282108,378445.667709,0,730
326421.076121,378530.014147,0,272
326323.92249,378386.954383,0,29
326383.392016,378270.753826,0,730
326490.960978,378514.996683,0,730
326384.551655,378327.545638,0,730
326340.227057,378443.656307,0,730
326421.834616,378546.379415,0,730
326374.788206,378456.874247,0,730
326393.609286,378504.307608,0,288
326347.175911,378316.416645,0,730
326459.362022,378510.269646,0,730
326370.604381,378259.070886,0,730
326412.289315,378643.637026,0,730
326376.358232,378310.810285,0,730
326472.064451,378492.365034,0,730
326371.214463,378312.137272,0,730
326424.059167,378480.088791,0,473
326372.980295,378493.939924,0,730
326329.716509,378442.77098,0,730
326370.787098,378358.090094,0,680
326373.393244,378418.704587,0,730
326354.428571,378438.024419,0,532
326367.875286,378447.719215,0,730
326418.318574,378502.884519,0,730
326319.182257,378401.255718,0,730
326323.728725,378378.146871,0,639
326506.707362,378541.013277,0,722
326467.553482,378447.478165,0,730
326401.791924,378425.960891,0,730
326538.075367,378559.132658,0,730
326313.496924,378323.4337,0,730
326400.188373,378308.084505,0,226
326429.108125,378582.304509,0,244
326328.902991,378410.439803,0,730
326315.178089,378402.207488,0,730
326408.673715,378514.397974,0,730
326480.473905,378466.521795,0,730
326335.527855,378356.844876,0,121
326383.472263,378283.800677,0,730
326444.819516,378520.020107,0,730
326330.51447,378462.085154,0,730
326489.24551,378617.712896,0,730
326316.919025,378434.581755,0,730
326435.556953,378420.689754,0,730
326328.210025,378315.322632,0,9
326453.044937,378457.584559,0,730
326309.929704,378453.79243,0,730
326379.596094,378486.340971,0,730
326483.454086,378480.742747,0,470
326355.677187,378416.89798,0,311
326401.888756,378492.860302,0,730
326354.155146,378663.875403,0,730
326355.412463,378318.473919,0,730
326296.906894,378405.118137,0,730
326392.513557,378462.61055,0,730
326415.65227,378427.81714,0,274
326330.971291,378446.768064,0,730
326386.780184,378414.867915,0,730
326364.13795,378357.567055,0,730
326327.982456,378374.456895,0,730
326433.46806,378495.009536,0,730
326392.210565,378514.89558,0,730
326401.211768,378446.249206,0,730
326461.819224,378538.18861,0,730
326514.879258,378529.875028,0,730
326477.438134,378599.055035,0,596
326311.310125,378356.336327,0,730
326418.421539,378646.654836,0,730
326511.177639,378536.019844,0,730
326478.599441,378509.760937,0,718
326392.401673,378556.836037,0,730
326464.449381,378530.660215,0,730
326380.855376,378646.798962,0,284
326408.99185,378400.711844,0,730
326406.347706,378446.342943,0,730
326436.548293,378466.38918,0,730
326358.741472,378662.96925,0,409
326450.441663,378607.488318,0,730
326298.558806,378396.551088,0,730
326319.690205,378345.164426,0,730
326353.15104,378456.872586,0,506
326359.061497,378348.056679,0,730
326335.382669,378672.204787,0,728
326439.263215,378472.831808,0,730
326425.326059,378592.872708,0,730
326403.657228,378353.373354,0,730
326320.331281,378401.790365,0,730
326416.508124,378558.050983,0,730
326391.68135,378440.320349,0,535
326335.684821,378671.532843,0,730
326361.359327,378648.864816,0,730
326348.097362,378455.997672,0,547
326518.059612,378542.504112,0,386
326539.062024,378571.938577,0,211
326541.342526,378548.415322,0,730
326449.191845,378439.209706,0,730
326323.759289,378337.812882,0,730
326467.314687,378534.319239,0,162
326465.8035,378572.031404,0,730
326391.917127,378384.944374,0,316
326435.5434,378521.215825,0,730
326389.388264,378570.935337,0,493
326367.67915,378406.95176,0,685
326372.969315,378302.275314,0,730
326321.628188,378343.109269,0,730
326434.166599,378493.048398,0,443
326479.558336,378526.304523,0,540
326422.761658,378440.904322,0,636
326353.296502,378648.395108,0,414
326366.126072,378306.382767,0,730
326305.289562,378346.456876,0,519
326431.099001,378376.013957,0,730
326327.626879,378358.563608,0,715
326294.148951,378416.04628,0,636
326410.598704,378621.05168,0,730
326474.97287,378525.087184,0,730
326436.919264,378611.456952,0,303
326388.036165,378428.260158,0,514
326426.401766,378493.673615,0,730
326479.567009,378465.934307,0,182
326351.523093,378668.59407,0,225
326367.599768,378322.496501,0,200
326340.345529,378386.08859,0,730
326409.781677,378402.957304,0,730
326393.588553,378377.377752,0,730
326336.421,378488.410645,0,40
326431.237274,378376.183105,0,476
326423.244251,378635.343183,0,270
326317.776302,378451.914117,0,730
326374.395786,378465.284182,0,730
326391.602087,378486.424752,0,730
326487.722728,378548.87636,0,419
326558.554296,378540.355072,0,730
326336.562292,378396.350869,0,730
326403.314921,378305.690477,0,730
326313.571687,378324.576991,0,390
326539.32169,378540.726425,0,730
326336.027157,378386.648042,0,730
326450.83314,378621.957319,0,730
326410.08537,378642.72466,0,730
326559.310049,378553.383374,0,730
326332.911639,378393.239282,0,568
326447.37199,378652.559934,0,730
326515.295539,378540.460778,0,730
326426.437846,378393.021948,0,708
326431.213919,378510.784136,0,730
326336.436925,378368.789011,0,730
326310.237835,378391.770505,0,730
326426.83505,378491.877803,0,730
326379.864361,378280.880541,0,730
326369.027843,378428.721765,0,730
326383.612723,378546.479111,0,730
326400.326961,378321.697986,0,730
326335.189265,378657.583699,0,712
326453.384799,378436.797304,0,730
326449.296322,378425.664915,0,218
326499.554845,378525.136401,0,673
326501.225718,378535.767926,0,730
326432.337944,378396.333864,0,730
326379.599289,378377.17456,0,730
326490.388599,378554.182487,0,730
326400.906588,378507.764433,0,730
326395.956946,378342.245754,0,730
326414.585158,378636.050324,0,730
326456.685001,378593.599931,0,730
326375.068435,378626.11446,0,730
326320.801465,378357.700189,0,730
326397.75162,378340.761362,0,730
326385.73972,378424.03009,0,730
326520.014735,378554.125894,0,730
326353.004899,378373.426675,0,730
326339.121551,378389.855822,0,730
326424.607792,378459.319518,0,127
326323.62505,378357.125161,0,364
326459.593116,378485.487699,0,542
326352.805164,378476.589541,0,730
326333.640505,378348.655474,0,730
326483.655546,378561.240535,0,730
326340.352499,378353.130384,0,594
326380.074575,378553.757853,0,171
326467.493167,378634.364832,0,439
326370.370922,378371.165343,0,630
326399.965327,378437.376942,0,471
326415.942079,378430.937547,0,730
326377.946836,378477.045104,0,730
326444.164791,378410.071269,0,730
326347.077883,378315.019425,0,730
326367.78836,378432.792347,0,241
326525.801889,378510.746034,0,730
326318.454221,378468.676525,0,186
326356.832043,378493.805646,0,2
326383.101613,378341.74568,0,730
326421.76799,378472.948887,0,106
326397.770676,378492.109552,0,730
326395.266868,378516.934485,0,515
326324.113864,378628.094659,0,730
326460.386552,378541.449855,0,528
326381.938322,378311.12256,0,185
326472.106217,378529.953361,0,720
326427.150433,378405.244077,0,730
326367.916049,378575.986424,0,730
326352.744031,378634.238606,0,223
326445.841356,378398.32909,0,730
326446.9754,378453.579076,0,730
326504.941893,378514.450861,0,730
326440.246259,378488.936496,0,730
326319.267067,378346.449506,0,730
326384.377133,378618.190164,0,575
326443.45796,378536.20064,0,122
326441.686601,378621.532376,0,730
326339.228746,378330.41188,0,730
326395.034547,378380.170956,0,730
326331.962464,378490.674354,0,613
326423.815926,378344.945999,0,401
326372.299562,378486.667198,0,402
326324.607954,378366.869588,0,618
326400.746515,378542.222579,0,730
326306.023063,378372.098444,0,207
326359.223061,378567.921062,0,68
326408.489296,378618.514492,0,689
326349.801157,378336.05009,0,730
326397.535398,378540.430498,0,730
326510.185257,378560.666666,0,616
326498.345643,378527.389091,0,730
326371.06053,378644.311203,0,397
326437.318841,378451.256194,0,622
326343.475353,378328.785004,0,730
326350.346705,378474.743601,0,730
326469.962884,378596.585631,0,730
326394.626244,378519.683265,0,730
326310.542321,378447.947149,0,730
326447.945315,378483.418278,0,730
326424.533175,378655.925598,0,730
326346.209101,378285.709281,0,601
326314.065664,378436.990918,0,730
326386.718344,378283.091061,0,730
326462.68315,378489.117539,0,730
326408.977686,378647.476247,0,730
326380.208975,378526.448327,0,706
326385.834504,378447.354823,0,388
326331.728533,378470.522438,0,693
326412.214281,378440.03388,0,585
326387.748458,378332.069541,0,730
326482.460384,378631.451778,0,730
326384.456604,378513.634978,0,287
326341.931614,378667.086862,0,730
326376.143751,378637.210769,0,730
326554.385068,378538.007306,0,607
326424.232067,378564.458725,0,633
326407.472048,378381.079569,0,576
326396.500793,378443.107265,0,730
326324.651424,378449.104035,0,730
326400.867101,378372.96503,0,259
326454.061581,378637.70758,0,730
326374.296072,378455.610917,0,730
326411.602115,378465.648817,0,730
326383.320366,378493.273668,0,441
326412.291389,378470.123519,0,141
326402.208455,378412.889428,0,650
326314.942713,378357.039911,0,730
326324.365888,378311.323429,0,730
326368.283062,378391.580709,0,730
326442.437115,378649.520876,0,354
326399.030198,378644.104594,0,730
326307.511513,378436.874474,0,730
326464.364708,378650.301042,0,659
326425.850307,378441.606554,0,511
326476.151731,378609.500423,0,730
326324.445215,378341.520035,0,323
326395.74535,378302.098246,0,730
326363.113769,378555.347776,0,323
326489.001444,378620.183148,0,730
326328.392643,378326.318176,0,466
326331.514736,378497.256767,0,231
326350.087613,378361.686643,0,730
326475.173936,378547.609096,0,317
326415.230502,378516.523172,0,118
326432.937652,378455.095927,0,520
326369.929582,378512.682553,0,730
326449.622413,378644.883924,0,369
326434.004371,378438.909882,0,730
326339.5428,378462.873068,0,730
326371.303045,378431.348474,0,211
326319.763979,378364.07568,0,730
326306.385457,378395.575987,0,730
326389.767456,378275.704822,0,730
326368.77806,378564.401091,0,730
326374.086457,378632.130876,0,730
326380.882969,378541.454874,0,730
326414.054832,378510.95277,0,730
326365.503999,378293.568501,0,730
326376.792631,378380.602523,0,730
326407.187338,378613.836113,0,730
326392.298777,378396.996999,0,730
326319.040177,378346.399047,0,513
326413.01997,378552.259208,0,730
326390.358937,378565.508524,0,730
326410.018146,378532.605878,0,276
326471.483005,378559.858031,0,730
326375.28133,378469.689262,0,730
326543.849434,378541.145986,0,445
326349.104606,378389.882694,0,730
326418.378471,378349.044727,0,730
326425.087207,378448.671179,0,730
326377.704965,378350.871641,0,730
326384.902887,378619.570107,0,730
326458.836951,378479.479229,0,544
326529.503406,378534.837561,0,409
326424.33518,378392.276068,0,730
326426.363122,378527.22793,0,17
326476.300064,378546.260062,0,249
326358.522403,378429.288679,0,730
326362.634287,378367.981065,0,280
326444.802457,378598.521313,0,457
326415.581179,378649.719978,0,192
326306.740685,378333.613277,0,114
326411.844679,378392.547518,0,614
326453.477147,378623.402635,0,610
326482.393059,378473.516229,0,730
326405.565552,378474.23618,0,730
326381.332215,378507.407894,0,730
326426.975817,378550.160813,0,730
326457.782778,378517.960452,0,730
326318.964915,378319.396986,0,647
326393.170968,378658.311555,0,567
326389.438292,378417.226611,0,110
326387.098616,378369.087492,0,531
326484.377515,378536.832222,0,730
326429.967027,378577.449431,0,327
326357.418314,378403.945088,0,730
326435.996351,378505.031053,0,730
326384.419937,378423.971424,0,495
326374.080579,378615.306839,0,277
326452.776562,378651.109418,0,137
326415.318921,378530.305842,0,730
326448.004295,378563.972521,0,730
326448.554681,378601.711877,0,730
326429.552329,378567.321562,0,436
326369.558379,378374.548248,0,95
326389.074353,378605.640601,0,701
326495.247937,378514.787709,0,730
326428.668886,378427.125194,0,730
326474.137651,378559.878493,0,730
326448.722664,378459.737852,0,569
326389.722552,378602.481668,0,104
326429.772135,378433.395681,0,431
326362.830347,378278.462068,0,24
326380.189809,378520.001617,0,730
326398.623801,378615.815644,0,730
326337.616043,378447.788687,0,711
326348.381908,378670.400071,0,530
326384.404869,378530.416806,0,730
326448.430032,378607.591367,0,730
326420.307624,378455.328892,0,590
326365.619108,378491.899219,0,730
326452.170045,378581.662749,0,599
326341.900668,378488.878171,0,53
326349.544621,378629.387043,0,174
326360.545015,378651.086832,0,730
326397.343717,378356.649948,0,721
326387.859349,378589.827661,0,730
326389.265735,378419.335846,0,730
326432.025703,378489.534072,0,730
326311.974134,378377.778473,0,730
326367.226365,378556.029994,0,729
326446.348589,378440.128329,0,730
326539.052464,378526.398284,0,233
326324.782731,378342.471785,0,327
326341.033719,378314.921717,0,502
326371.1717,378403.384259,0,730
326298.083323,378389.661566,0,730
326398.352684,378591.336374,0,730
326357.516383,378552.760086,0,153
326305.025185,378346.620429,0,730
326499.415792,378556.912046,0,273
326494.92553,378513.493791,0,730
326329.279569,378316.007731,0,621
326467.123185,378563.832279,0,444
326438.937577,378613.671707,0,730
326467.683554,378602.63263,0,406
326426.522638,378462.717926,0,623
326359.204239,378586.265024,0,504
326419.573758,378345.126173,0,544
326369.638924,378500.564079,0,672
326322.911749,378401.106644,0,85
326336.193053,378671.612431,0,537
326453.027587,378630.716361,0,152
326469.395435,378552.578992,0,730
326461.988966,378617.921125,0,730
326364.161598,378461.083763,0,367
326356.922926,378417.581023,0,558
326389.057626,378312.712238,0,659
326449.6765,378499.936092,0,22
326419.894244,378602.377573,0,730
326404.618875,378552.046985,0,730
326545.622394,378538.673871,0,730
326388.055514,378289.398924,0,170
326368.005506,378631.177809,0,663
326490.698535,378626.734464,0,185
326410.12693,378605.430985,0,730
326312.325511,378330.162507,0,730
326388.91434,378591.375697,0,730
326318.493112,378329.555835,0,730
326390.975381,378318.937352,0,730
326432.026206,378525.183639,0,730
326430.850882,378632.526444,0,411
326404.870924,378637.166238,0,479
326380.92613,378563.225063,0,608
326400.135023,378536.349135,0,668
326548.169358,378536.819235,0,73
326445.662596,378574.684004,0,730
326341.517851,378421.92232,0,730
326384.886244,378508.350553,0,605
326369.459959,378412.672078,0,730
326464.954134,378607.014465,0,730
326320.435085,378344.671018,0,536
326403.471819,378492.383628,0,730
326319.199619,378474.682497,0,730
326421.982832,378568.238457,0,724
326355.569209,378639.539575,0,730
326385.291663,378487.227695,0,459
326499.418808,378573.167399,0,504
326437.28135,378368.804452,0,505
326457.399652,378427.683335,0,93
326483.31221,378579.917449,0,730
326338.150344,378307.010102,0,730
326365.233661,378603.564313,0,730
326389.28157,378530.656997,0,730
326410.39357,378415.649649,0,730
326386.307801,378366.166987,0,467
326351.043201,378624.621386,0,446
326462.989388,378470.342881,0,730
326443.600375,378476.444786,0,730
326493.433471,378599.573784,0,686
326385.195132,378300.165083,0,730
326377.854266,378647.947804,0,730
326355.689439,378426.228643,0,571
326378.151975,378505.303189,0,102
326411.689695,378634.87667,0,730
326392.852504,378536.183976,0,730
326355.685611,378420.348669,0,730
326545.630655,378538.480209,0,730
326418.261557,378428.598425,0,730
326373.742747,378554.434287,0,730
326343.17964,378336.749296,0,593
326485.350572,378501.748459,0,730
326419.98759,378423.993637,0,160
326370.222835,378492.43551,0,730
326358.914654,378563.647138,0,615
326432.866987,378394.497102,0,398
326549.895572,378546.113153,0,730
326441.813644,378577.87633,0,187
326307.990448,378418.981866,0,356
326324.26494,378339.592514,0,730
326411.034976,378653.70503,0,730
326371.45237,378462.595249,0,730
326469.400415,378500.698082,0,730
326467.001471,378631.141123,0,714
326485.482493,378511.401258,0,359
326426.48474,378445.219972,0,730
326401.500381,378561.532662,0,374
326495.511618,378618.371754,0,730
326418.16044,378498.966483,0,730
326450.261173,378570.507451,0,730
326383.69232,378304.790961,0,730
326319.45776,378454.05,0,730
326373.344912,378591.376412,0,455
326416.574064,378591.939676,0,730
326369.712869,378308.840887,0,730
326390.693152,378636.272257,0,730
326407.531432,378407.662474,0,730
326375.25132,378468.67532,0,730
326338.902671,378303.437151,0,730
326350.067967,378306.965595,0,730
326396.113468,378409.101063,0,730
326356.125686,378452.247039,0,730
326538.186129,378543.395801,0,730
326477.651447,378566.104019,0,200
326378.830433,378545.624558,0,460
326485.445359,378524.757977,0,524
326419.498224,378457.225769,0,730
326326.985998,378392.937514,0,730
326368.57211,378393.322118,0,730
326351.30857,378450.985497,0,56
326408.309115,378533.748452,0,730
326453.872801,378652.016822,0,730
326376.624142,378479.532898,0,730
326397.322032,378362.686806,0,730
326474.876421,378574.989575,0,405
326380.331367,378660.49108,0,730
326421.90889,378490.08593,0,730
326450.862577,378542.108693,0,730
326325.524187,378350.743019,0,463
326380.748167,378488.418841,0,730
326408.949625,378555.642501,0,163
326331.971388,378428.402671,0,730
326410.53057,378357.037078,0,730
326455.262702,378652.497082,0,730
326477.669817,378640.805856,0,730
326355.811266,378491.742067,0,730
326424.54497,378433.961481,0,360
326416.951796,378518.730083,0,730
326429.79434,378509.819062,0,669
326327.806842,378479.204557,0,730
326405.782674,378577.010153,0,730
326461.865254,378643.845088,0,257
326299.19183,378379.771445,0,730
326452.601891,378451.426817,0,508
326354.639429,378645.589687,0,730
326327.49104,378450.839729,0,730
326409.296132,378433.868905,0,730
326387.413828,378504.148756,0,730
326419.080668,378605.884189,0,730
326385.713157,378475.745598,0,610
326497.000236,378495.623007,0,730
326368.060005,378618.170767,0,730
326393.475987,378455.874949,0,387
326409.594165,378590.621047,0,730
326406.690196,378316.525025,0,730
326398.399924,378479.263228,0,730
326382.396939,378628.929454,0,730
326428.02283,378587.463886,0,730
326336.970462,378426.126461,0,730
326466.429401,378607.11933,0,730
326418.841701,378537.901577,0,730
326369.373833,378277.502995,0,730
326398.575247,378581.788829,0,730
326376.39178,378451.191611,0,346
326388.804722,378529.949305,0,730
326492.28075,378541.036509,0,623
326373.689584,378487.054452,0,624
326393.421119,378439.19808,0,730
326336.820251,378661.580265,0,424
326347.219911,378364.063224,0,730
326345.29548,378340.19268,0,175
326420.291758,378371.289596,0,243
326363.287941,378295.416214,0,730
326352.005786,378352.935245,0,423
326493.419104,378601.323638,0,304
326468.400587,378635.167336,0,730
326471.047125,378513.944875,0,204
326510.935738,378503.223192,0,730
326371.226086,378324.141177,0,574
326397.518329,378529.231276,0,730
326319.449309,378395.651126,0,509
326407.128122,378620.207347,0,662
326341.639014,378467.305464,0,493
326435.205925,378584.297144,0,730
326362.077279,378380.655672,0,527
326360.070243,378568.704897,0,730
326371.239487,378590.696309,0,299
326381.958071,378615.983699,0,730
326537.967694,378534.86532,0,730
326433.938783,378475.184082,0,730
326448.363321,378426.002678,0,730
326465.452717,378531.249194,0,730
326289.00591,378391.942658,0,52
326434.394972,378589.563682,0,730
326503.436269,378571.221823,0,730
326422.915787,378561.323587,0,395
326522.67099,378535.066572,0,635
326396.56315,378629.244273,0,730
326422.718535,378622.845802,0,98
326336.512305,378475.080981,0,730
326359.388321,378622.520748,0,730
326485.660293,378552.822931,0,730
326362.184746,378650.655105,0,730
326494.689895,378540.936704,0,730
326488.395921,378602.470781,0,730
326438.895329,378613.86358,0,730
326519.321357,378521.164112,0,121
326333.68379,378662.058415,0,730
326465.377995,378498.155884,0,603
326489.709757,378568.769441,0,445
326363.699213,378558.312527,0,730
326496.085783,378523.384825,0,730
326403.395707,378382.255927,0,264
326389.011923,378390.06038,0,730
326375.636658,378266.382815,0,137
326409.404712,378458.7293,0,730
326303.713473,378436.217634,0,465
326487.173859,378620.325382,0,730
326399.821089,378338.880316,0,730
326377.05127,378479.237174,0,173
326298.525676,378370.722414,0,730
326350.037471,378453.949795,0,730
326311.293659,378404.558547,0,428
326463.709506,378512.471111,0,305
326357.408912,378634.32931,0,679
326360.936163,378336.085053,0,730
326382.512348,378343.13272,0,730
326384.552193,378297.528146,0,221
326449.462357,378458.192618,0,730
326420.987626,378618.787008,0,730
326546.790683,378550.409329,0,730
326436.238036,378551.520007,0,730
326377.822528,378278.755338,0,730
326360.918249,378360.330397,0,730
326384.564346,378354.900612,0,699
326378.953451,378501.681568,0,730
326443.348453,378522.97344,0,609
326451.718986,378611.834795,0,730
326417.09194,378448.963625,0,641
326367.430989,378278.559446,0,730
326327.354892,378405.108469,0,726
326344.115246,378307.142083,0,730
326360.173088,378470.459187,0,650
326358.508089,378570.690881,0,730
326444.493746,378526.850803,0,254
326488.151536,378556.368627,0,321
326495.849585,378513.617877,0,730
326360.00179,378571.017359,0,708
326383.508931,378455.821961,0,261
326437.717885,378594.418826,0,27
326407.068903,378373.203345,0,730
326343.21585,378433.535278,0,730
326366.985846,378516.803917,0,730
326423.549764,378356.360813,0,730
326388.155122,378394.722837,0,730
326379.589963,378544.165435,0,362
326430.97104,378395.689006,0,338
326423.958078,378392.829889,0,730
326351.420569,378373.560411,0,391
326355.485925,378503.316686,0,489
326375.229847,378417.20489,0,730
326520.009911,378546.613576,0,219
326323.584201,378404.849338,0,206
326502.353292,378540.470862,0,730
326484.811372,378550.168552,0,291
326363.812853,378370.323771,0,730
326377.256108,378474.974337,0,730
326436.844107,378381.763081,0,540
326349.20015,378489.022647,0,730
326420.391056,378378.142236,0,673
326322.738218,378476.07108,0,730
326389.988575,378460.436359,0,638
326418.937619,378387.631756,0,730
326383.085255,378618.676037,0,730
326489.599313,378568.196016,0,694
326324.966418,378627.412102,0,730
326397.870529,378380.087077,0,730
326402.153701,378658.056029,0,730
326455.44506,378529.361821,0,331
326402.149025,378644.4578,0,583
326398.912882,378519.370355,0,730
326380.803577,378423.122637,0,572
326370.122645,378594.304332,0,485
326423.18296,378570.350137,0,730
326293.261743,378408.123318,0,730
326319.740802,378428.278257,0,730
326372.909491,378650.33988,0,730
326358.307665,378402.485932,0,730
326383.370932,378376.890921,0,725
326390.440474,378410.864702,0,730
326319.780731,378476.866545,0,730
326358.952528,378433.948682,0,730
326382.907472,378414.238676,0,730
326439.026701,378423.320009,0,578
326385.985778,378426.370314,0,730
326363.231797,378504.820379,0,230
326396.493762,378417.044279,0,84
326342.171422,378326.926579,0,478
326430.114252,378552.699621,0,450
326382.223003,378450.235793,0,730
326433.640002,378385.45113,0,730
326400.538795,378308.635993,0,730
326455.098126,378534.7912,0,730
326369.506018,378388.107312,0,175
326384.357043,378358.294053,0,730
326377.210084,378502.904426,0,480
326385.273274,378349.66883,0,307
326487.66397,378550.36684,0,730
326459.069571,378505.264908,0,375
326425.655578,378400.926754,0,523
326333.478663,378443.402099,0,730
326397.533601,378604.355004,0,3
326454.738073,378615.186522,0,160
326482.085114,378577.892452,0,687
326335.349264,378640.471127,0,730
326422.779252,378555.163134,0,730
326449.256952,378402.674847,0,181
326375.86003,378484.209728,0,730
326445.601107,378595.977169,0,266
326414.619885,378507.532343,0,564
326483.670463,378572.376876,0,730
326342.275519,378429.875823,0,259
326490.635163,378527.763692,0,730
326377.456063,378438.253165,0,25
326358.927408,378464.197088,0,730
326497.742706,378556.049927,0,730
326376.676347,378361.26499,0,681
326395.050663,378281.622551,0,730
326467.550755,378480.14417,0,730
326323.072097,378369.602156,0,16
326462.609041,378498.790329,0,730
326324.911504,378449.894582,0,557
326463.423016,378642.639696,0,730
326445.757239,378632.488257,0,582
326330.503663,378631.25638,0,730
326351.134644,378493.21121,0,730
326313.128295,378334.405298,0,730
326395.690648,378447.359213,0,517
326373.195493,378358.53203,0,730
326501.711483,378534.704716,0,48
326391.113597,378462.811051,0,730
326341.497536,378431.285948,0,638
326440.461421,378413.251749,0,469
326375.163786,378525.57742,0,667
326414.63888,378634.068126,0,730
326400.938781,378632.30375,0,730
326392.038074,378303.505112,0,730
326410.095681,378623.818891,0,677
326444.850224,378418.252669,0,49
326321.723738,378401.995205,0,341
326308.128219,378362.757406,0,730
326342.193434,378351.129932,0,730
326436.001246,378512.349609,0,511
326484.421178,378548.543724,0,334
326432.362451,378421.638861,0,730
326331.840154,378633.284202,0,290
326371.43825,378473.272325,0,669
326496.966898,378526.578296,0,318
326391.731023,378387.96042,0,14
326378.470881,378577.309361,0,376
326404.004522,378314.197245,0,730
326352.046255,378427.547896,0,492
326481.071122,378561.385605,0,730
326397.545249,378359.173381,0,730
326431.860061,378620.758556,0,54
326409.233974,378380.022009,0,310
326408.778501,378633.293234,0,730
326433.781492,378384.346706,0,730
326335.459119,378497.67647,0,704
326344.496387,378315.198604,0,730
326425.758774,378557.72544,0,730
326397.798655,378463.689308,0,730
326344.46625,378486.272359,0,730
326334.760881,378439.900237,0,730
326389.514005,378575.669001,0,730
326362.987758,378438.376629,0,730
326417.803452,378643.936394,0,216
326370.226923,378355.747095,0,274
326417.737835,378426.42101,0,730
326341.034664,378293.798441,0,730
326417.850521,378547.818576,0,730
326509.599882,378569.35241,0,730
326405.587681,378495.632947,0,730
326553.86977,378546.072596,0,588
326394.360788,378339.882312,0,730
326291.925511,378398.180977,0,730
326447.429433,378605.871358,0,730
326390.734231,378273.708746,0,730
326405.724775,378364.970122,0,730
326299.94963,378407.685536,0,578
326422.66587,378623.529526,0,730
326496.662789,378511.794615,0,730
326545.924557,378565.67366,0,730
326428.74081,378603.813211,0,730
326430.636125,378519.882641,0,730
326471.689688,378596.539022,0,730
326391.536037,378612.374699,0,730
326323.323847,378383.060571,0,667
326477.595803,378570.201412,0,406
326343.197128,378376.985837,0,730
326382.012255,378459.721806,0,215
326350.81839,378309.124612,0,730
326491.766035,378497.02534,0,730
326385.24275,378517.546211,0,156
326482.451011,378540.63443,0,730
326365.284624,378348.368776,0,730
326558.755363,378554.005581,0,730
326418.708779,378513.961545,0,431
326471.271784,378517.775831,0,80
326450.750312,378450.956809,0,730
326384.029031,378412.571072,0,730
326411.673203,378546.435659,0,730
326352.54481,378506.233961,0,730
326422.558332,378382.84341,0,730
326354.240132,378354.790674,0,730
326395.782891,378305.51562,0,730
326296.708784,378374.127296,0,730
326326.598894,378349.643035,0,730
326415.019993,378521.950087,0,308
326326.983715,378333.054801,0,730
326374.438879,378427.386787,0,730
326420.293371,378460.029631,0,730
326332.903851,378644.889229,0,370
326490.573094,378627.825379,0,80
326291.152499,378394.649829,0,730
326465.641621,378644.420119,0,186
326327.671289,378418.967256,0,730
326378.636281,378274.735082,0,690
326392.385469,378293.13413,0,730
326355.009791,378362.393742,0,730
326398.115383,378604.516153,0,109
326500.426531,378572.66413,0,730
326447.335092,378494.823751,0,730
326367.709769,378315.65377,0,730
326382.464169,378397.489918,0,730
326412.885457,378403.018932,0,730
326337.161912,378396.353006,0,730
326425.337985,378508.117676,0,730
326398.360123,378327.835907,0,368
326532.190051,378536.913523,0,710
326379.975904,378254.695883,0,702
326353.658661,378559.933703,0,730
326540.124566,378546.076392,0,83
326522.087802,378550.262422,0,730
326424.418859,378428.247155,0,730
326483.916038,378603.929481,0,730
326481.734445,378558.687928,0,730
326353.792985,378389.032539,0,730
326388.003157,378477.868048,0,429
326457.690345,378490.483262,0,730
326382.279095,378656.850698,0,730
326350.460321,378632.963747,0,50
326499.928168,378526.39515,0,7
326349.714521,378440.486003,0,716
326402.326502,378397.859559,0,89
326421.170982,378609.109122,0,730
326307.98789,378354.273543,0,288
326315.58443,378441.684595,0,670
326419.08787,378556.287997,0,730
326403.682267,378612.696454,0,730
326327.282585,378445.337127,0,571
326398.631904,378480.320485,0,730
326391.986028,378498.168104,0,730
326490.750876,378562.583775,0,579
326555.761843,378541.61503,0,730
326393.359016,378627.353218,0,68
326438.603596,378498.487997,0,453
326388.4112,378633.887932,0,730
326484.211631,378524.632832,0,730
326547.549201,378547.139768,0,730
326423.63152,378496.60748,0,309
326359.344737,378403.471314,0,730
326557.118444,378551.244933,0,652
326311.283458,378361.880097,0,730
326330.662576,378328.629691,0,23
326328.986509,378422.734619,0,575
326407.354412,378566.21065,0,730
326358.707781,378640.088806,0,516
326321.994838,378371.449764,0,730
326340.502274,378298.444752,0,314
326331.498197,378479.021544,0,730
326370.247342,378376.396711,0,730
326418.061845,378426.656342,0,157
326481.88524,378542.89793,0,730
326382.4566,378443.849272,0,154
326500.542171,378543.732315,0,227
326361.299696,378466.953727,0,730
326413.309291,378585.052923,0,730
326434.943525,378371.545934,0,730
326387.815646,378486.547206,0,730
326413.599191,378529.937754,0,730
326424.009797,378594.222218,0,730
326529.043016,378530.502183,0,53
326458.805816,378598.46231,0,730
326452.231006,378592.240855,0,730
326389.838166,378461.551479,0,135
326494.15127,378609.320748,0,563
326354.139989,378335.770968,0,730
326333.47476,378396.615566,0,730
326491.101423,378485.29674,0,730
326355.666199,378454.398842,0,730
326297.969011,378361.797335,0,730
326415.481148,378420.98867,0,183
326403.254239,378383.169461,0,730
326375.757719,378483.902569,0,730
326417.170598,378484.786686,0,730
326332.475287,378637.982168,0,730
326517.715908,378558.020277,0,730
326392.158281,378334.832637,0,588
326356.0326,378409.902081,0,730
326426.425563,378479.717442,0,730
326437.205366,378498.036075,0,295
326484.754192,378613.705397,0,619
326419.494029,378548.156265,0,730
326375.684419,378276.92701,0,643
326368.553748,378517.55682,0,730
326522.262023,378536.18259,0,291
326504.986369,378533.654239,0,730
326336.235152,378437.067637,0,312
326378.133312,378380.994053,0,730
326382.797515,378559.32633,0,730
326450.038021,378522.174885,0,122
326411.156882,378384.330373,0,517
326331.556293,378387.712421,0,730
326355.201291,378294.666085,0,281
326392.986728,378377.131841,0,142
326366.034216,378346.4845,0,37
326507.836356,378538.018992,0,555
326349.42024,378464.782973,0,138
326372.108343,378273.775493,0,656
326355.306834,378280.566301,0,372
326437.59164,378555.900757,0,306
326390.325173,378343.826521,0,366
326392.58324,378310.561729,0,730
326392.995368,378623.104277,0,730
326396.953467,378600.039851,0,730
326318.655648,378471.298892,0,730
326380.531297,378293.685109,0,126
326333.714331,378641.564378,0,730
326386.80964,378630.216919,0,730
326549.144576,378549.155674,0,730
326430.05247,378567.14586,0,78
326373.237712,378488.896982,0,262
326389.727389,378345.744711,0,730
326372.009783,378634.579965,0,465
326362.473923,378541.04016,0,730
326396.575416,378636.771659,0,730
326430.208998,378453.265788,0,434
326499.151541,378568.986389,0,614
326408.14086,378394.676714,0,730
326442.691081,378429.792942,0,648
326340.042245,378307.883237,0,651
326458.280726,378597.700323,0,112
326432.739713,378473.508896,0,730
326422.770454,378653.722611,0,730
326531.033906,378534.330783,0,730
326531.013302,378553.870649,0,730
326346.277564,378463.505101,0,730
326482.110551,378624.897403,0,730
326317.543332,378414.822206,0,730
326335.312404,378670.293577,0,730
326435.273357,378534.948625,0,730
326355.024331,378493.637212,0,730
326339.158618,378368.603278,0,730
326526.305414,378516.558908,0,302
326472.065256,378466.025418,0,730
326305.143183,378430.091174,0,730
326523.375641,378541.883658,0,730
326491.832153,378568.994554,0,722
326389.793109,378546.077139,0,730
326417.108751,378646.273766,0,594
326515.216928,378565.705947,0,730
326351.148812,378634.798093,0,730
326492.113456,378501.444839,0,730
326393.252175,378637.751763,0,684
326489.274959,378612.650635,0,279
326471.901337,378518.349423,0,730
326506.937172,378545.69341,0,730
326400.734367,378340.567565,0,730
326534.989297,378562.377105,0,730
326402.203355,378327.0344,0,730
326450.671622,378646.058099,0,730
326456.627814,378547.521931,0,730
326340.633608,378658.085683,0,730
326456.003437,378423.57753,0,128
326374.600917,378538.542809,0,479
326461.030685,378436.015872,0,484
326370.673736,378422.578157,0,315
326357.225369,378552.509426,0,538
326374.094856,378619.596318,0,330
326361.666672,378376.195751,0,459
326352.506399,378287.332985,0,653
326395.806517,378381.693099,0,730
326357.795007,378557.140003,0,439
326469.125989,378641.999769,0,728
326437.657672,378633.563365,0,730
326370.564851,378455.233078,0,47
326350.575895,378640.098326,0,730
326467.272587,378599.184527,0,730
326355.121269,378486.988843,0,730
326419.491223,378345.510581,0,730
326360.400456,378645.740191,0,730
326330.068934,378319.150783,0,428
326521.590571,378532.910092,0,730
326362.518482,378345.706264,0,730
326353.691449,378667.376999,0,709
326396.853275,378468.9552,0,730
326427.773162,378594.869189,0,730
326447.537899,378501.884529,0,361
326390.810899,378588.094315,0,730
326397.442334,378330.240134,0,61
326430.751086,378376.538279,0,730
326423.409414,378587.652665,0,730
326452.251402,378626.429582,0,730
326429.553951,378386.379619,0,730
326401.076226,378372.362278,0,730
326350.794435,378651.073722,0,730
326359.138263,378365.213753,0,730
326525.475441,378554.306797,0,144
326394.302078,378510.420267,0,730
326377.362731,378622.335621,0,730
326371.062178,378370.634668,0,688
326467.21769,378554.237331,0,730
326534.018434,378563.779141,0,730
326356.724044,378374.070923,0,240
326419.030368,378386.237237,0,129
326421.03942,378560.19083,0,730
326429.669318,378449.405401,0,730
326450.006228,378566.217041,0,730
326352.551397,378367.422276,0,730
326415.117843,378506.868552,0,730
326294.759974,378400.355638,0,730
326383.867821,378300.661839,0,730
326304.508117,378335.327409,0,585
326417.409621,378557.738014,0,730
326372.71083,378646.17705,0,730
326348.590943,378360.342936,0,730
326477.471575,378593.813777,0,730
326422.773152,378510.849176,0,730
326403.36924,378351.027623,0,695
326351.256869,378414.831374,0,730
326411.217184,378547.152994,0,730
326430.998563,378523.731011,0,244
326450.561548,378498.784009,0,165
326370.58172,378652.59967,0,730
326355.438103,378460.965541,0,663
326342.37402,378343.667431,0,730
326476.803262,378624.659395,0,60
326349.719781,378631.565113,0,730
326405.466139,378351.898567,0,488
326391.525458,378486.548142,0,730
326452.354993,378462.991058,0,730
326328.29733,378357.403404,0,549
326382.522443,378518.505865,0,108
326379.761483,378600.711054,0,730
326385.322815,378316.409291,0,730
326323.376265,378364.062891,0,674
326382.106753,378526.570718,0,730
326401.961969,378399.430952,0,730
326465.812659,378443.662478,0,729
326448.505222,378474.520576,0,146
326428.176297,378396.126618,0,646
326325.368797,378407.993636,0,730
326445.560847,378627.422463,0,171
326400.777761,378576.521494,0,377
326479.616212,378516.993553,0,318
326415.060064,378339.304908,0,730
326385.472141,378427.555071,0,730
326507.560039,378571.351026,0,730
326384.98633,378463.325111,0,730
326365.595707,378433.768429,0,730
326536.262321,378572.048323,0,705
326352.725989,378408.969976,0,730
326460.671255,378609.619561,0,387
326322.396398,378473.772752,0,661
326429.259687,378418.057629,0,730
326426.091545,378557.652102,0,678
326327.257292,378365.857359,0,446
326391.84867,378628.130851,0,730
326305.961433,378368.962518,0,730
326329.246387,378446.481151,0,582
326469.62175,378563.231161,0,730
326376.092428,378322.79827,0,730
326382.770018,378630.479459,0,469
326371.376493,378531.668681,0,730
326402.817134,378552.08457,0,553
326339.695353,378438.91467,0,730
326481.95675,378578.691894,0,730
326346.456218,378670.269866,0,730
326327.689659,378474.895969,0,154
326392.206903,378352.548249,0,730
326419.61452,378554.992122,0,621
326336.505407,378321.893074,0,139
326325.602674,378485.08351,0,730
326413.507395,378652.699746,0,730
326518.048881,378545.919927,0,730
326484.42231,378513.926203,0,730
326419.896332,378618.994234,0,730
326434.108976,378475.176988,0,707
326439.796195,378408.151068,0,730
326460.118498,378474.322934,0,730
326453.634237,378445.717979,0,730
326478.052609,378500.852401,0,730
326416.372894,378332.226804,0,476
326415.100234,378614.669337,0,730
326401.192113,378480.834089,0,693
326453.138307,378598.741575,0,176
326366.349983,378319.732639,0,730
326445.234295,378586.906524,0,730
326371.438299,378588.687821,0,730
326371.02009,378567.403172,0,696
326378.442214,378507.932437,0,414
326399.130789,378448.50134,0,730
326394.926806,378359.916021,0,730
326471.609626,378516.575661,0,730
326476.227946,378560.090039,0,730
326427.866122,378477.085299,0,730
326411.689017,378511.455715,0,206
326324.052809,378473.790353,0,730
326466.100355,378499.901379,0,730
326352.22605,378474.766994,0,730
326469.769571,378527.767205,0,10
326379.074522,378393.224803,0,86
326327.339857,378326.159294,0,730
326307.780164,378424.416714,0,730
326519.587617,378564.926228,0,235
326452.817885,378615.310391,0,730
326362.601413,378556.637942,0,730
326340.997481,378320.542448,0,724
326369.789396,378573.882179,0,730
326362.074727,378321.713823,0,620
326379.606376,378492.905623,0,730
326376.475542,378575.134575,0,381
326487.770585,378620.776477,0,604
326407.744396,378604.620031,0,730
326509.397065,378552.752629,0,730
326503.680516,378498.83407,0,234
326397.456925,378585.63067,0,668
326327.686533,378389.4574,0,573
326350.391818,378505.463295,0,657
326408.583209,378590.179675,0,730
326326.685909,378636.893063,0,730
326404.086537,378360.017754,0,730
326352.567714,378462.776039,0,730
326455.276971,378525.867412,0,730
326369.143836,378598.455891,0,496
326314.63545,378391.62301,0,730
326496.069214,378544.659162,0,730
326399.104558,378320.421271,0,730
326459.406976,378474.060168,0,730
326364.702239,378485.604099,0,704
326372.407875,378661.558102,0,730
326512.740417,378501.936477,0,477
326422.395871,378455.028873,0,730
326382.390785,378642.845501,0,730
326419.215131,378427.314137,0,730
326385.720187,378263.172179,0,44
326376.001628,378512.480868,0,730
326476.913298,378460.612756,0,730
326464.553711,378544.233386,0,730
326413.727916,378530.910732,0,730
326373.79217,378518.201554,0,730
326354.475777,378414.068258,0,730
326501.747519,378560.704137,0,730
326404.375079,378476.968618,0,730
326368.543568,378317.55134,0,730
326311.653717,378449.056193,0,602
326428.234975,378600.568,0,730
326362.834375,378391.940907,0,535
326362.450259,378297.994632,0,730
326352.661346,378405.789614,0,618
326468.147219,378522.604082,0,600
326415.615572,378609.22786,0,730
326466.162969,378564.901181,0,730
326339.685746,378428.889518,0,730
326399.168064,378623.882721,0,730
326434.308361,378374.229475,0,234
326343.698821,378408.299104,0,730
326461.44723,378632.931944,0,258
326357.499124,378637.064374,0,230
326385.451615,378544.674414,0,730
326316.970119,378422.335878,0,730
326371.987941,378378.787025,0,730
326389.901232,378409.589092,0,730
326405.484693,378534.410391,0,377
326371.963198,378556.638593,0,730
326335.577204,378313.868087,0,470
326430.926989,378375.250252,0,730
326533.718976,378561.955952,0,730
326367.104426,378526.119179,0,567
326479.317151,378519.159001,0,730
326519.894912,378516.247942,0,146
326383.271824,378596.38732,0,263
326376.530205,378634.29968,0,730
326489.899,378561.854966,0,45
326412.273124,378484.24296,0,730
326341.859573,378666.841878,0,157
326444.849049,378442.446601,0,730
326342.035554,378453.380402,0,730
326395.259315,378566.585693,0,730
326464.767876,378558.337624,0,730
326438.635119,378468.29449,0,730
326463.623507,378643.32813,0,730
326377.512512,378419.21977,0,730
326386.163928,378477.296908,0,84
326388.853029,378325.660255,0,30
326336.680177,378347.033025,0,730
326362.83781,378572.053987,0,228
326344.30089,378461.227103,0,340
326463.989288,378543.782811,0,730
326484.856823,378595.686314,0,427
326434.27497,378466.243736,0,379
326386.502335,378601.227779,0,635
326365.938123,378375.203152,0,172
326358.486239,378473.233342,0,730
326460.041011,378560.097114,0,730
326485.31584,378541.586985,0,730
326326.299087,378465.66857,0,730
326471.187769,378499.823509,0,730
326534.539699,378537.277822,0,730
326414.181967,378431.745207,0,337
326355.168852,378357.67105,0,730
326509.364072,378540.665915,0,730
326335.575916,378445.818286,0,730
326448.694926,378403.425906,0,730
326415.714336,378373.179516,0,730
326396.395045,378389.094359,0,730
326431.825707,378586.306245,0,529
326434.660878,378615.00465,0,730
326336.757001,378308.337126,0,338
326530.112322,378529.366245,0,730
326318.11995,378408.061925,0,730
326466.040823,378506.498131,0,152
326401.661972,378497.38349,0,730
326415.041456,378467.657049,0,715
326475.457542,378599.970374,0,707
326370.882382,378487.884058,0,27
326383.5631,378396.460824,0,497
326312.723893,378429.47129,0,730
326397.564802,378463.571924,0,730
326324.090251,378484.172392,0,730
326341.01095,378630.054151,0,730
326427.308064,378515.51567,0,730
326404.846636,378413.443325,0,730
326356.41519,378619.171866,0,730
326361.172301,378289.574224,0,730
326439.335438,378649.580753,0,348
326425.663365,378348.357839,0,586
326480.006462,378600.881612,0,730
326400.81611,378642.091008,0,644
326395.262889,378533.328799,0,730
326426.581361,378386.175242,0,730
326448.639249,378472.237902,0,132
326458.784335,378535.729792,0,730
326351.264698,378408.950621,0,196
326404.562145,378456.955026,0,730
326420.818815,378597.005376,0,730
326385.783075,378403.932104,0,730
326337.559722,378645.221724,0,730
326353.496832,378566.58367,0,730
326397.762649,378607.37386,0,730
326459.642726,378579.932797,0,730
326331.611625,378324.332299,0,730
326400.838358,378456.588289,0,730
326446.351732,378392.327534,0,76
326363.953199,378366.209033,0,528
326405.564766,378431.367036,0,178
326469.872776,378471.700538,0,726
326311.548064,378352.893505,0,730
326481.326432,378622.099922,0,179
326369.246178,378657.349913,0,547
326450.960948,378499.775381,0,730
326391.472996,378437.997323,0,730
326401.006654,378433.545556,0,14
326369.628985,378466.772069,0,683
326369.242621,378285.829364,0,286
326414.327949,378614.238162,0,649
326385.536769,378437.573276,0,488
326385.40737,378635.577619,0,730
326371.071053,378480.61038,0,199
326377.927896,378515.032445,0,565
326395.353663,378295.769417,0,730
326543.820648,378531.730892,0,403
326439.082199,378633.400012,0,717
326356.863117,378341.680204,0,730
326389.773999,378381.061134,0,730
326410.212608,378412.939658,0,730
326403.403675,378443.912453,0,730
326341.514355,378653.195213,0,690
326444.60571,378436.034364,0,730
326333.81835,378431.227194,0,642
326390.540122,378520.489191,0,730
326398.270172,378380.264944,0,730
326348.944331,378412.025504,0,730
326403.428763,378622.13238,0,730
326420.454497,378544.654395,0,730
326359.624749,378359.117141,0,730
326423.187196,378586.884618,0,506
326516.65771,378551.880979,0,730
326391.452958,378627.836399,0,169
326496.736572,378501.725791,0,730
326389.23351,378291.294513,0,378
326363.915629,378494.539877,0,730
326403.067559,378618.003726,0,730
326311.153237,378451.980945,0,730
326313.44239,378392.687124,0,421
326470.476116,378534.678325,0,641
326453.45398,378515.038943,0,730
326370.873015,378349.553195,0,458
326417.457937,378336.785433,0,730
326343.898843,378666.408303,0,343
326385.719593,378274.574045,0,730
326404.792822,378357.563843,0,577
326347.518254,378295.133156,0,75
326342.834104,378320.216768,0,131
326424.942121,378421.098426,0,730
326506.864562,378517.684939,0,730
326414.823835,378486.33705,0,730
326440.915477,378598.098782,0,352
326374.042098,378353.850127,0,730
326443.583567,378550.792249,0,730
326404.55142,378600.217043,0,671
326465.253113,378484.119188,0,730
326396.213122,378378.19269,0,730
326504.8246,378530.031331,0,730
326526.234039,378553.123256,0,222
326394.099583,378605.522436,0,730
326381.346614,378290.266569,0,730
326384.040879,378601.608071,0,730
326378.94938,378329.766075,0,730
326305.097943,378396.732029,0,730
326292.125605,378381.154623,0,654
326321.746399,378333.417315,0,644
326526.94074,378518.74856,0,672
326317.286278,378353.966921,0,730
326318.791769,378393.335675,0,730
326388.282001,378296.889669,0,345
326338.895924,378498.671903,0,730
326346.236433,378324.599748,0,199
326327.658774,378449.417323,0,130
326437.062479,378615.566453,0,730
326419.743438,378554.035249,0,382
326376.095636,378580.189434,0,730
326429.319759,378470.981474,0,730
326334.379281,378415.574098,0,253
326367.47562,378300.509624,0,730
326441.745913,378425.617678,0,730
326299.626473,378416.554,0,730
326467.715983,378576.577535,0,730
326340.556253,378334.435706,0,545
326452.737582,378450.859008,0,19
326417.256758,378393.36407,0,286
326471.06766,378644.808873,0,730
326400.237117,378460.331342,0,730
326432.029703,378430.200173,0,1
326433.588969,378581.018801,0,730
326384.57571,378320.437446,0,730
326318.081284,378462.458598,0,500
326409.356205,378351.836983,0,289
326480.484687,378608.121315,0,730
326474.285054,378507.919198,0,730
326493.439803,378582.520582,0,430
326441.847881,378481.388805,0,730
326445.234197,378514.199342,0,730
326365.67751,378540.374699,0,730
326349.629787,378412.924253,0,730
326325.18473,378408.644952,0,730
326320.74954,378346.957978,0,730
326350.654368,378305.130863,0,420
326359.903451,378449.545967,0,730
326522.61838,378540.416135,0,336
326397.989633,378547.143253,0,642
326395.068402,378531.4429,0,189
326452.116818,378483.41353,0,730
326494.366085,378497.615687,0,606
326413.792989,378479.44498,0,730
326419.967631,378432.986837,0,396
326399.352296,378439.295984,0,730
326439.280368,378423.908282,0,730
326412.812234,378326.656261,0,253
326376.374315,378638.318082,0,730
326409.195414,378652.434897,0,212
326443.947516,378587.640478,0,612
326354.142856,378563.037746,0,730
326420.845523,378637.789713,0,617
326310.883338,378339.314986,0,730
326447.048184,378399.227976,0,730
326455.215907,378433.171642,0,730
326410.941933,378385.678634,0,730
326400.666081,378307.069949,0,730
326400.631643,378593.588903,0,490
326443.5118,378452.575553,0,550
326408.881833,378384.131303,0,730
326349.536132,378344.153905,0,730
326316.057599,378354.781508,0,118
326403.532006,378601.837667,0,730
326318.010962,378439.838135,0,730
326470.968507,378485.893458,0,730
326470.22392,378606.113939,0,202
326408.100306,378324.811239,0,692
326355.853091,378291.718378,0,730
326363.141583,378582.697773,0,317
326459.945171,378562.871666,0,730
326488.923775,378560.757476,0,730
326382.770235,378378.045687,0,276
326410.751565,378429.517063,0,730
326315.464391,378395.557105,0,730
326501.31637,378539.125904,0,552
326445.649006,378556.203815,0,730
326472.613861,378518.310438,0,730
326479.502551,378612.921029,0,581
326431.586222,378432.686436,0,730
326365.157695,378300.32988,0,617
326487.00082,378572.068578,0,46
326326.460873,378643.49812,0,501
326405.245716,378476.2756,0,730
326425.890167,378382.825188,0,730
326378.546948,378266.969805,0,499
326442.958054,378428.929255,0,8
326365.856981,378559.591398,0,349
326362.085892,378433.644038,0,730
326461.247562,378462.388014,0,730
326466.135615,378512.390212,0,356
326326.428937,378394.368695,0,730
326433.956265,378528.722885,0,242
326398.29942,378582.475566,0,730
326430.005203,378471.770229,0,730
326412.451951,378652.57351,0,639
326536.413385,378524.164815,0,730
326405.471975,378555.901742,0,730
326358.638947,378484.515896,0,432
326418.506495,378418.231912,0,700
326424.679853,378504.297228,0,133
326307.219739,378361.837472,0,730
326456.38946,378570.66522,0,730
326456.115346,378616.484556,0,730
326411.875817,378397.886079,0,408
326473.537274,378635.532908,0,730
326440.703967,378650.624417,0,507
326406.291922,378392.218491,0,730
326366.40858,378583.307585,0,730
326405.910869,378411.11581,0,237
326528.515656,378530.245398,0,287
326468.138107,378570.60867,0,730
326409.720522,378438.752098,0,461
326386.570751,378468.920631,0,730
326428.331655,378439.54747,0,730
326525.836856,378546.69168,0,603
326437.189002,378638.59515,0,730
326419.712432,378381.01903,0,236
326366.919835,378326.693515,0,730
326545.521403,378565.291395,0,730
326391.126125,378392.95807,0,730
326548.264565,378550.247059,0,730
326510.732384,378498.212351,0,730
326388.32309,378403.480269,0,165
326457.169945,378567.663542,0,730
326367.126684,378380.185411,0,730
326356.446018,378398.246736,0,730
326418.924465,378431.314704,0,637
326483.288015,378469.07249,0,457
326396.178333,378625.179855,0,730
326336.787166,378352.560253,0,730
326395.05999,378549.809155,0,730
326383.786922,378330.170925,0,730
326444.677077,378567.090463,0,260
326441.010673,378419.615514,0,613
326378.281297,378463.100473,0,730
326421.878754,378577.134047,0,49
326505.826451,378499.238795,0,730
326445.655509,378448.65751,0,248
326425.53164,378641.902717,0,730
326311.944799,378358.480142,0,23
326345.349341,378370.152837,0,679
326442.6469,378404.898429,0,730
326334.875894,378461.963197,0,655
326542.631683,378550.819828,0,730
326439.029366,378618.146215,0,730
326413.795063,378450.797448,0,132
326403.927703,378575.022608,0,296
326337.630479,378412.823445,0,730
326493.536951,378578.06828,0,730
326381.005589,378370.619312,0,730
326398.777507,378554.556531,0,730
326518.088636,378516.057491,0,634
326463.773819,378614.050296,0,730
326364.311983,378577.75004,0,730
326411.510041,378538.381032,0,545
326319.142794,378465.725575,0,730
326485.797749,378503.134335,0,462
326319.697219,378329.85315,0,730
326315.536056,378334.583314,0,351
326382.522919,378504.446375,0,730
326484.743667,378575.776089,0,402
326392.733555,378607.857193,0,730
326482.963273,378539.573195,0,730
326468.028673,378450.69118,0,730
326412.527008,378458.494926,0,730
326373.068378,378347.569225,0,550
326332.599121,378326.407586,0,730
326541.543241,378567.747147,0,730
326496.336456,378524.445419,0,574
326337.600073,378658.886705,0,730
326296.921707,378364.188249,0,525
326436.157511,378634.246154,0,541
326373.597817,378287.570184,0,730
326395.464577,378347.06754,0,298
326316.100706,378467.252022,0,100
326320.990921,378389.079138,0,730
326419.205491,378442.967492,0,730
326420.033989,378430.869385,0,682
326459.170008,378534.746114,0,57
326367.791127,378526.454132,0,194
326367.40274,378277.989888,0,730
326329.205282,378421.196242,0,730
326367.509735,378576.813468,0,730
326463.956451,378477.817277,0,730
326358.093725,378477.480505,0,344
326461.94267,378595.278689,0,730
326478.193395,378556.188934,0,180
326396.075859,378313.805299,0,730
326359.293,378415.018829,0,730
326421.679305,378539.383316,0,730
326416.964366,378550.585529,0,303
