328335.145008,381731.403734,0,632
328779.708093,381799.391353,0,379
328543.630062,381736.450611,0,391
328571.006611,381720.207259,0,730
328225.738577,381812.283739,0,730
328111.085084,381783.325401,0,178
328723.875984,381768.804677,0,188
328609.681779,381761.37912,0,96
328167.469542,381823.845423,0,441
328648.569288,381703.222988,0,375
328437.850258,381865.675625,0,730
328600.692326,381785.798675,0,730
328338.685081,381694.410029,0,730
328755.504555,381870.506391,0,73
328287.44504,381774.05655,0,730
328125.511191,381710.903854,0,730
328548.821515,381734.313783,0,730
328393.276854,381682.551217,0,730
328379.302272,381771.556219,0,730
328301.504268,381785.251261,0,730
328619.589561,381795.09498,0,674
328170.462235,381853.049862,0,730
328199.754044,381744.688853,0,231
328194.798969,381713.806677,0,730
328258.018335,381747.840465,0,730
328503.870607,381826.823256,0,730
328380.137122,381809.785782,0,489
328801.909323,381750.977082,0,31
328403.559141,381710.046567,0,730
328409.822814,381758.199865,0,730
328074.897543,381908.821458,0,288
328349.497951,381738.323662,0,494
328690.681302,381824.239227,0,730
328610.51,381681.467141,0,730
328744.383861,381725.418444,0,730
328358.026996,381947.733579,0,730
328658.767979,381692.445555,0,730
328098.688677,381844.859618,0,730
328426.967656,381710.793819,0,730
328767.674689,381807.631937,0,377
328186.555728,381828.224092,0,541
328329.987928,381878.499902,0,61
328385.737245,381718.492458,0,730
328519.000046,381804.26272,0,191
328230.705284,381780.414924,0,730
328346.780186,381919.288551,0,358
328596.811858,381682.018474,0,192
328402.65379,381797.884726,0,730
328437.421882,381855.435611,0,730
328390.507284,381694.602058,0,302
328694.841838,381752.704894,0,730
328773.303019,381757.588319,0,540
328160.970152,381826.248084,0,558
328221.280537,381848.776003,0,515
328245.892877,381790.741594,0,730
328168.038605,381826.528995,0,570
328169.491445,381852.413557,0,730
328083.627673,381730.502882,0,730
328222.493497,381724.094857,0,550
328383.021524,381818.735425,0,683
328651.138272,381815.977263,0,730
328239.657134,381665.628582,0,730
328205.390566,381661.178045,0,730
328138.145437,381702.155073,0,422
328409.582309,381796.156273,0,185
328336.722544,381694.75162,0,245
328451.528916,381896.235672,0,13
328733.116911,381789.885627,0,459
328406.762686,381817.574529,0,730
328548.826396,381720.639766,0,457
328438.022523,381741.206953,0,365
328141.212371,381762.609612,0,250
328436.834933,381726.464239,0,730
328704.298938,381816.73825,0,226
328770.557489,381808.238464,0,158
328705.937819,381837.826506,0,730
328651.2401,381821.879735,0,730
328099.347313,381810.879767,0,526
328231.563525,381778.196699,0,650
328486.620565,381724.913882,0,556
328178.989007,381764.901753,0,730
328147.056124,381868.501573,0,730
328368.676654,381934.400514,0,730
328680.432609,381787.748945,0,724
328084.678266,381763.542041,0,490
328176.648567,381876.56457,0,383
328618.333518,381734.796298,0,145
328087.549474,381752.456329,0,730
328772.418454,381781.025514,0,621
328818.712771,381758.315201,0,730
328141.205247,381875.961892,0,730
328401.37238,381751.993727,0,730
328358.901081,381727.095239,0,730
328431.924371,381861.523788,0,336
328435.30709,381840.807989,0,730
328420.135858,381805.895699,0,730
328137.756519,381688.033872,0,28
328614.339023,381777.085473,0,730
328659.018907,381799.812711,0,730
328805.658334,381771.548092,0,561
328627.421331,381788.450614,0,730
328102.070096,381698.48291,0,730
328104.910198,381746.824948,0,730
328381.956498,381862.613531,0,560
328585.519371,381819.953311,0,647
328207.086512,381784.508084,0,394
328467.872804,381747.79086,0,706
328493.185135,381695.929777,0,730
328177.481063,381712.186262,0,730
328361.551206,381944.377643,0,46
328593.803713,381827.619521,0,730
328315.82066,381910.684076,0,297
328666.879924,381684.699519,0,64
328602.997724,381772.334983,0,275
328326.820327,381762.953676,0,730
328398.001166,381706.303255,0,730
328590.853874,381760.93163,0,99
328131.213962,381704.102392,0,277
328717.85182,381857.814467,0,519
328201.319265,381869.068948,0,730
328273.246605,381707.595349,0,730
328467.508192,381826.804768,0,572
328650.348766,381836.686626,0,213
328159.915201,381767.348772,0,535
328568.81893,381709.10621,0,484
328379.14851,381680.659013,0,730
328679.268829,381731.45693,0,354
328597.941497,381751.689465,0,708
328745.089003,381804.558361,0,730
328067.526941,381775.228887,0,730
328730.101018,381713.456083,0,730
328308.315537,381834.067918,0,730
328636.624488,381753.032004,0,536
328785.260639,381801.600706,0,730
328706.153338,381780.966919,0,730
328122.953296,381721.143916,0,637
328316.028668,381929.543231,0,401
328525.798234,381809.931616,0,730
328555.893916,381724.262593,0,730
328440.701825,381674.322301,0,586
328309.837708,381683.025282,0,328
328081.688187,381849.531621,0,730
328312.060572,381696.640188,0,730
328106.609159,381891.023856,0,730
328257.627768,381769.009552,0,730
328261.419461,381886.310461,0,730
328186.339877,381692.940615,0,460
328104.231864,381888.537703,0,730
328474.343246,381688.900518,0,730
328425.553176,381827.140705,0,730
328437.165146,381832.992104,0,667
328713.04005,381766.407376,0,291
328233.618723,381752.64027,0,730
328456.90756,381723.517182,0,730
328099.633428,381784.314265,0,730
328077.701262,381710.755192,0,730
328154.559241,381765.955888,0,730
328135.735659,381636.333336,0,448
328430.831052,381715.541627,0,721
328719.578027,381836.138455,0,66
328086.764003,381895.413555,0,321
328147.278579,381721.86943,0,730
328140.642271,381660.47233,0,730
328455.500111,381803.407437,0,456
328297.911247,381670.884533,0,730
328107.214956,381841.926326,0,730
328260.509603,381742.835235,0,68
328730.508225,381810.954018,0,717
328676.650187,381797.036812,0,730
328653.406221,381851.169167,0,730
328164.635022,381824.030108,0,730
328346.280551,381807.796399,0,730
328385.374161,381801.529921,0,611
328494.17235,381731.667486,0,730
328790.223624,381780.951824,0,730
328624.598782,381759.323191,0,730
328343.369222,381687.768949,0,364
328094.557833,381847.897521,0,730
328479.032431,381795.397494,0,730
328278.426484,381862.335114,0,730
328431.003015,381812.076021,0,730
328439.801293,381730.357709,0,565
328640.790267,381841.978259,0,730
328242.258143,381762.2929,0,730
328125.466117,381870.780517,0,411
328418.567907,381740.99888,0,703
328115.590576,381689.825661,0,123
328702.516841,381744.73515,0,276
328617.024113,381787.730833,0,663
328101.567767,381885.800245,0,99
328247.85428,381816.448316,0,138
328484.264445,381676.440958,0,301
328625.233585,381722.287185,0,730
328128.721866,381679.62576,0,536
328524.02725,381697.389304,0,730
328114.601668,381848.091651,0,730
328297.127364,381804.846469,0,730
328178.629118,381706.850655,0,730
328636.466362,381766.362958,0,593
328398.808149,381823.983042,0,730
328741.15822,381844.216434,0,730
328325.965757,381742.019993,0,730
328079.146433,381760.561903,0,730
328280.031617,381822.392278,0,730
328151.68025,381642.582481,0,730
328244.646001,381671.81755,0,71
328465.75104,381691.987474,0,442
328678.125146,381830.279007,0,730
328558.733663,381692.957714,0,730
328284.509139,381720.185018,0,53
328416.92794,381783.861264,0,730
328124.420013,381850.689386,0,567
328398.033545,381934.962897,0,730
328102.490673,381719.438606,0,649
328134.528606,381889.831205,0,183
328442.217302,381792.063916,0,730
328590.728357,381685.43984,0,730
328225.792892,381675.781955,0,597
328096.417779,381758.993912,0,730
328387.565498,381939.41693,0,730
328095.913468,381834.030311,0,730
328649.180982,381799.985091,0,111
328345.495708,381935.671231,0,220
328455.237151,381816.248278,0,730
328300.211516,381927.268187,0,730
328675.246696,381822.626032,0,237
328296.575538,381761.830681,0,319
328368.323899,381728.700998,0,730
328426.580098,381753.010442,0,730
328291.176277,381863.208558,0,730
328632.472342,381797.703363,0,730
328356.123754,381836.937789,0,528
328699.052581,381806.987837,0,730
328398.158732,381876.775945,0,730
328287.191941,381688.207148,0,460
328411.140418,381676.820309,0,730
328245.941934,381775.926428,0,482
328138.420172,381688.79387,0,730
328651.315457,381697.577365,0,730
328529.535553,381677.554426,0,730
328561.196519,381741.042513,0,524
328276.389813,381756.238848,0,617
328146.539297,381862.571169,0,174
328281.480026,381812.29847,0,730
328161.610167,381867.540634,0,409
328552.677956,381687.17472,0,730
328268.479406,381760.52407,0,730
328162.513636,381760.390069,0,730
328244.05137,381803.644179,0,730
328478.881926,381841.445343,0,730
328615.301886,381738.586025,0,730
328459.089234,381816.250811,0,688
328697.116782,381854.98008,0,730
328221.943049,381896.93597,0,417
328341.370566,381829.548808,0,730
328558.108788,381676.711643,0,3
328232.400999,381779.318433,0,248
328412.81705,381773.808296,0,730
328478.688824,381864.168738,0,730
328086.460137,381708.274993,0,730
328100.174936,381738.093207,0,112
328348.829009,381802.953068,0,730
328264.349951,381716.863125,0,730
328296.3428,381873.420481,0,730
328678.666013,381839.326412,0,373
328331.350775,381852.163884,0,348
328787.074777,381797.967556,0,514
328445.738509,381718.39545,0,507
328548.138282,381688.632596,0,658
328670.703023,381813.747957,0,575
328714.468838,381708.144671,0,730
328406.030841,381825.543644,0,447
328646.328889,381804.192779,0,154
328517.316221,381708.725492,0,730
328092.328557,381825.516512,0,588
328340.430946,381807.325378,0,130
328603.875313,381776.753035,0,730
328785.02441,381779.692371,0,730
328180.706586,381811.959186,0,105
328117.933878,381646.024549,0,730
328566.139399,381682.477289,0,714
328353.213017,381764.601566,0,707
328603.212714,381724.404134,0,730
328742.955922,381799.004906,0,730
328223.370461,381835.639249,0,420
328557.658865,381728.802418,0,287
328471.126696,381871.869336,0,730
328293.427466,381900.597901,0,301
328432.186551,381839.953949,0,730
328660.576695,381796.313737,0,730
328645.952159,381835.862722,0,730
328334.479244,381941.639113,0,730
328374.406872,381893.974501,0,241
328058.72825,381795.633186,0,718
328274.673242,381715.183805,0,730
328120.161429,381784.716028,0,730
328363.625357,381725.237008,0,730
328067.994147,381829.681276,0,730
328363.832363,381821.793175,0,561
328171.963876,381656.232107,0,730
328203.239774,381753.077518,0,200
328613.686349,381732.108886,0,730
328156.080866,381735.39918,0,730
328144.546361,381822.790744,0,483
328498.032176,381696.749778,0,730
328635.632142,381768.853795,0,538
328352.742498,381925.071982,0,665
328199.541695,381739.857542,0,730
328501.449557,381750.065594,0,730
328710.081807,381704.832138,0,42
328193.72309,381855.720003,0,730
328325.096187,381919.109444,0,1
328296.979529,381814.370721,0,730
328621.179124,381841.588917,0,661
328248.238426,381911.69161,0,711
328112.288343,381751.176478,0,208
328410.256966,381930.001959,0,730
328144.287218,381773.887728,0,552
328464.460428,381736.479448,0,730
328455.190456,381866.362319,0,347
328431.95467,381665.323214,0,369
328163.529187,381659.633574,0,730
328710.522933,381764.538677,0,730
328273.039702,381871.708378,0,712
328104.133515,381695.207501,0,356
328233.943922,381842.542182,0,730
328712.303843,381832.283283,0,730
328441.377896,381781.763383,0,730
328217.081485,381864.132476,0,27
328092.376917,381710.22631,0,604
328121.102512,381753.96404,0,360
328125.740892,381861.956538,0,348
328123.078149,381647.024244,0,507
328357.903088,381836.519542,0,730
328246.005862,381802.84029,0,85
328713.701701,381800.758404,0,125
328753.845258,381806.310053,0,730
328181.322124,381849.529441,0,730
328292.068067,381693.658618,0,534
328373.251667,381739.990287,0,730
328171.461924,381766.127682,0,372
328165.618572,381882.225704,0,686
328129.979981,381777.649766,0,675
328259.51335,381740.7541,0,730
328552.15321,381709.59524,0,730
328252.651447,381827.729345,0,465
328054.33431,381890.285248,0,730
328076.452794,381849.98348,0,558
328244.550155,381757.928394,0,730
328188.256997,381814.319403,0,539
328459.632328,381724.800583,0,369
328416.746074,381693.712229,0,730
328296.855188,381724.798182,0,730
328523.020287,381668.023572,0,730
328685.930591,381840.120764,0,703
328227.080406,381865.571507,0,283
328288.888539,381791.288467,0,124
328526.623976,381849.031063,0,730
328217.192276,381884.857697,0,290
328451.701016,381693.555088,0,730
328248.711283,381750.260561,0,730
328140.205823,381701.524131,0,349
328487.561491,381681.31055,0,710
328144.933259,381639.348438,0,730
328150.843027,381811.985841,0,730
328338.259366,381690.885615,0,730
328429.577853,381865.888349,0,129
328708.187719,381825.657608,0,574
328087.812236,381890.096342,0,412
328422.0272,381783.753297,0,730
328581.304369,381850.800735,0,730
328560.45965,381853.331873,0,730
328381.832403,381848.376474,0,458
328064.881566,381799.811383,0,425
328143.122703,381631.844456,0,628
328338.358507,381706.982163,0,730
328238.002847,381812.624479,0,31
328408.79906,381833.780966,0,179
328451.47854,381679.579482,0,28
328406.426875,381685.865346,0,498
328193.031937,381815.889379,0,661
328388.404752,381739.693269,0,730
328727.053262,381840.616286,0,271
328428.953109,381898.054396,0,730
328082.946032,381753.646399,0,730
328463.674987,381891.053634,0,273
328661.914966,381693.044111,0,730
328610.054376,381759.360595,0,730
328673.521316,381701.904319,0,730
328559.402155,381746.50881,0,730
328409.255721,381714.437536,0,730
328090.181752,381906.144294,0,487
328257.153683,381784.750945,0,368
328580.905651,381764.706014,0,730
328107.355039,381771.103228,0,196
328467.025034,381770.710225,0,730
328349.6456,381835.958108,0,730
328440.880957,381906.868726,0,730
328090.735763,381898.17156,0,730
328268.652802,381908.51218,0,678
328466.460574,381745.150612,0,730
328372.334775,381826.242442,0,730
328259.997894,381808.833916,0,730
328237.668786,381854.299454,0,378
328168.382304,381769.634662,0,730
328420.04882,381847.013574,0,730
328766.78599,381815.406308,0,730
328216.936743,381787.354089,0,730
328519.674467,381804.759514,0,21
328624.490716,381747.950432,0,377
328290.42239,381894.747682,0,307
328210.871473,381808.577165,0,730
328308.55828,381898.064577,0,651
328209.155747,381670.489181,0,434
328731.155732,381776.10421,0,649
328555.31018,381753.953653,0,730
328150.868801,381774.064117,0,730
328414.018756,381765.016632,0,435
328341.974806,381892.879539,0,531
328801.952561,381777.808791,0,635
328205.747031,381763.282681,0,299
328352.689549,381702.737011,0,725
328391.751634,381931.504957,0,257
328109.956444,381699.957627,0,730
328479.921072,381700.989843,0,557
328268.087395,381742.332742,0,30
328767.853622,381822.625797,0,730
328107.795789,381681.192918,0,611
328491.551565,381848.975367,0,691
328395.118118,381858.370131,0,335
328311.38886,381877.952416,0,244
328142.687389,381769.876532,0,710
328447.65399,381772.572798,0,730
328533.251086,381735.479904,0,146
328491.572314,381766.054466,0,376
328571.019144,381805.650924,0,256
328698.335349,381814.529858,0,533
328098.416402,381849.03982,0,730
328484.501735,381679.807702,0,330
328437.443031,381758.843191,0,730
328493.446713,381787.798348,0,730
328503.760448,381797.284564,0,730
328654.384882,381703.015574,0,589
328125.611116,381860.461083,0,730
328166.180405,381750.924276,0,4
328229.621257,381721.045871,0,164
328466.328915,381858.739612,0,730
328647.854414,381757.194526,0,701
328102.665528,381830.54003,0,730
328430.738375,381868.510936,0,595
328614.267188,381826.923227,0,677
328496.518138,381831.269749,0,625
328222.847899,381746.777839,0,730
328145.613364,381636.925041,0,730
328766.938271,381775.428113,0,415
328320.584829,381923.738708,0,730
328533.774354,381732.065135,0,730
328119.635908,381712.576842,0,430
328405.873236,381728.316463,0,730
328436.047749,381895.968583,0,730
328632.233099,381836.924969,0,730
328663.296518,381719.158128,0,730
328451.351611,381871.240925,0,56
328662.520936,381752.594166,0,690
328260.186575,381747.843675,0,278
328173.566602,381892.985869,0,730
328082.727182,381841.229611,0,730
328161.734539,381647.422871,0,725
328468.503958,381809.649412,0,730
328408.538191,381870.1691,0,730
328495.229304,381710.014937,0,286
328716.497717,381749.01399,0,94
328206.243017,381840.48661,0,730
328113.310052,381812.149878,0,654
328071.795529,381718.461944,0,324
328166.684448,381748.905381,0,730
328755.291406,381776.723349,0,139
328349.505275,381836.33818,0,431
328576.962618,381689.019647,0,730
328467.84812,381671.734904,0,260
328372.761385,381737.504049,0,730
328166.990294,381674.301606,0,133
328328.974732,381787.016779,0,730
328397.705544,381900.933135,0,46
328685.505306,381749.406333,0,730
328137.414176,381724.027086,0,471
328613.474093,381756.738287,0,730
328459.903946,381702.474866,0,730
328095.976052,381732.636552,0,730
328140.290787,381757.508264,0,101
328593.501582,381689.299559,0,224
328213.040991,381754.704971,0,730
328447.647751,381788.535749,0,730
328200.795729,381722.461244,0,730
328553.892717,381685.694024,0,684
328413.995424,381720.763921,0,431
328788.135955,381768.590582,0,730
328197.925461,381721.886073,0,730
328489.954726,381724.199668,0,730
328343.049897,381700.130611,0,650
328529.94746,381855.783721,0,730
328506.691614,381827.921827,0,730
328583.542296,381793.847714,0,682
328102.943355,381897.067501,0,552
328262.033455,381838.358355,0,522
328315.289935,381750.328067,0,730
328795.133458,381788.192775,0,730
328301.246541,381898.250403,0,730
328129.618573,381643.012568,0,329
328200.164877,381831.906861,0,531
328342.672386,381693.947101,0,730
328221.930767,381855.758228,0,342
328269.462727,381864.319612,0,730
328720.280767,381831.911932,0,730
328597.413622,381806.292438,0,730
328605.929012,381733.468694,0,730
328608.036141,381697.416375,0,483
328730.691527,381707.980302,0,730
328471.901913,381881.002588,0,730
328775.812833,381771.289198,0,392
328556.675235,381815.403619,0,730
328551.761039,381683.589769,0,730
328255.627286,381873.885857,0,730
328484.517742,381710.971743,0,730
328665.251581,381752.198942,0,730
328451.285498,381884.069177,0,730
328539.781739,381857.75805,0,104
328170.235338,381805.390585,0,107
328680.441271,381723.039867,0,5
328676.526144,381847.189239,0,435
328343.532332,381776.350735,0,730
328307.064788,381929.403515,0,542
328127.225479,381792.34106,0,730
328467.769169,381757.483639,0,171
328512.104927,381779.949665,0,730
328799.159741,381751.372185,0,730
328181.188982,381710.168018,0,382
328408.737357,381941.194695,0,432
328613.197497,381770.069597,0,730
328253.064552,381722.538623,0,730
328386.15078,381685.536095,0,730
328545.273476,381773.246579,0,671
328280.044293,381677.786408,0,730
328673.405103,381691.706871,0,80
328698.717311,381834.440631,0,730
328182.028043,381853.168161,0,730
328422.779268,381899.305917,0,730
328614.10843,381810.101004,0,730
328417.313472,381767.854577,0,386
328534.108207,381693.683421,0,730
328101.117495,381864.316537,0,730
328462.74811,381780.462633,0,316
328434.051872,381869.09541,0,463
328396.668785,381851.189201,0,730
328406.460782,381706.406165,0,730
328735.177157,381742.87632,0,247
328287.426445,381782.776257,0,443
328771.172664,381759.713249,0,730
328592.584149,381847.09401,0,596
328558.579547,381840.138261,0,730
328450.288177,381903.069921,0,730
328318.159532,381694.654139,0,730
328479.835089,381663.171728,0,199
328157.8026,381645.912822,0,83
328069.686884,381757.241834,0,730
328353.84539,381751.939239,0,730
328444.241377,381866.588766,0,730
328141.057985,381787.447678,0,332
328081.253593,381904.583514,0,356
328239.474128,381778.909917,0,730
328581.11995,381755.86798,0,730
328346.490999,381850.957706,0,730
328444.252709,381763.39694,0,436
328135.351931,381624.114016,0,730
328460.109131,381801.44687,0,622
328260.029446,381807.348575,0,730
328549.68298,381794.943261,0,212
328768.328898,381871.911947,0,730
328537.797623,381729.197828,0,730
328083.59083,381713.339715,0,730
328280.010451,381723.377011,0,643
328721.947044,381790.539863,0,730
328506.859756,381816.473055,0,700
328449.028437,381761.560358,0,548
328383.563818,381786.845339,0,730
328183.448011,381830.002853,0,362
328309.414566,381841.274938,0,428
328754.437964,381834.09743,0,113
328483.192799,381814.435552,0,730
328577.752751,381802.567786,0,504
328392.857996,381857.805307,0,730
328716.794369,381853.720237,0,730
328221.901328,381893.455254,0,626
328175.288844,381881.33606,0,730
328458.599153,381871.700108,0,730
328057.760823,381773.510004,0,730
328653.050508,381716.622365,0,603
328514.545822,381718.79624,0,475
328057.694469,381860.515243,0,730
328441.685861,381755.981773,0,730
328659.021379,381767.747491,0,730
328227.420827,381877.149499,0,290
328442.402861,381700.546434,0,730
328268.826912,381816.918287,0,730
328744.498523,381723.103605,0,12
328298.283077,381846.378269,0,730
328274.14382,381850.017525,0,730
328645.141628,381818.131022,0,81
328071.00131,381727.449659,0,730
328054.772647,381728.22054,0,730
328074.082136,381764.944801,0,730
328767.887575,381746.342472,0,730
328395.900058,381890.180998,0,730
328711.279819,381780.575211,0,730
328513.946391,381749.040609,0,271
328337.673216,381909.271382,0,730
328342.673796,381901.403558,0,730
328301.390711,381826.33411,0,352
328380.837529,381949.108218,0,730
328255.219147,381880.753728,0,730
328356.720615,381848.761076,0,730
328247.694687,381883.131862,0,142
328185.904223,381711.891359,0,529
328368.9242,381708.226989,0,730
328218.804902,381705.295192,0,462
328689.758592,381682.574664,0,730
328298.074771,381828.488558,0,730
328335.340551,381765.077735,0,730
328427.470133,381873.389735,0,98
328095.592504,381834.288961,0,730
328639.456541,381681.176298,0,525
328392.149232,381825.045778,0,730
328216.292432,381750.543615,0,688
328273.920302,381751.770867,0,730
328302.573839,381904.584028,0,569
328415.210464,381742.454828,0,361
328151.52724,381671.638628,0,730
328474.326118,381744.719558,0,677
328580.762786,381685.83011,0,730
328346.741721,381806.665027,0,730
328175.722915,381774.889039,0,730
328368.181726,381877.686855,0,338
328215.755238,381753.046193,0,730
328130.138675,381891.318747,0,473
328599.055646,381716.680829,0,232
328449.060221,381689.995344,0,730
328465.346095,381688.150392,0,730
328591.049298,381776.016514,0,730
328361.056616,381712.563089,0,730
328508.124902,381670.705409,0,588
328056.779575,381769.126047,0,730
328626.593366,381803.13771,0,253
328544.405959,381841.706736,0,730
328288.826625,381911.07845,0,666
328362.335495,381701.515114,0,91
328684.108738,381814.807133,0,620
328627.280204,381802.349782,0,730
328303.999534,381841.287465,0,730
328647.82109,381734.422667,0,233
328552.083673,381798.684044,0,730
328376.24006,381853.329854,0,57
328475.665911,381732.157268,0,146
328780.563133,381801.998404,0,730
328083.182249,381702.683304,0,730
328102.754825,381873.568226,0,730
328745.452157,381848.314355,0,456
328431.196423,381764.858981,0,730
328157.699452,381796.483819,0,730
328670.774596,381786.483203,0,730
328139.278003,381719.053576,0,730
328206.995511,381745.511689,0,730
328568.992753,381849.751028,0,205
328252.419679,381864.59326,0,479
328762.086834,381809.821237,0,620
328543.005839,381799.30591,0,594
328528.977538,381828.972805,0,162
328648.904788,381777.176781,0,730
328487.22682,381789.428786,0,171
328144.295384,381659.369928,0,730
328309.362254,381786.481797,0,697
328749.046793,381871.324909,0,651
328292.002891,381833.464818,0,352
328081.431741,381765.24675,0,608
328534.444034,381677.405596,0,433
328111.891804,381882.506691,0,730
328138.81931,381700.32668,0,730
328335.110992,381935.690092,0,730
328411.196556,381803.219645,0,487
328409.159885,381894.508718,0,730
328582.468153,381684.170782,0,730
328348.89366,381835.920969,0,248
328121.023901,381808.31629,0,730
328091.749382,381819.216139,0,730
328190.132057,381676.051798,0,730
328192.324612,381848.417094,0,730
328390.39676,381859.805734,0,482
328658.05213,381692.597138,0,730
328497.983137,381758.272037,0,608
328411.920684,381836.885897,0,213
328197.94507,381722.359561,0,730
328147.737837,381645.353751,0,730
328352.766859,381754.117466,0,730
328706.207432,381716.964474,0,727
328679.108639,381820.366517,0,119
328718.00036,381702.22897,0,730
328387.22224,381852.59533,0,730
328127.915665,381650.367828,0,730
328237.393135,381700.847959,0,730
328382.887994,381693.094844,0,147
328695.843202,381808.023201,0,730
328340.724982,381690.393388,0,179
328712.905579,381746.940562,0,730
328694.721688,381853.178416,0,730
328138.908398,381859.224402,0,730
328437.847224,381912.708914,0,730
328311.499114,381866.687368,0,24
328198.049898,381800.659135,0,151
328109.05437,381876.895641,0,671
328131.327639,381640.937803,0,730
328147.387138,381778.754227,0,405
328696.758885,381837.611791,0,730
328720.862558,381765.336009,0,215
328527.347473,381746.138937,0,720
328402.394054,381736.457688,0,118
328213.457789,381735.890522,0,730
328208.772304,381864.776913,0,730
328192.671943,381700.896646,0,385
328422.622103,381854.022641,0,730
328566.336178,381768.208854,0,730
328442.805247,381754.297315,0,730
328430.623744,381886.992487,0,730
328809.341739,381754.81499,0,524
328323.882627,381810.013666,0,266
328145.591801,381841.03836,0,730
328353.518233,381924.313624,0,178
328170.273684,381843.840234,0,662
328160.729514,381821.150312,0,730
328781.951259,381817.778349,0,530
328566.818184,381671.889099,0,730
328421.327204,381904.626635,0,216
328628.390768,381771.36183,0,169
328362.291044,381762.184483,0,612
328215.880193,381799.231434,0,309
328477.05107,381860.728117,0,730
328732.129406,381735.928051,0,438
328121.737277,381852.164813,0,318
328215.677261,381839.339993,0,730
328257.19994,381882.4497,0,210
328482.070837,381718.606138,0,730
328236.598983,381828.801518,0,573
328459.848589,381815.25368,0,730
328336.253785,381848.484241,0,520
328482.351834,381812.462562,0,693
328289.072857,381925.508228,0,730
328792.881092,381755.682009,0,226
328733.313949,381837.677921,0,730
328195.345464,381817.136416,0,598
328192.517195,381735.118945,0,591
328318.788572,381780.021198,0,452
328141.819417,381645.145789,0,276
328350.903711,381829.10202,0,645
328361.805851,381833.504528,0,613
328247.716727,381875.303717,0,730
328766.212033,381806.82098,0,103
328102.21509,381813.946315,0,730
328783.923712,381824.267605,0,730
328327.429053,381685.106917,0,730
328132.187088,381780.449789,0,587
328685.946435,381702.355934,0,568
328751.935292,381854.841941,0,547
328215.234656,381853.54022,0,730
328534.365883,381799.345313,0,730
328630.251276,381827.508046,0,259
328718.223652,381862.378839,0,730
328158.215425,381870.668841,0,642
328587.005774,381796.930123,0,521
328479.456363,381671.113035,0,730
328512.704391,381854.188219,0,712
328531.498546,381767.02956,0,730
328629.312888,381822.104628,0,526
328801.878322,381782.459494,0,730
328673.817444,381782.699032,0,609
328055.880179,381870.987988,0,486
328802.536526,381795.240997,0,730
328206.732268,381737.000533,0,730
328324.552073,381752.631089,0,540
328723.194601,381729.831509,0,730
328492.160339,381677.15948,0,730
328503.476476,381662.985215,0,730
328764.296371,381781.587273,0,730
328511.874942,381845.102347,0,730
328623.953998,381761.80372,0,730
328680.352778,381714.245896,0,687
328620.30743,381744.84948,0,730
328335.23665,381931.49615,0,730
328512.954051,381767.727616,0,730
328121.457081,381858.170934,0,132
328715.753294,381838.851601,0,730
328560.142514,381797.234637,0,577
328110.153827,381753.674202,0,8
328426.515103,381919.213392,0,274
328299.598133,381796.848369,0,323
328618.255473,381758.412292,0,167
328388.312791,381910.277964,0,648
328127.580393,381713.359664,0,730
328496.910128,381720.116466,0,730
328470.180876,381694.497679,0,398
328365.901396,381875.093609,0,730
328247.844873,381865.530328,0,730
328624.848833,381777.394906,0,167
328452.712831,381711.197363,0,730
328168.540448,381752.47158,0,224
328396.340936,381886.403853,0,730
328454.011555,381664.797815,0,601
328256.932824,381669.737905,0,730
328249.193439,381888.728487,0,730
328244.626309,381787.442664,0,730
328228.00831,381764.252066,0,730
328662.945916,381724.523281,0,461
328171.57526,381674.067042,0,382
328324.065223,381894.00819,0,730
328273.818733,381843.472869,0,706
328241.733212,381856.491988,0,559
328642.683956,381761.69027,0,730
328270.126186,381773.906106,0,472
328775.801163,381844.427356,0,381
328392.574695,381885.113066,0,243
328147.838357,381806.547333,0,513
328336.865705,381714.925939,0,679
328078.143213,381703.802408,0,730
328198.482106,381892.315279,0,730
328723.547249,381744.795257,0,704
328514.537302,381668.275503,0,730
328676.411423,381769.981686,0,730
328160.375475,381777.999596,0,424
328101.480493,381883.692288,0,616
328753.082351,381723.148014,0,580
328294.603601,381755.271196,0,261
328113.451741,381786.177288,0,601
328355.911528,381946.079551,0,730
328664.636785,381748.360982,0,263
328578.370782,381814.378603,0,142
328763.341949,381833.220221,0,305
328632.219633,381791.564757,0,730
328317.99559,381850.632183,0,615
328167.953903,381670.839588,0,730
328373.413076,381881.364962,0,8
328189.749024,381866.138995,0,730
328476.090389,381659.217821,0,730
328149.249717,381827.276246,0,636
328513.92685,381735.269064,0,730
328404.927234,381866.596677,0,730
328159.447695,381642.221475,0,730
328386.390898,381699.429822,0,210
328099.205253,381898.304178,0,294
328154.511005,381653.018884,0,730
328089.402094,381906.415873,0,455
328254.512231,381911.066692,0,730
328095.863545,381783.201638,0,303
328399.953722,381910.328728,0,614
328258.094484,381833.340406,0,730
328063.715998,381822.905235,0,422
328390.192328,381806.772027,0,598
328416.367757,381711.730161,0,730
328452.341774,381669.809978,0,730
328716.765326,381693.601896,0,730
328135.695976,381716.238329,0,730
328478.386467,381666.75407,0,730
328310.712896,381762.828064,0,704
328290.212365,381817.84595,0,730
328472.280494,381669.668336,0,451
328243.135126,381817.47979,0,574
328719.162854,381705.786181,0,493
328723.378291,381712.481305,0,730
328444.75671,381911.926916,0,252
328246.96379,381742.367678,0,298
328438.922377,381846.003237,0,229
328172.686408,381880.909403,0,730
328722.55814,381830.517499,0,640
328241.297837,381690.567726,0,730
328367.9147,381760.721425,0,644
328422.53337,381777.204674,0,730
328667.333767,381686.34621,0,308
328417.390997,381778.831908,0,66
328186.813824,381893.96866,0,730
328392.453306,381746.206339,0,713
328364.161111,381926.097637,0,329
328590.203462,381846.196596,0,730
328157.289726,381775.0165,0,20
328297.737647,381675.19994,0,730
328441.455617,381723.895483,0,730
328416.71122,381915.932401,0,653
328669.562075,381850.959856,0,423
328502.318255,381818.710809,0,730
328555.203636,381750.880678,0,730
328232.934717,381758.250204,0,698
328343.94984,381813.385083,0,218
328414.574472,381888.023784,0,603
328488.982891,381708.762844,0,576
328761.171111,381814.827031,0,699
328137.231487,381730.199057,0,730
328593.300702,381782.205108,0,727
328433.86121,381694.122298,0,730
328614.113683,381698.446046,0,730
328318.67932,381855.244593,0,590
328072.216236,381905.269834,0,730
328363.251927,381839.577467,0,730
328462.818238,381745.631634,0,720
328658.607631,381816.040264,0,730
328322.257558,381842.516196,0,715
328663.191921,381780.904797,0,730
328303.593526,381818.27773,0,730
328421.694123,381670.593583,0,517
328395.153515,381731.527536,0,308
328703.964985,381763.948871,0,687
328663.506582,381775.967579,0,439
328081.532903,381721.113252,0,709
328791.403642,381815.428868,0,730
328422.58726,381910.502608,0,571
328322.501599,381754.092677,0,499
328250.171787,381780.058501,0,730
328467.478829,381884.469192,0,344
328348.846993,381866.121869,0,709
328140.198921,381864.033473,0,225
328220.846976,381791.908123,0,693
328467.867938,381793.972669,0,613
328447.131926,381721.747761,0,730
328363.908128,381757.454041,0,730
328123.043512,381726.723073,0,730
328337.075089,381923.775853,0,730
328365.865724,381711.439175,0,730
328082.198137,381891.927316,0,730
328619.862432,381713.163243,0,187
328103.884738,381835.123921,0,453
328089.158761,381800.439692,0,93
328307.703363,381886.602479,0,473
328655.583073,381718.967391,0,343
328171.890047,381736.835234,0,730
328717.261507,381749.185926,0,502
328460.525466,381723.871261,0,300
328223.87434,381708.42083,0,470
328140.528498,381706.783654,0,730
328139.418818,381834.675943,0,730
328319.372083,381775.577897,0,705
328395.675199,381934.500786,0,730
328478.011705,381740.837606,0,730
328726.89951,381715.701333,0,730
328646.776674,381783.442871,0,14
328378.873805,381802.28931,0,408
328448.397267,381731.341907,0,730
328660.3018,381718.241418,0,679
328093.736478,381809.420168,0,112
328394.612242,381886.88071,0,669
328798.430973,381771.838622,0,730
328317.398199,381856.541845,0,81
328552.965568,381686.663764,0,730
328500.669452,381674.825177,0,707
328336.622066,381749.180442,0,241
328216.670702,381750.119786,0,730
328340.052272,381688.603421,0,730
328337.077822,381713.342885,0,730
328571.847824,381811.021581,0,730
328111.592064,381698.155162,0,730
328614.945667,381847.839932,0,344
328080.447625,381695.849304,0,639
328640.980515,381804.158429,0,108
328231.514018,381843.328941,0,730
328537.460094,381740.339514,0,730
328068.721612,381814.485611,0,730
328152.888762,381697.960058,0,730
328387.383933,381932.331335,0,116
328076.686358,381699.114089,0,346
328347.894371,381849.040929,0,730
328559.326922,381847.865936,0,730
328455.491594,381726.081249,0,730
328527.529242,381831.19044,0,361
328372.849788,381757.246774,0,730
328478.978779,381888.047624,0,730
328604.174117,381848.948223,0,730
328216.537677,381872.907966,0,581
328695.65349,381715.604015,0,730
328292.361269,381919.021747,0,730
328323.688933,381799.099053,0,730
328603.571529,381732.424762,0,69
328150.021706,381864.103244,0,730
328427.439549,381763.650718,0,730
328451.882716,381695.008876,0,730
328689.958265,381685.19117,0,730
328715.744501,381823.7559,0,262
328388.799302,381799.385345,0,730
328489.930723,381851.374431,0,289
328098.618275,381791.558112,0,623
328090.6327,381689.061144,0,388
328163.770296,381653.960726,0,368
328573.993999,381789.120966,0,407
328055.66716,381879.967767,0,730
328353.34765,381837.669405,0,730
328247.452641,381824.32315,0,541
328578.711821,381759.726259,0,436
328425.872744,381746.883747,0,416
328476.796026,381847.347014,0,730
328483.887711,381776.724913,0,730
328684.46343,381741.030785,0,730
328688.48258,381798.787244,0,730
328305.141865,381672.498215,0,184
328258.618737,381916.998965,0,730
328390.234469,381769.109138,0,730
328290.849559,381710.319151,0,730
328306.371373,381855.064473,0,518
328118.685174,381699.647024,0,730
328214.370867,381722.499519,0,626
328728.718774,381851.094956,0,729
328345.15957,381915.985204,0,705
328421.048949,381693.798026,0,730
328652.864918,381804.608728,0,544
328090.702472,381889.649023,0,723
328778.761284,381771.916382,0,730
328288.590187,381885.4911,0,730
328457.483055,381660.234064,0,730
328529.035149,381714.520681,0,730
328180.625151,381747.042371,0,730
328375.687106,381709.329962,0,730
328444.008367,381897.167926,0,279
328269.294682,381693.301025,0,501
328152.406072,381873.988318,0,562
328203.59868,381683.966606,0,161
328502.363706,381818.273206,0,627
328590.117938,381759.653179,0,641
328713.440233,381800.141321,0,730
328294.600151,381864.363528,0,269
328788.133823,381807.075478,0,730
328352.196226,381850.567442,0,52
328212.955401,381854.563233,0,681
328262.68184,381677.236531,0,730
328374.326392,381891.249289,0,730
328634.280291,381814.378815,0,521
328349.816546,381838.993113,0,730
328142.109264,381631.243484,0,730
328122.947363,381790.112747,0,470
328293.34792,381815.635335,0,508
328389.302247,381810.909458,0,696
328488.081531,381695.967409,0,730
328499.415321,381791.564084,0,313
328387.619608,381783.915436,0,90
328083.470158,381890.046584,0,612
328060.819567,381902.567606,0,480
328744.59745,381812.223131,0,730
328357.923121,381709.017843,0,730
328461.042205,381885.391265,0,503
328504.950144,381689.51609,0,242
328237.281584,381762.512365,0,680
328118.886785,381679.1668,0,730
328582.360729,381796.060002,0,375
328793.413832,381807.070419,0,730
328326.894632,381757.617465,0,569
328421.823221,381708.348927,0,730
328359.940896,381926.54088,0,730
328555.023403,381831.506752,0,730
328460.749868,381856.018264,0,633
328207.990955,381775.193221,0,730
328550.177453,381748.024694,0,730
328068.381561,381840.887929,0,272
328679.676567,381718.204237,0,730
328552.634373,381776.456134,0,33
328379.689902,381857.235631,0,200
328211.286278,381827.090086,0,280
328566.153997,381817.818035,0,730
328384.459858,381788.544564,0,479
328317.88752,381706.185613,0,730
328716.381465,381694.399887,0,730
328390.245399,381926.387225,0,730
328264.751335,381775.809405,0,730
328594.639964,381836.494826,0,691
328490.607299,381714.777728,0,527
328434.51341,381665.234561,0,659
328323.964376,381730.600884,0,730
328120.42671,381867.785938,0,600
328106.865775,381801.119407,0,193
328154.265159,381641.831589,0,730
328366.206484,381691.745838,0,255
328423.699898,381726.582663,0,643
328699.061032,381826.537011,0,49
328758.039326,381735.515624,0,585
328097.78317,381887.081033,0,692
328416.327244,381867.968444,0,730
328500.232379,381809.499656,0,730
328466.496629,381747.496293,0,730
328522.669633,381822.705874,0,730
328457.867287,381733.918898,0,504
328168.379744,381771.36749,0,449
328368.766915,381811.274951,0,151
328522.497715,381734.797766,0,627
328155.158505,381837.389104,0,730
328574.672075,381776.70346,0,168
328368.797425,381747.101576,0,421
328165.202854,381845.847634,0,730
328473.400236,381865.065245,0,335
328231.763098,381887.111965,0,499
328281.708943,381746.224645,0,730
328406.927857,381900.296717,0,310
328564.185161,381821.262912,0,607
328257.834512,381848.845251,0,672
328785.16051,381834.405579,0,543
328357.911923,381748.538491,0,159
328314.43316,381850.395627,0,730
328735.86387,381738.345541,0,730
328115.972927,381705.469561,0,730
328231.393439,381719.077095,0,714
328786.624512,381807.304316,0,237
328192.417797,381737.99222,0,238
328636.838516,381746.581123,0,364
328673.46728,381839.164101,0,730
328372.630452,381687.388678,0,144
328225.101454,381685.531191,0,549
328351.473317,381866.637389,0,730
328291.235369,381905.224334,0,730
328753.902646,381748.972,0,267
328617.499923,381789.882122,0,730
328723.969488,381748.257813,0,730
328331.760545,381899.775694,0,730
328430.995913,381777.252142,0,730
328444.564713,381868.958753,0,77
328267.237317,381897.951359,0,208
328101.511357,381724.949242,0,570
328740.101916,381828.495401,0,638
328086.57708,381877.003511,0,517
328448.295043,381863.169686,0,91
328392.968493,381824.416812,0,158
328454.729529,381779.13212,0,207
328238.136217,381878.262157,0,726
328078.59284,381880.914022,0,730
328373.389709,381735.497244,0,202
328172.283994,381830.351119,0,730
328714.14949,381761.659131,0,557
328116.617482,381730.067594,0,387
328141.472616,381637.17795,0,730
328201.614543,381839.112869,0,730
328178.357569,381781.062745,0,730
328225.67522,381747.523091,0,268
328258.390494,381910.36287,0,730
328523.58482,381866.582147,0,190
328454.186573,381879.723028,0,555
328767.123665,381784.073858,0,317
328245.497994,381705.656734,0,616
328790.752244,381821.379764,0,730
328116.39152,381641.472211,0,647
328258.823915,381810.800141,0,730
328529.412536,381823.433597,0,115
328368.304291,381886.099279,0,236
328645.041059,381715.566199,0,337
328194.800915,381867.196926,0,511
328202.061803,381785.88632,0,730
328520.002149,381754.076735,0,730
328323.69055,381795.930973,0,147
328284.494592,381748.411076,0,730
328179.543115,381794.012511,0,730
328705.566196,381709.877839,0,730
328457.921431,381659.891465,0,37
328455.736642,381727.295953,0,730
328083.781466,381796.151266,0,113
328374.40156,381812.696493,0,321
328315.19602,381786.549219,0,730
328697.776776,381833.278787,0,155
328103.611392,381852.44698,0,730
328268.655272,381760.500934,0,730
328132.054107,381757.278196,0,730
328558.980476,381839.287192,0,715
328472.313641,381677.451868,0,646
328288.750895,381675.042868,0,730
328613.253946,381712.090346,0,315
328736.179339,381777.004775,0,511
328278.445492,381795.115526,0,457
328339.623611,381897.052954,0,363
328449.003945,381782.372773,0,730
328183.384419,381740.27304,0,610
328438.822563,381851.971674,0,426
328798.59802,381764.123485,0,730
328321.621436,381879.745393,0,730
328582.603705,381839.234759,0,263
328596.206519,381798.910742,0,730
328704.315347,381702.533278,0,730
328508.123971,381703.32517,0,730
328144.401234,381775.434193,0,592
328428.292241,381865.240301,0,280
328152.166894,381798.544154,0,109
328404.045395,381869.946599,0,730
328136.329363,381701.312899,0,476
328247.761527,381673.168463,0,730
328667.037374,381777.931264,0,730
328185.164968,381762.69111,0,730
328302.098368,381753.345221,0,730
328077.728884,381699.45368,0,730
328389.986689,381751.106686,0,477
328609.284134,381755.421182,0,730
328580.765438,381684.502806,0,730
328760.712677,381762.934659,0,730
328291.824598,381885.670344,0,123
328448.105013,381714.759326,0,730
328370.034058,381759.70173,0,730
328463.835978,381714.626927,0,730
328318.318891,381688.938079,0,187
328234.427719,381697.976474,0,592
328258.449327,381701.960156,0,565
328494.087324,381688.928344,0,134
328451.738936,381769.917347,0,730
328120.051278,381899.103722,0,730
328316.045313,381793.068555,0,583
328550.32101,381780.706143,0,730
328662.907934,381805.814323,0,313
328284.112892,381710.428749,0,730
328561.144801,381724.547572,0,730
328741.629752,381824.467947,0,206
328433.743592,381716.633899,0,257
328612.63236,381738.364058,0,697
328115.662252,381755.667023,0,730
328464.878268,381868.147469,0,730
328412.108394,381892.009804,0,699
328657.305117,381686.178336,0,516
328217.369255,381657.900642,0,633
328765.444925,381775.817436,0,394
328745.321184,381762.034542,0,90
328279.122407,381851.466625,0,260
328512.58209,381816.645941,0,730
328678.480538,381685.459763,0,440
328421.990924,381739.055087,0,393
328498.04476,381784.014165,0,730
328370.752612,381694.843447,0,730
328409.059437,381673.62276,0,730
328404.741729,381817.855139,0,730
328524.760749,381785.49753,0,395
328060.700877,381807.545008,0,478
328651.306034,381745.595642,0,432
328690.539217,381851.622319,0,219
328570.708838,381836.273924,0,54
328630.832429,381835.350379,0,730
328584.902816,381782.818284,0,350
328217.241277,381857.854104,0,272
328351.082036,381816.044662,0,730
328196.726768,381770.614779,0,730
328109.999521,381781.889664,0,618
328298.127566,381925.488363,0,689
328474.292392,381815.787431,0,387
328251.738461,381882.541295,0,730
328791.171287,381778.927204,0,618
328105.956201,381877.599812,0,730
328174.823439,381750.282722,0,730
328357.572479,381811.557312,0,528
328133.458471,381662.168381,0,639
328308.000026,381797.44342,0,730
328650.387782,381789.096837,0,730
328312.354814,381733.897242,0,730
328629.513896,381846.928713,0,730
328405.572577,381867.881142,0,461
328655.466414,381788.094725,0,453
328778.891392,381775.835184,0,169
328276.058423,381700.322213,0,730
328277.840354,381682.553168,0,730
328681.102064,381833.57233,0,730
328059.828925,381799.035704,0,455
328222.148577,381762.415812,0,730
328561.617535,381770.417854,0,437
328125.724248,381849.699401,0,730
328517.56788,381705.310449,0,464
328592.028288,381685.687115,0,730
328448.875634,381847.917169,0,539
328776.977695,381739.407231,0,730
328368.406984,381796.719147,0,161
328470.28904,381729.784838,0,730
328212.115299,381863.881719,0,117
328720.034392,381832.852935,0,730
328548.006122,381780.753994,0,730
328680.096983,381800.208482,0,717
328116.850356,381740.162025,0,730
328654.093074,381751.139515,0,82
328410.283649,381847.787386,0,730
328463.498135,381853.660505,0,505
328321.458257,381864.290523,0,730
328651.488298,381802.784516,0,730
328604.453832,381722.738037,0,29
328498.587228,381661.449808,0,591
328278.171346,381898.728692,0,614
328475.081719,381823.337319,0,730
328230.119269,381776.775026,0,519
328061.381591,381801.95154,0,730
328500.899462,381863.60877,0,380
328131.076285,381715.424918,0,518
328519.105411,381701.03823,0,730
328187.625538,381736.839619,0,124
328471.41626,381714.605079,0,730
328146.78864,381630.860361,0,730
328687.075119,381765.101103,0,668
328441.552648,381827.745855,0,250
328674.378988,381816.026474,0,84
328309.185895,381785.677724,0,116
328165.329404,381853.820582,0,730
328287.409244,381806.188743,0,730
328285.03144,381851.769875,0,485
328735.909424,381794.680652,0,730
328669.754263,381717.073775,0,730
328173.968444,381771.801916,0,730
328535.115822,381686.764172,0,580
328515.046829,381732.225651,0,730
328644.232388,381685.223668,0,281
328628.805782,381723.09747,0,730
328165.52682,381893.453398,0,26
328209.55321,381843.14629,0,18
328204.458378,381674.33694,0,730
328586.403862,381733.073412,0,730
328255.704696,381825.815639,0,730
328687.717127,381684.32962,0,730
328152.308242,381767.900445,0,657
328078.203363,381877.927745,0,658
328281.183466,381923.591893,0,730
328502.648098,381748.117863,0,730
328284.828369,381801.936703,0,306
328322.603593,381835.129115,0,193
328406.69102,381877.616294,0,730
328421.49919,381699.805092,0,730
328318.782701,381780.588763,0,65
328605.76423,381809.102326,0,730
328213.461892,381865.583187,0,444
328303.794795,381848.923446,0,730
328706.002251,381783.370336,0,32
328115.022546,381832.242127,0,730
328238.844227,381826.525075,0,730
328342.652427,381816.336694,0,49
328118.25614,381825.359928,0,497
328712.755751,381789.545074,0,560
328129.180234,381835.159624,0,730
328281.724481,381677.313788,0,619
328762.946139,381781.447041,0,465
328565.028712,381809.155456,0,690
328122.82959,381756.234741,0,730
328138.049181,381828.995973,0,312
328451.969279,381811.198503,0,730
328270.463139,381826.746691,0,730
328207.503167,381821.456002,0,730
328156.453704,381892.55376,0,304
328209.841372,381889.38261,0,730
328455.895827,381794.505586,0,730
328542.893841,381850.802877,0,496
328469.990742,381728.530964,0,258
328408.114426,381676.984982,0,89
328074.523104,381758.983078,0,543
328270.961637,381804.638307,0,730
328314.168283,381728.306715,0,730
328158.335841,381835.309475,0,537
328477.545199,381700.865555,0,107
328719.913362,381764.277423,0,400
328482.992529,381705.467161,0,556
328375.509239,381764.374841,0,505
328148.954687,381681.664671,0,467
328191.947889,381711.974248,0,696
328737.075143,381829.323844,0,730
328233.60443,381667.367297,0,723
328090.518482,381726.377162,0,429
328154.593733,381741.014937,0,350
328272.615321,381696.618246,0,653
328201.427975,381707.837096,0,676
328198.415453,381704.495897,0,331
328793.135896,381781.827546,0,297
328259.97398,381892.74457,0,730
328232.153635,381694.514894,0,75
328239.436761,381743.891295,0,635
328449.264296,381858.376769,0,424
328139.512263,381764.897556,0,480
328418.959086,381683.209999,0,730
328670.377736,381776.68706,0,587
328791.399936,381796.665348,0,546
328682.20033,381805.295652,0,730
328465.200049,381821.019034,0,730
328438.765129,381696.817983,0,374
328373.994635,381695.514086,0,730
328616.93851,381829.964666,0,730
328430.056575,381737.964864,0,730
328524.141985,381807.15004,0,730
328349.679053,381863.932333,0,730
328460.638835,381690.004738,0,730
328277.256954,381774.640781,0,730
328155.70888,381734.554048,0,645
328347.209083,381852.961713,0,730
328761.27746,381733.176997,0,730
328168.191895,381732.337133,0,730
328279.553947,381711.183735,0,730
328686.755723,381772.14212,0,730
328274.359811,381812.665314,0,497
328746.161229,381738.061008,0,593
328124.979875,381648.572797,0,730
328146.343623,381893.871298,0,554
328570.847718,381689.414426,0,730
328693.631564,381755.98917,0,397
328153.337108,381664.506346,0,730
328507.584158,381683.543304,0,730
328334.154494,381813.534928,0,264
328432.293181,381891.850703,0,730
328699.99788,381693.547876,0,40
328509.270284,381710.454403,0,689
328536.962014,381677.489881,0,730
328562.915769,381704.952435,0,730
328751.810224,381767.552855,0,730
328653.053234,381696.194249,0,227
328132.053081,381690.761119,0,730
328101.337719,381727.511914,0,730
328154.850846,381858.815712,0,730
328112.999548,381868.453333,0,217
328194.498646,381805.043362,0,730
328448.04046,381872.638424,0,589
328695.141025,381683.351268,0,418
328318.602394,381849.699669,0,730
328660.004767,381755.513597,0,646
328484.98258,381814.995105,0,136
328161.711566,381768.588635,0,205
328112.811643,381737.203111,0,730
328080.965699,381750.698465,0,730
328608.34025,381760.560226,0,14
328710.404163,381835.214308,0,669
328743.212939,381767.9927,0,141
328210.156028,381876.481696,0,365
328146.345139,381890.025915,0,730
328544.240442,381736.57285,0,550
328589.884564,381679.617709,0,491
328109.446019,381902.212168,0,326
328053.886353,381890.563702,0,730
328501.05585,381869.826358,0,120
328721.510675,381762.791009,0,537
328055.249787,381845.813504,0,730
328106.239722,381849.510369,0,730
328409.973323,381934.412715,0,730
328123.827295,381702.988998,0,202
328189.261245,381849.867324,0,538
328591.136738,381716.481885,0,414
328318.888864,381904.299785,0,730
328769.562501,381788.754927,0,629
328132.52027,381795.929038,0,490
328403.011085,381772.404695,0,730
328414.731775,381871.857786,0,730
328374.621654,381682.297575,0,730
328327.033455,381911.447482,0,384
328566.548975,381822.679443,0,311
328093.650368,381732.954691,0,481
328379.428859,381824.363505,0,730
328757.548842,381769.73745,0,730
328154.741004,381751.639546,0,730
328357.785503,381887.196972,0,660
328107.436572,381687.16927,0,730
328284.339275,381791.472021,0,396
328147.157877,381697.265373,0,509
328056.986485,381902.632403,0,695
328571.333629,381804.324027,0,730
328606.14685,381683.681691,0,730
328342.327473,381738.3972,0,730
328395.332259,381812.582023,0,730
328457.259109,381694.000208,0,302
328231.346955,381821.854391,0,579
328146.811108,381863.612529,0,654
328476.944536,381669.718835,0,343
328094.411633,381782.117703,0,434
328171.645454,381695.191683,0,730
328313.695283,381923.114933,0,68
328169.274614,381774.997579,0,730
328175.364718,381891.596311,0,227
328502.093537,381842.639009,0,389
328376.730309,381757.702354,0,656
328711.750558,381759.35094,0,34
328425.906659,381902.47995,0,730
328624.208644,381781.49249,0,101
328273.416988,381712.456031,0,549
328216.827406,381748.09478,0,730
328541.116119,381836.203252,0,419
328485.027121,381757.18401,0,412
328182.603344,381803.85116,0,680
328762.6527,381840.601826,0,728
328062.584446,381780.369727,0,730
328210.785669,381859.477925,0,730
328490.495018,381777.793445,0,527
328622.286627,381814.688977,0,730
328767.443384,381783.039187,0,339
328614.18506,381795.572121,0,160
328241.124457,381750.202492,0,730
328343.292429,381867.433868,0,730
328279.800855,381840.429485,0,446
328592.518822,381794.974132,0,730
328623.227014,381776.953196,0,721
328497.356148,381827.846487,0,730
328277.662105,381854.289922,0,581
328322.849969,381686.538783,0,609
328720.00413,381785.863668,0,229
328115.528574,381805.748172,0,730
328681.583689,381756.342886,0,246
328611.634357,381802.272344,0,730
328329.06145,381864.578379,0,730
328082.498064,381773.005513,0,730
328754.47476,381765.261961,0,730
328571.629735,381742.371242,0,730
328142.368351,381788.246624,0,730
328145.140591,381869.339227,0,638
328383.513272,381864.212712,0,438
328192.921052,381735.946096,0,494
328437.577294,381837.588297,0,730
328639.909481,381739.28961,0,730
328384.940735,381699.457877,0,273
328414.437245,381885.581932,0,406
328659.329159,381690.447487,0,730
328224.51634,381810.952077,0,602
328232.769239,381808.611868,0,426
328289.108528,381841.520102,0,730
328307.636434,381911.65696,0,730
328394.595468,381881.438266,0,730
328643.652673,381739.53015,0,730
328507.436802,381866.617499,0,730
328450.820097,381703.039072,0,730
328543.955698,381678.227115,0,474
328180.047245,381752.883504,0,16
328486.082475,381877.756288,0,15
328280.199716,381670.657293,0,685
328167.164329,381683.509657,0,730
328702.932076,381685.262809,0,555
328448.827463,381873.34715,0,730
328457.079097,381757.327549,0,730
328757.358361,381825.203027,0,249
328414.86655,381868.45153,0,564
328268.062381,381825.997729,0,72
328184.323613,381890.465102,0,667
328135.933414,381694.49883,0,730
328408.645481,381901.302478,0,730
328651.592987,381701.783395,0,730
328310.070799,381792.879818,0,374
328387.429332,381900.955692,0,730
328442.756434,381764.13994,0,35
328564.144064,381823.829839,0,730
328120.089122,381668.316315,0,730
328492.516088,381810.479913,0,599
328473.840371,381890.236585,0,730
328439.166104,381821.548138,0,596
328472.202476,381832.155374,0,730
328571.833441,381703.800457,0,730
328279.700295,381723.673069,0,117
328251.647804,381886.32068,0,327
328424.500502,381884.005256,0,730
328315.146276,381712.657006,0,474
328693.581789,381714.532463,0,61
328302.319636,381884.603538,0,327
328680.9978,381723.979962,0,730
328466.076617,381730.667505,0,605
328606.707321,381776.168234,0,730
328172.378482,381804.464735,0,730
328236.717202,381680.287154,0,380
328410.410781,381882.763239,0,730
328189.304055,381742.208982,0,702
328320.105546,381799.544161,0,172
328419.009748,381777.040278,0,730
328238.330493,381886.682548,0,730
328655.500472,381825.55491,0,730
328525.098494,381791.54136,0,274
328137.1331,381642.566179,0,730
328340.416333,381733.714023,0,730
328215.942081,381654.78344,0,730
328248.206921,381703.099801,0,730
328134.493667,381892.132057,0,730
328259.579244,381911.086717,0,264
328116.847328,381831.802331,0,730
328376.644753,381872.554684,0,449
328427.12221,381890.390569,0,495
328068.235589,381829.741695,0,730
328486.11267,381750.729257,0,683
328183.563665,381767.995192,0,716
328610.190944,381766.134425,0,532
328673.416976,381772.206106,0,515
328130.182335,381672.240143,0,240
328096.129429,381742.906319,0,108
328407.611099,381939.684192,0,655
328290.157788,381756.809492,0,730
328678.620413,381715.068159,0,571
328647.16957,381699.877543,0,730
328481.089882,381885.65603,0,730
328647.722786,381715.115303,0,730
328771.626958,381769.22133,0,513
328442.802217,381662.699124,0,493
328557.818336,381783.363024,0,730
328244.638628,381665.311743,0,700
328452.184448,381834.258086,0,730
328785.240777,381818.426758,0,730
328661.454672,381817.580653,0,722
328436.824493,381672.913762,0,730
328516.493847,381854.125638,0,370
328190.264809,381813.563143,0,652
328308.221657,381814.737699,0,730
328241.766066,381835.480604,0,730
328461.437529,381862.953343,0,730
328347.048479,381918.611312,0,447
328329.499993,381776.381649,0,221
328660.398814,381780.208998,0,597
328119.788827,381737.958755,0,730
328339.628002,381717.78878,0,730
328631.946897,381718.4418,0,325
328730.974807,381762.664045,0,464
328553.790277,381745.610006,0,110
328363.479921,381752.101503,0,605
328411.596999,381706.218392,0,730
328511.840881,381674.758295,0,617
328260.939575,381828.355922,0,662
328607.625792,381715.430437,0,668
328472.462297,381700.831136,0,239
328136.210737,381746.854288,0,121
328391.941765,381710.359148,0,312
328506.173174,381871.716954,0,730
328453.391041,381901.492302,0,730
328298.717174,381682.433613,0,730
328480.256938,381698.596852,0,413
328175.906424,381776.796008,0,730
328454.034074,381715.930195,0,317
328343.176138,381812.696535,0,730
328337.003727,381817.915538,0,340
328641.280096,381842.262982,0,730
328406.180607,381824.946446,0,672
328297.36183,381914.814136,0,420
328212.779994,381877.7637,0,730
328473.003498,381705.539279,0,376
328749.575813,381813.507841,0,215
328505.921417,381801.863098,0,156
328617.034173,381733.340889,0,730
328346.973341,381923.777278,0,730
328505.240214,381722.99887,0,681
328706.613577,381841.673949,0,445
328146.578808,381756.957968,0,542
328234.270462,381767.487843,0,730
328241.699434,381868.555802,0,730
328107.061409,381890.66546,0,730
328301.213918,381713.728011,0,694
328432.910494,381719.901719,0,686
328215.030806,381747.553095,0,730
328365.60279,381801.821448,0,357
328652.197787,381753.646506,0,652
328401.1928,381744.471521,0,476
328749.869083,381794.621676,0,564
328287.670265,381800.937086,0,730
328410.238836,381802.535894,0,730
328135.921246,381829.479422,0,730
328729.01673,381752.61532,0,730
328685.042133,381694.515561,0,730
328261.785382,381887.607839,0,730
328492.430062,381840.336363,0,730
328742.148902,381811.303446,0,339
328270.481688,381696.410861,0,481
328423.819854,381723.492853,0,265
328680.687512,381766.052011,0,730
328325.64461,381749.96205,0,730
328403.825458,381858.790528,0,730
328356.725346,381904.765536,0,433
328285.042256,381867.74657,0,730
328705.71949,381790.878058,0,730
328491.026505,381732.301347,0,730
328684.083223,381713.793809,0,730
328381.294406,381748.11421,0,576
328511.447836,381768.076473,0,366
328417.967051,381926.028673,0,640
328294.852067,381807.73544,0,506
328450.684616,381727.735721,0,730
328583.147598,381811.110994,0,730
328475.348086,381858.288026,0,568
328114.269199,381699.043762,0,730
328350.375985,381794.337154,0,730
328087.846769,381706.659419,0,724
328563.98165,381700.619803,0,495
328502.341011,381798.596383,0,730
328090.796818,381782.582584,0,730
328431.575943,381753.665359,0,346
328575.006968,381777.456347,0,730
328521.592111,381800.451617,0,411
328201.395109,381788.976981,0,730
328500.531359,381858.578233,0,730
328444.542048,381703.209675,0,713
328330.861493,381822.003453,0,730
328236.484702,381711.415207,0,114
328140.506155,381890.766705,0,283
328540.634098,381837.779922,0,544
328414.434424,381879.109565,0,730
328136.883159,381636.045109,0,337
328083.105478,381766.51682,0,730
328246.656256,381719.112379,0,730
328222.954816,381690.782089,0,730
328455.855557,381756.769559,0,730
328182.632398,381824.376879,0,730
328317.603115,381897.739081,0,409
328096.673525,381902.216463,0,730
328617.485243,381684.788066,0,698
328484.483787,381804.317002,0,174
328616.751715,381839.754912,0,678
328224.990013,381887.191528,0,730
328314.439802,381700.702333,0,730
328681.928496,381814.807775,0,730
328252.390227,381793.481701,0,566
328590.657415,381822.525997,0,332
328508.816448,381727.456266,0,255
328263.08315,381755.191376,0,393
328640.441417,381765.668641,0,666
328228.137851,381661.054343,0,730
328485.901683,381770.614178,0,730
328798.73985,381785.208335,0,730
328158.544907,381672.508993,0,730
328317.21612,381852.273223,0,137
328621.084651,381849.895741,0,341
328402.07233,381903.300528,0,282
328189.119262,381863.312282,0,730
328123.438336,381665.544369,0,192
328603.978204,381740.085976,0,730
328272.081121,381779.098179,0,730
328413.082001,381886.934884,0,730
328637.192355,381741.615393,0,670
328203.979033,381699.766738,0,150
328128.881254,381709.103301,0,410
328612.936837,381797.943183,0,403
328527.719866,381763.024815,0,450
328777.852941,381849.713354,0,730
328330.777962,381857.990538,0,602
328533.424282,381769.916542,0,730
328297.503362,381689.757219,0,305
328259.389003,381849.119533,0,292
328711.33867,381847.068305,0,730
328368.537108,381890.878471,0,48
328159.587188,381748.195534,0,730
328245.851424,381845.062916,0,730
328485.411765,381794.77946,0,44
328779.285099,381812.885252,0,203
328644.159717,381684.693063,0,730
328341.71376,381756.319628,0,728
328301.792313,381707.897656,0,209
328307.048852,381786.248856,0,726
328419.53217,381814.746172,0,730
328406.258829,381801.929007,0,730
328234.487241,381867.677863,0,143
328203.150773,381667.554297,0,510
328061.819555,381841.117778,0,331
328127.873997,381883.865049,0,730
328330.504366,381768.26867,0,730
328458.59912,381855.992837,0,545
328398.092482,381829.582799,0,463
328627.841079,381693.211564,0,76
328448.15044,381889.149914,0,730
328361.642799,381745.825535,0,486
328107.898833,381844.805056,0,157
328213.704734,381861.552815,0,94
328227.259602,381852.734193,0,604
328646.843688,381756.298354,0,730
328200.94751,381761.25871,0,695
328697.344443,381801.22021,0,708
328738.503873,381858.915776,0,92
328237.496804,381836.363022,0,684
328213.129225,381875.026222,0,730
328392.028166,381738.14453,0,285
328488.225813,381785.204025,0,730
328342.701592,381736.471657,0,510
328465.460391,381754.960454,0,320
328205.486538,381824.019242,0,475
328348.331746,381727.239559,0,270
328527.658771,381681.699789,0,261
328487.214758,381743.200488,0,730
328293.456523,381785.084004,0,730
328665.086028,381695.73972,0,95
328541.349709,381716.713943,0,730
328434.666188,381803.56296,0,730
328126.591933,381687.015242,0,478
328256.093497,381889.572888,0,730
328290.264491,381687.065341,0,423
328382.718514,381703.612209,0,182
328224.735225,381829.992638,0,730
328464.863664,381665.161319,0,730
328067.73412,381768.533489,0,122
328162.070915,381676.887037,0,730
328519.43942,381800.129862,0,392
328659.008574,381814.030871,0,730
328454.61973,381885.028788,0,730
328415.456775,381743.611611,0,211
328463.396375,381797.587626,0,586
328283.685931,381738.565353,0,351
328503.714366,381660.888444,0,730
328062.988828,381710.363645,0,730
328099.345178,381704.123229,0,103
328762.911658,381736.097128,0,730
328291.04173,381760.83441,0,730
328741.293935,381779.094756,0,730
328235.697141,381866.927274,0,730
328252.382361,381700.62357,0,730
328248.973746,381865.229012,0,532
328690.851081,381782.545549,0,730
328661.398458,381703.182872,0,491
328207.450003,381751.946211,0,730
328099.853434,381858.06759,0,285
328364.134857,381757.536301,0,270
328427.739669,381674.232457,0,454
328606.337632,381725.384946,0,625
328743.906884,381744.935743,0,730
328349.896909,381906.438399,0,674
328238.259418,381808.816251,0,5
328576.417805,381816.222843,0,730
328302.642918,381912.175515,0,163
328679.323036,381853.791393,0,730
328072.798433,381886.84482,0,730
328727.002273,381817.849885,0,325
328621.44426,381840.384695,0,730
328338.070364,381921.378724,0,694
328518.079978,381729.588066,0,682
328327.784109,381763.586691,0,630
328154.364054,381669.874145,0,175
328393.113471,381859.086031,0,441
328482.533496,381732.577992,0,673
328722.610933,381801.888484,0,730
328542.465626,381777.638668,0,131
328674.600326,381737.717325,0,512
328504.457597,381799.656969,0,469
328247.242181,381674.374079,0,730
328708.084347,381780.362145,0,730
328598.586088,381715.347944,0,730
328614.87092,381825.076493,0,385
328452.64457,381842.763307,0,730
328210.710508,381664.46123,0,730
328158.5192,381633.518382,0,730
328456.354301,381728.984674,0,322
328240.98346,381692.875901,0,251
328473.057887,381669.854983,0,730
328121.973438,381712.686507,0,641
328288.917732,381732.445274,0,203
328392.357681,381898.365457,0,730
328530.562649,381788.283548,0,730
328368.179355,381870.221941,0,730
328303.540073,381702.091229,0,166
328497.134738,381749.504428,0,267
328413.455639,381873.357683,0,730
328393.434071,381878.437789,0,391
328455.519651,381758.789264,0,730
328146.486373,381700.058502,0,730
328358.439487,381706.032865,0,162
328244.752062,381690.320332,0,730
328088.001225,381903.493858,0,730
328502.20563,381858.139746,0,730
328650.56073,381818.967558,0,294
328067.997711,381766.492321,0,525
328386.078488,381786.358099,0,730
328717.363032,381857.195772,0,730
328308.25453,381908.969179,0,296
328467.270591,381852.629748,0,730
328109.909876,381791.479175,0,730
328379.923299,381835.784622,0,664
328393.362996,381814.758442,0,600
328195.866286,381769.142362,0,730
328080.465725,381811.772004,0,730
328297.263493,381932.244324,0,730
328432.504018,381838.846859,0,730
328090.880467,381905.660035,0,730
328216.884695,381729.962332,0,730
328698.491926,381700.173557,0,291
328369.538713,381819.844686,0,628
328632.942158,381803.154596,0,730
328733.185206,381841.320574,0,508
328456.288901,381767.141447,0,730
328450.2468,381667.178131,0,730
328746.270974,381764.563039,0,663
328326.947873,381878.997394,0,730
328304.834591,381713.714823,0,730
328538.443602,381682.338042,0,201
328113.403187,381675.596464,0,247
328555.231061,381687.330481,0,529
328205.43084,381761.07002,0,730
328284.052705,381874.999086,0,139
328513.294152,381833.327916,0,563
328379.029861,381824.435194,0,730
328227.959432,381794.372574,0,648
328505.257779,381708.449826,0,730
328174.150502,381788.959753,0,451
328275.319536,381825.042509,0,730
328285.96676,381841.019979,0,554
328702.488885,381704.304872,0,606
328271.082366,381802.392788,0,730
328478.877475,381823.751275,0,186
328493.934282,381762.925925,0,590
328297.654358,381718.020005,0,53
328498.12162,381820.735134,0,322
328727.751851,381737.111931,0,578
328320.401326,381805.981704,0,69
328357.066225,381877.573094,0,730
328660.568986,381786.712461,0,730
328721.925233,381809.772913,0,459
328303.717794,381673.475814,0,235
328389.025246,381835.914224,0,676
328717.209846,381844.126541,0,730
328167.245049,381875.640758,0,730
328302.117164,381875.104407,0,730
328440.631355,381876.448442,0,454
328740.990653,381771.379703,0,730
328346.155745,381856.032378,0,730
328479.904574,381695.105987,0,730
328254.573847,381744.082236,0,489
328382.014221,381886.479443,0,730
328256.260257,381879.318768,0,104
328146.241116,381828.548621,0,730
328117.957593,381766.009972,0,378
328752.671099,381855.384876,0,660
328477.22362,381839.469278,0,360
328067.930453,381812.498288,0,730
328581.075607,381852.148337,0,730
328383.667293,381800.169396,0,599
328405.849498,381718.534721,0,730
328108.649925,381726.34917,0,730
328803.224537,381793.366848,0,730
328444.345193,381914.627422,0,582
328097.527087,381747.378165,0,496
328234.251573,381738.19028,0,730
328236.753233,381800.375509,0,730
328512.83951,381794.581065,0,730
328327.568312,381831.744017,0,730
328371.248967,381807.762545,0,730
328236.868988,381837.598815,0,730
328411.718112,381803.726997,0,729
328085.684247,381798.372719,0,730
328658.245188,381740.851717,0,730
328571.588034,381721.8754,0,634
328338.147768,381940.716678,0,284
328498.807424,381859.50182,0,730
328769.142962,381817.592515,0,702
328187.409196,381875.247638,0,685
328113.144963,381897.902691,0,407
328534.448854,381793.277956,0,730
328741.287243,381749.044104,0,719
328652.405337,381819.311501,0,366
328759.404913,381730.899537,0,634
328300.101689,381701.448091,0,730
328436.398087,381853.730278,0,711
328265.76374,381675.341334,0,730
328169.175471,381788.551387,0,730
328390.677989,381854.377369,0,212
328170.1593,381674.369741,0,730
328145.455319,381825.352581,0,228
328655.274555,381783.250604,0,22
328470.8169,381852.459858,0,575
328297.582201,381814.897894,0,730
328773.959827,381850.916327,0,730
328702.459824,381717.9316,0,84
328637.971816,381830.260964,0,730
328394.605594,381936.206933,0,730
328331.311485,381809.504306,0,730
328339.900369,381898.563235,0,730
328705.404651,381723.073891,0,730
328319.729199,381910.736091,0,664
328600.104547,381841.873813,0,730
328458.528254,381804.873703,0,701
328230.296323,381815.711464,0,199
328555.921189,381827.279668,0,730
328352.379407,381891.08785,0,730
328813.579713,381763.889827,0,730
328571.352773,381726.809337,0,51
328705.004426,381858.417533,0,730
328492.030156,381698.459189,0,730
328425.216682,381787.817141,0,730
328125.264171,381662.03134,0,439
328405.171634,381799.370998,0,566
328379.166163,381769.177836,0,659
328303.458657,381827.407524,0,730
328475.160311,381815.977494,0,6
328460.289221,381736.266954,0,730
328731.449191,381864.411225,0,631
328339.475914,381879.132408,0,357
328457.240417,381888.133818,0,730
328746.487234,381802.34178,0,730
328434.011091,381708.358391,0,730
328398.148083,381883.409891,0,12
328329.532439,381830.128383,0,462
328179.491361,381770.269365,0,730
328742.29939,381836.198468,0,730
328371.042178,381780.915156,0,119
328077.747046,381836.909127,0,157
328122.318918,381856.53444,0,730
328732.99512,381711.390575,0,390
328395.933136,381773.782372,0,353
328588.287061,381771.271411,0,730
328716.578411,381792.33778,0,675
328468.703803,381786.361497,0,730
328365.553463,381818.338457,0,730
328109.308966,381739.583199,0,730
328327.194515,381925.929872,0,498
328617.023193,381762.894998,0,610
328398.528236,381849.971916,0,730
328632.999026,381829.887021,0,730
328380.873571,381721.122024,0,730
328595.463729,381741.72635,0,730
328632.390776,381798.964707,0,673
328683.082472,381803.383593,0,730
328237.332751,381723.226448,0,716
328736.66101,381839.78744,0,730
328134.926925,381791.822974,0,730
328484.242168,381701.518289,0,88
328571.554408,381802.110419,0,636
328559.798913,381706.026598,0,730
328499.085771,381715.574367,0,730
328549.339276,381782.318067,0,730
328310.3586,381776.319285,0,252
328413.559225,381926.196733,0,730
328080.498173,381786.96686,0,417
328431.941384,381835.716496,0,730
328626.180644,381717.295848,0,730
328462.151484,381853.398727,0,730
328741.009331,381829.296255,0,730
328201.955056,381863.957708,0,730
328494.035126,381822.557832,0,730
328576.852456,381676.388254,0,730
328387.211596,381923.938713,0,730
328291.740663,381759.382152,0,9
328092.736211,381841.268712,0,730
328227.339707,381707.627965,0,730
328417.961974,381925.526741,0,730
328574.867683,381708.400283,0,34
328806.551571,381752.062308,0,24
328197.138243,381692.883986,0,692
328444.527157,381691.564735,0,730
328132.161631,381714.885874,0,730
328133.165059,381881.384091,0,445
328438.904085,381787.843433,0,730
328269.284804,381706.083226,0,624
328145.144725,381765.158348,0,730
328758.793617,381736.989596,0,730
328405.206833,381853.361587,0,730
328178.28373,381773.604356,0,492
328245.193346,381697.650655,0,730
328392.582236,381874.233797,0,670
328473.743726,381728.127318,0,730
328090.271613,381849.305448,0,730
328676.072009,381704.636902,0,563
328636.145928,381812.896086,0,222
328537.51996,381702.843231,0,165
328755.78079,381815.15963,0,730
328081.1082,381773.111978,0,509
328137.364861,381639.402592,0,379
328513.866151,381833.264677,0,730
328075.996027,381756.298853,0,234
328535.591347,381692.337874,0,657
328205.141622,381744.832037,0,730
328507.149584,381697.37085,0,730
328246.063125,381805.281593,0,92
328741.161735,381783.154423,0,623
328371.769723,381748.245749,0,354
328369.516433,381891.839419,0,234
328522.505505,381838.13692,0,334
328743.099839,381849.952563,0,730
328311.890219,381912.968998,0,214
328488.651341,381664.01658,0,621
328088.570628,381690.119659,0,665
328541.529137,381765.109691,0,413
328483.933513,381731.191369,0,730
328367.489512,381871.271307,0,334
328067.196552,381799.20138,0,730
328762.32845,381733.636553,0,328
328444.687652,381790.0922,0,730
328605.393517,381785.436515,0,730
328280.896334,381836.143967,0,730
328327.900487,381890.918633,0,585
328198.760343,381766.729138,0,395
328363.625933,381829.78934,0,730
328398.487895,381754.991105,0,48
328653.789399,381686.209459,0,553
328291.82693,381680.204187,0,730
