329815.346495,385334.190627,0,730
330003.276137,385198.630846,0,730
330063.940626,385203.461477,0,730
329838.257418,385216.578226,0,730
329944.204905,385086.509499,0,730
329802.444984,385410.464967,0,730
329794.177452,385140.838136,0,730
329904.259237,385375.862122,0,730
329974.650815,385203.589078,0,730
329930.13763,385146.148193,0,730
329883.574792,385170.460097,0,730
330145.746155,385026.606873,0,730
330130.128551,385204.393856,0,730
329941.496718,385136.204796,0,730
330068.86875,385231.842569,0,730
329841.539367,385354.410008,0,730
329830.324142,385156.225146,0,730
329930.10304,385154.572995,0,730
329983.485674,385177.305296,0,730
329942.457373,385113.010887,0,730
329882.103787,385266.743279,0,730
329991.238801,385213.311338,0,730
330096.84274,385051.89166,0,730
329895.623036,385202.700991,0,730
330211.459957,385164.667049,0,730
330049.702703,385087.81983,0,730
330075.85657,385124.255409,0,730
329968.60197,385093.824443,0,730
329893.74204,385157.949687,0,730
329899.818715,385129.099728,0,730
329988.197782,385224.962063,0,730
330181.249697,385185.411346,0,730
330169.759255,385095.833519,0,730
329981.485358,385089.395348,0,730
329980.613509,385163.511125,0,730
329929.095514,385312.887238,0,730
330079.706616,385147.358841,0,730
329828.872392,385382.349575,0,730
330113.654616,385067.96529,0,730
329908.510754,385144.488101,0,730
330133.054449,385075.694703,0,730
329989.149541,385165.592431,0,730
329982.231471,385162.217899,0,730
329974.023789,385117.781659,0,730
330087.190389,385152.453577,0,730
329795.800027,385394.388753,0,730
330179.309882,385072.892313,0,730
330171.000207,385068.198691,0,730
329935.179687,385280.662071,0,730
329851.971867,385350.497331,0,730
329911.327011,385089.703228,0,730
330030.203552,385280.614935,0,730
330027.746743,385200.317353,0,730
329987.167989,385149.53841,0,730
329897.692716,385371.397146,0,730
329945.918456,385195.158288,0,730
329897.760165,385182.902338,0,730
329843.773589,385144.776702,0,730
329794.73,385360.843489,0,730
330048.855684,385100.759888,0,730
330068.686919,385129.820024,0,730
330033.489859,385091.035338,0,730
329968.8225,385213.046919,0,730
329953.083683,385262.835936,0,730
329768.8241,385367.580042,0,730
330111.376421,385160.000194,0,730
329918.438889,385335.481719,0,730
329949.42893,385181.050234,0,730
330162.738553,385196.090971,0,730
329887.365432,385236.920531,0,730
330162.287911,385088.309902,0,730
330134.632428,385105.076394,0,730
329910.660992,385185.097906,0,730
329890.05116,385160.610088,0,730
329796.60958,385146.66484,0,730
329857.119907,385373.317669,0,730
329985.860332,385081.567764,0,730
329787.385495,385408.008863,0,730
330167.18379,385193.472389,0,730
329960.009693,385172.782254,0,730
329979.142298,385133.463087,0,730
330125.067956,385193.870917,0,730
329854.638577,385171.997557,0,730
330094.640437,385201.63065,0,730
329801.689717,385322.313034,0,730
329938.234552,385359.957925,0,730
330035.8225,385118.805031,0,730
330110.627705,385169.315327,0,730
329797.413808,385385.754595,0,730
329786.636823,385366.692406,0,730
329949.497862,385209.027151,0,730
330091.485159,385153.36663,0,730
330088.13602,385205.91219,0,730
329985.276594,385146.230625,0,730
330076.05406,385219.995925,0,730
329910.622219,385246.38131,0,730
329982.206493,385276.724603,0,730
329881.392826,385392.056182,0,730
330136.051954,385046.07268,0,730
330043.402144,385121.98921,0,730
329929.976668,385308.467876,0,730
329961.490668,385125.828495,0,730
330045.220511,385219.960667,0,730
330134.629472,385185.137971,0,730
329951.707344,385172.804901,0,730
329922.3246,385275.710028,0,730
329829.201707,385382.438924,0,730
330173.729611,385173.216515,0,730
330148.042626,385158.260019,0,730
330028.246058,385284.521919,0,730
329883.76552,385235.029206,0,730
330162.293886,385203.431973,0,730
329869.900273,385248.568207,0,730
330064.728539,385245.551903,0,730
330057.067471,385252.974496,0,730
330054.451587,385176.103405,0,730
330042.516912,385184.317661,0,730
329818.243101,385199.225993,0,730
330186.681936,385164.868326,0,730
329824.923882,385202.624715,0,730
329869.921825,385276.445068,0,730
330035.407802,385110.287411,0,730
329877.393608,385204.483961,0,730
329946.953278,385308.625284,0,730
330134.835459,385037.639828,0,730
330142.702312,385156.683488,0,730
329879.713005,385249.089691,0,730
330000.68239,385273.771489,0,730
329908.127607,385135.023601,0,730
329826.470344,385191.314233,0,730
329884.291169,385250.641597,0,730
329917.023635,385324.891574,0,730
329869.335757,385110.087505,0,730
329857.045183,385371.082637,0,730
330119.626562,385186.080794,0,730
329836.788979,385203.597902,0,730
330095.533836,385071.546534,0,730
329838.751252,385393.192209,0,730
330001.436311,385209.209116,0,730
330011.589553,385324.194745,0,730
330050.773475,385300.591066,0,730
330050.659146,385085.257744,0,730
330095.756415,385034.299648,0,730
329967.313688,385333.652509,0,730
329826.858015,385377.811866,0,730
329959.624009,385096.765252,0,730
329916.266273,385195.980981,0,730
330157.330775,385040.964541,0,730
329988.797667,385238.910489,0,730
330092.314294,385148.079785,0,730
330026.203977,385107.915372,0,730
329994.644743,385192.360006,0,730
329926.466601,385273.048997,0,730
329826.178176,385354.900332,0,730
329969.805413,385283.842457,0,730
329906.185928,385283.778835,0,730
330036.586174,385079.29952,0,730
330211.61684,385192.458833,0,730
330120.521801,385177.860158,0,730
329939.443261,385244.505901,0,730
329825.854526,385175.5483,0,730
330098.514703,385049.356336,0,730
329830.144438,385119.1865,0,730
330080.877858,385099.059543,0,730
329923.228581,385142.87925,0,730
330156.776324,385233.227851,0,730
329802.883042,385414.658563,0,730
329988.713591,385192.198797,0,730
329783.2257,385336.890972,0,730
330196.075897,385168.146118,0,730
329817.409204,385322.219731,0,730
329938.304461,385134.759466,0,730
329954.58537,385236.698304,0,730
329988.942549,385069.096078,0,730
330192.633866,385217.337533,0,730
329952.501946,385155.151678,0,730
329903.791238,385131.999479,0,730
329858.228503,385151.455139,0,730
329863.217843,385118.688215,0,730
330106.410982,385040.704988,0,730
329825.219631,385328.31389,0,730
330109.518981,385203.253156,0,730
330066.257321,385191.61684,0,730
330024.744131,385114.540116,0,730
329787.311946,385406.052772,0,730
330078.900219,385238.287082,0,730
329990.428215,385160.743597,0,730
330046.569701,385141.550016,0,730
330079.544486,385086.00039,0,730
329886.354532,385196.22043,0,730
329917.891013,385099.604462,0,730
330026.503183,385141.053655,0,730
330147.708207,385180.14735,0,730
330006.928869,385074.079247,0,730
330071.149884,385087.821541,0,730
330090.540479,385251.335552,0,730
330007.16341,385157.466022,0,730
329839.797671,385154.069387,0,730
329893.949998,385193.033202,0,730
329961.917834,385174.3177,0,730
329895.524362,385191.319915,0,730
329857.806981,385390.757615,0,730
329836.969813,385146.316588,0,730
329851.260205,385272.98137,0,730
330051.601757,385145.706336,0,730
329802.869879,385135.003257,0,730
329922.670356,385133.835069,0,730
330156.70591,385227.04196,0,730
330109.365631,385276.857878,0,730
330050.659815,385118.284031,0,730
330147.152732,385029.522757,0,730
329931.807032,385337.809339,0,730
330136.427507,385088.868036,0,730
330128.434777,385131.521675,0,730
329848.234827,385163.766888,0,730
330163.140948,385056.610656,0,730
329883.566791,385204.375599,0,730
329987.875898,385102.786038,0,730
330115.292524,385204.192654,0,730
330028.976173,385100.407947,0,730
330033.463351,385212.803058,0,730
330161.190394,385252.390459,0,730
330074.241587,385238.203252,0,730
330115.986261,385187.494117,0,730
329772.799055,385396.078906,0,730
330140.501229,385125.027229,0,730
329953.315402,385361.776269,0,730
329957.965915,385356.888378,0,730
329968.741093,385223.303997,0,730
329769.075175,385377.320882,0,730
329877.748271,385132.321538,0,730
329788.10203,385388.565634,0,730
329923.577966,385228.537071,0,730
330162.724649,385245.45615,0,730
329854.083152,385385.916641,0,730
329899.146462,385300.396974,0,730
329839.483243,385203.963512,0,730
329789.556415,385364.343979,0,730
330128.761594,385118.425937,0,730
329830.964745,385366.275866,0,730
329954.946473,385351.617627,0,730
330060.180627,385175.293911,0,730
330032.257146,385289.190258,0,730
330132.893196,385193.189259,0,730
330036.392508,385238.431917,0,730
330070.341403,385180.883031,0,730
330187.76298,385211.067749,0,730
329927.411338,385166.858771,0,730
330148.659902,385244.344877,0,730
330152.635386,385245.757058,0,730
330039.073639,385268.84589,0,730
329899.348143,385179.015731,0,730
329915.877196,385374.659148,0,730
329935.894137,385267.933896,0,730
330143.804295,385093.815974,0,730
329976.729616,385261.534413,0,730
330173.440489,385176.509975,0,730
330065.50899,385284.757234,0,730
330158.872422,385090.815273,0,730
329909.35659,385157.033852,0,730
330069.839111,385192.766419,0,730
329868.393388,385113.364029,0,730
329879.739797,385239.252509,0,730
329833.695952,385348.423427,0,730
329903.954816,385128.85394,0,730
329848.629187,385124.91411,0,730
330130.140069,385201.700672,0,730
329997.216838,385121.852597,0,730
329913.00614,385222.10527,0,730
329881.751976,385214.018093,0,730
329969.287914,385099.128141,0,730
330105.258927,385234.946404,0,730
329990.36544,385237.112044,0,730
330215.480794,385168.403503,0,730
329974.756364,385334.518123,0,730
330159.757854,385236.176025,0,730
329922.521523,385242.850881,0,730
329900.707385,385272.897597,0,730
330089.624023,385072.190688,0,730
330129.060651,385104.030936,0,730
329932.066135,385165.920704,0,730
329939.391713,385179.589428,0,730
329773.139885,385360.526542,0,730
329862.927381,385136.15893,0,730
329796.604148,385384.657324,0,730
329767.448238,385382.914979,0,730
330125.721244,385110.140397,0,730
329913.690787,385142.426952,0,730
329982.178335,385088.569726,0,730
330096.781421,385229.898692,0,730
329923.50643,385267.605111,0,730
330160.562767,385078.682359,0,730
329908.371972,385200.946946,0,730
330186.083826,385159.984845,0,730
329838.34163,385350.562549,0,730
329948.562021,385213.725266,0,730
330163.386045,385110.687895,0,730
329824.756123,385388.398973,0,730
329853.791166,385349.102284,0,730
329865.794669,385245.236668,0,730
329916.744639,385190.710633,0,730
329858.729555,385336.182907,0,730
330155.563152,385076.822994,0,730
330019.728471,385233.809614,0,730
329970.695683,385293.239552,0,730
329826.061194,385375.494217,0,730
330036.696022,385177.877585,0,730
330154.589569,385052.913882,0,730
330148.824906,385187.93695,0,730
329864.010623,385192.223603,0,730
330095.494933,385104.903437,0,730
330152.969085,385189.445307,0,730
330145.19782,385100.712822,0,730
330115.565905,385113.913831,0,730
329882.626901,385250.495663,0,730
330160.741376,385027.317298,0,730
329846.130225,385236.372338,0,730
329890.438395,385199.813651,0,730
329854.888428,385216.604063,0,730
330084.586446,385262.179303,0,730
329964.564003,385077.275581,0,730
330102.859814,385056.042873,0,730
329964.859936,385124.275251,0,730
329919.835382,385286.432442,0,730
329965.865496,385136.822918,0,730
330173.030204,385170.906227,0,730
330213.906833,385190.539392,0,730
330005.89332,385123.925793,0,730
330081.46841,385226.915702,0,730
330132.182383,385072.376674,0,730
330043.766092,385294.213436,0,730
330045.485828,385285.654442,0,730
330112.943297,385205.721385,0,730
330012.99163,385102.383407,0,730
329885.652937,385158.556921,0,730
329982.089516,385265.967328,0,730
329770.40656,385339.144484,0,730
330159.839582,385178.778804,0,730
330042.917231,385063.835007,0,730
329879.24068,385355.948172,0,730
329936.984997,385366.359916,0,730
330144.485205,385103.030693,0,730
330033.794882,385227.732258,0,730
329922.546359,385093.803174,0,730
330085.762647,385101.250735,0,730
330043.507345,385105.687948,0,730
329797.13959,385160.320101,0,730
329901.908867,385333.302322,0,730
329977.955605,385101.883224,0,730
329939.861821,385322.499262,0,730
329964.284038,385101.084544,0,730
330072.720045,385205.156333,0,730
329873.151216,385125.511314,0,730
330185.826876,385235.356564,0,730
330143.619857,385049.777514,0,730
329912.265716,385132.779729,0,730
330159.744986,385080.773728,0,730
329919.019843,385163.903226,0,730
329959.245167,385337.711448,0,730
329936.936746,385362.765008,0,730
329856.8921,385269.608839,0,730
330216.483743,385173.24816,0,730
329862.430052,385333.298642,0,730
330071.88187,385114.545817,0,730
329859.532576,385213.965197,0,730
330176.937956,385164.409128,0,730
329901.71458,385300.898461,0,730
329781.431073,385406.664743,0,730
329943.64797,385176.322047,0,730
330012.061345,385131.350677,0,730
330057.169042,385069.147179,0,730
330043.592289,385101.460986,0,730
329975.385674,385307.927211,0,730
329912.877418,385125.551234,0,730
330124.258148,385170.023766,0,730
329964.448887,385262.692904,0,730
329804.543939,385158.94806,0,730
329914.096225,385157.898569,0,730
329899.506781,385242.581637,0,730
330062.324158,385206.575739,0,730
330180.94313,385196.224893,0,730
329940.953003,385085.895783,0,730
329917.744182,385176.297522,0,730
329921.330371,385241.71579,0,730
330109.812079,385069.422457,0,730
329910.517729,385098.657872,0,730
329937.518743,385182.56385,0,730
329866.50472,385208.220914,0,730
329902.106798,385352.440084,0,730
329792.427292,385404.606918,0,730
330139.707974,385226.774247,0,730
330177.818756,385217.934448,0,730
329869.787851,385370.146689,0,730
329860.377663,385283.120504,0,730
329953.116464,385242.881035,0,730
329980.934092,385109.397222,0,730
330066.077481,385173.253274,0,730
329893.057478,385219.429397,0,730
330056.511632,385129.916942,0,730
329951.899552,385177.649734,0,730
329941.967246,385114.194595,0,730
329995.252068,385311.501011,0,730
330093.43404,385108.478027,0,730
330027.5011,385306.476762,0,730
330080.815332,385097.237103,0,730
330061.881101,385222.57798,0,730
330209.083883,385220.592499,0,730
329806.46882,385128.652833,0,730
330162.604884,385172.66505,0,730
329913.329785,385092.816467,0,730
330058.505534,385174.91549,0,730
329941.889045,385087.296215,0,730
329792.492915,385361.215693,0,730
329906.343512,385206.393445,0,730
329884.036086,385238.060373,0,730
330056.764306,385094.334169,0,730
329989.814,385117.115221,0,730
330043.519924,385064.384707,0,730
329935.623568,385119.462022,0,730
329797.6913,385397.259385,0,730
330120.700314,385235.559354,0,730
330068.323171,385243.288608,0,730
329870.535711,385307.012906,0,730
330010.72104,385215.065165,0,730
329864.729402,385198.20196,0,730
329928.017966,385142.477877,0,730
330119.478,385097.870459,0,730
330169.169285,385176.608016,0,730
329825.85693,385329.304403,0,730
329987.001445,385272.545091,0,730
330164.534178,385145.208101,0,730
330183.985859,385156.458413,0,730
330138.110858,385229.345589,0,730
329867.197945,385263.089516,0,730
330156.414985,385064.430698,0,730
330136.968071,385261.857479,0,730
330062.819925,385292.950516,0,730
329814.982467,385335.703155,0,730
329918.364282,385217.988329,0,730
329810.109748,385356.36191,0,730
330026.267725,385158.73105,0,730
329869.516701,385234.77875,0,730
330154.737341,385231.18718,0,730
330017.968868,385131.84793,0,730
330061.089694,385053.142715,0,730
329821.729376,385396.061293,0,730
330186.022469,385111.49057,0,730
330157.019796,385083.569347,0,730
329819.893395,385311.461455,0,730
330139.181347,385248.6807,0,730
329999.020511,385128.451003,0,730
330118.607059,385192.668122,0,730
329807.620917,385325.750819,0,730
330003.305371,385273.244718,0,730
330171.803449,385188.49454,0,730
329993.778544,385128.705402,0,730
329909.209027,385336.133893,0,730
330059.649534,385296.848717,0,730
330159.11355,385056.217463,0,730
329987.115735,385329.902638,0,730
330053.199069,385138.449498,0,730
329995.615466,385185.121317,0,730
330034.12547,385217.074571,0,730
329954.299193,385156.307085,0,730
329952.383363,385325.90707,0,730
330004.742964,385277.222069,0,730
330048.260369,385238.37021,0,730
329833.473827,385118.194418,0,730
329872.794406,385125.558782,0,730
329807.106428,385305.943665,0,730
330117.491739,385244.360787,0,730
330007.594421,385317.345287,0,730
330013.958743,385157.705889,0,730
329882.757478,385357.102012,0,730
329941.546232,385121.593588,0,730
329953.77347,385330.391226,0,730
329955.422007,385146.548126,0,730
329877.949204,385191.633944,0,730
329975.184649,385114.76515,0,730
330028.405382,385064.959334,0,730
330149.016857,385036.891892,0,730
330085.487774,385284.155575,0,730
330019.924001,385098.153382,0,730
329976.031452,385142.236915,0,730
329937.959377,385261.843049,0,730
329758.664107,385353.078625,0,730
329988.02251,385296.18949,0,730
329879.235152,385323.170074,0,730
329916.052986,385114.637548,0,730
330070.558062,385126.086381,0,730
329968.359567,385105.280375,0,730
330106.56193,385114.691793,0,730
329870.79281,385392.517452,0,730
330115.062166,385116.809419,0,730
329850.48752,385375.441589,0,730
330183.162874,385110.906448,0,730
330021.667259,385161.151721,0,730
330095.205267,385075.85665,0,730
330031.581007,385097.067266,0,730
329869.114054,385217.779513,0,730
329839.909966,385166.019811,0,730
329972.508935,385265.307523,0,730
329828.215754,385352.832574,0,730
329817.80808,385183.173244,0,730
330147.747083,385240.162628,0,730
329880.37247,385274.011226,0,730
330109.661098,385201.353776,0,730
330172.072034,385205.011073,0,730
329938.257822,385206.042732,0,730
329766.172353,385372.056363,0,730
329915.055262,385334.46111,0,730
330128.975106,385046.79013,0,730
329908.443597,385331.58208,0,730
329899.314863,385302.923398,0,730
329880.945235,385375.369747,0,730
329782.408631,385330.208679,0,730
329911.427309,385175.306155,0,730
330104.254469,385177.634219,0,730
329915.632284,385158.329351,0,730
329793.075245,385382.842959,0,730
329862.086561,385336.283728,0,730
329840.551376,385219.815047,0,730
330182.092173,385101.79557,0,730
329832.838666,385309.237194,0,730
329871.672116,385349.484148,0,730
330095.641699,385185.237052,0,730
330014.93108,385278.940044,0,730
329827.66587,385114.914387,0,730
329840.586856,385384.893102,0,730
329801.04154,385125.608774,0,730
329968.187101,385138.024287,0,730
329752.757867,385346.165411,0,730
330117.004056,385100.111401,0,730
329921.892017,385222.789669,0,730
329948.765463,385096.820561,0,730
330065.590963,385181.891639,0,730
329898.778654,385105.457399,0,730
329839.48383,385389.547212,0,730
329940.112182,385171.440454,0,730
329794.046475,385376.736785,0,730
329906.600785,385157.887278,0,730
330011.035747,385277.682462,0,730
329866.505182,385333.80503,0,730
330080.438066,385193.238865,0,730
329850.709983,385404.945199,0,730
329965.617338,385321.869826,0,730
330056.112641,385110.698363,0,730
329839.686537,385220.930771,0,730
329873.811297,385404.675324,0,730
329898.227705,385191.238794,0,730
330085.99971,385191.704537,0,730
329864.625906,385320.072759,0,730
330111.033399,385051.357044,0,730
330052.00354,385250.526935,0,730
329980.715991,385199.278335,0,730
330056.042049,385070.279782,0,730
330010.911889,385134.595931,0,730
329836.14199,385410.252924,0,730
329817.30876,385356.331169,0,730
329858.036442,385146.875475,0,730
330091.052267,385281.766566,0,730
330082.687521,385221.979437,0,730
329876.463461,385232.549312,0,730
329823.056855,385190.363474,0,730
329898.956757,385345.534851,0,730
330037.076868,385237.073304,0,730
329931.226187,385279.104153,0,730
329867.374323,385301.206597,0,730
330023.59438,385121.801551,0,730
330020.755743,385168.705821,0,730
330056.478598,385057.062715,0,730
329987.728961,385183.354039,0,730
329891.975261,385233.24972,0,730
329844.600609,385343.320291,0,730
329794.501421,385312.56304,0,730
329954.461936,385208.566744,0,730
329916.499058,385114.407842,0,730
330087.293713,385094.484929,0,730
329979.015516,385233.217126,0,730
329973.502341,385122.343591,0,730
329831.060921,385126.527126,0,730
330165.442387,385156.47743,0,730
329848.161614,385215.659632,0,730
330053.849693,385163.309933,0,730
330027.681749,385195.85258,0,730
329879.359498,385230.475501,0,730
329992.592859,385138.104226,0,730
329955.673708,385125.147197,0,730
330139.313934,385046.609803,0,730
330002.725417,385062.845691,0,730
330089.864931,385043.870541,0,730
329998.169524,385278.094081,0,730
330068.078087,385247.728107,0,730
330011.970128,385190.80464,0,730
329926.253486,385272.889209,0,730
329868.289414,385237.237334,0,730
329858.226493,385158.499628,0,730
329967.762638,385189.457917,0,730
330099.533176,385263.97647,0,730
329959.317902,385132.80313,0,730
330165.721798,385149.308079,0,730
330206.833179,385161.808691,0,730
329898.147043,385311.120849,0,730
330079.874578,385132.406084,0,730
330104.756467,385279.547372,0,730
329843.709211,385137.618414,0,730
330186.427811,385207.793425,0,730
329915.14624,385194.964219,0,730
330132.98691,385110.746692,0,730
330086.311422,385283.011497,0,730
330154.072218,385159.65598,0,730
329976.248996,385081.710906,0,730
330025.962936,385127.958269,0,730
329853.027981,385252.62468,0,730
329851.248846,385393.489023,0,730
330110.326494,385158.519546,0,730
330182.344426,385244.554602,0,730
330052.816108,385241.897818,0,730
330079.597636,385204.314279,0,730
330173.855449,385226.366649,0,730
330196.178063,385139.907731,0,730
329839.642416,385191.242783,0,730
329887.337052,385396.759962,0,730
330053.072676,385088.885188,0,730
329892.031531,385194.730599,0,730
330122.72573,385214.917068,0,730
330176.284874,385223.114605,0,730
330098.087329,385190.20836,0,730
329814.517214,385392.070352,0,730
330026.725461,385148.498906,0,730
330061.086973,385286.873474,0,730
329944.116101,385193.048507,0,730
329888.038567,385205.43938,0,730
329951.662353,385259.2192,0,730
329831.86229,385305.956653,0,730
330055.64856,385154.349374,0,730
330007.865684,385314.885809,0,730
329893.616071,385115.330621,0,730
329962.530161,385074.932929,0,730
330177.5986,385195.60157,0,730
329888.459785,385133.869302,0,730
329798.812301,385384.823285,0,730
329827.977926,385373.000205,0,730
329989.70521,385294.004061,0,730
329859.100237,385158.195873,0,730
329993.796312,385100.97575,0,730
329788.786235,385384.074261,0,730
330135.144689,385125.338372,0,730
329948.871908,385098.746363,0,730
329862.848691,385128.469233,0,730
330154.461065,385165.031245,0,730
329775.514767,385373.074462,0,730
330073.062834,385112.938059,0,730
329879.877007,385205.280817,0,730
330073.983314,385045.996743,0,730
329924.449984,385111.840758,0,730
329864.273805,385384.814877,0,730
330014.69594,385309.000175,0,730
329995.319276,385207.100502,0,730
330160.603287,385145.011323,0,730
329922.879293,385263.794142,0,730
330014.483179,385198.145983,0,730
329834.010166,385163.112708,0,730
329954.27805,385106.530343,0,730
329996.035414,385162.594923,0,730
329852.798832,385185.038393,0,730
329881.916603,385334.97718,0,730
329810.251414,385381.386945,0,730
330201.794126,385158.44881,0,730
329989.981288,385077.093948,0,730
329895.969526,385357.702103,0,730
329951.20527,385186.252532,0,730
329950.947446,385143.802314,0,730
329865.847687,385239.18235,0,730
330057.275863,385146.980074,0,730
329896.982739,385397.573459,0,730
330104.355167,385269.055092,0,730
329982.668396,385084.436319,0,730
330166.353682,385124.43774,0,730
330170.018128,385139.109149,0,730
329872.958429,385295.978778,0,730
330011.052575,385103.317534,0,730
330071.132079,385244.316191,0,730
330173.62857,385108.659371,0,730
330050.445963,385092.092406,0,730
329995.184906,385239.817563,0,730
330184.228319,385109.540366,0,730
330067.137811,385281.305619,0,730
329852.59513,385153.010306,0,730
330175.5325,385106.628012,0,730
329853.402969,385315.499797,0,730
330057.55504,385139.839171,0,730
330216.093125,385221.432122,0,730
329811.566944,385399.700945,0,730
330058.189974,385129.362985,0,730
329881.130576,385127.638303,0,730
330062.158484,385254.34473,0,730
329812.571594,385165.757706,0,730
329909.138075,385278.176025,0,730
329818.166479,385312.536413,0,730
330208.240122,385157.653355,0,730
329773.834583,385336.24095,0,730
330120.890794,385263.718727,0,730
329917.274889,385150.513964,0,730
329943.428243,385164.088981,0,730
329858.591687,385151.485603,0,730
329913.115929,385276.818747,0,730
329796.016804,385142.5284,0,730
329926.16692,385346.028052,0,730
330041.009228,385278.673827,0,730
330072.745058,385095.372931,0,730
330146.540122,385019.893505,0,730
330097.113271,385100.540846,0,730
329802.026,385157.422294,0,730
330154.445033,385255.018832,0,730
330095.612851,385056.603337,0,730
330107.153731,385268.585013,0,730
329886.360106,385146.362695,0,730
330177.16796,385179.520989,0,730
329853.722849,385227.731166,0,730
330009.80354,385197.489017,0,730
329774.33409,385334.48974,0,730
330092.679786,385153.081633,0,730
329775.502794,385358.177985,0,730
330138.574835,385071.297232,0,730
329998.127536,385269.847656,0,730
329957.03363,385238.160536,0,730
329843.934252,385114.227452,0,730
330038.022487,385312.994261,0,730
330105.724029,385214.522243,0,730
330021.333942,385128.96224,0,730
329955.641364,385185.6113,0,730
329976.865212,385072.485704,0,730
329902.20939,385184.175755,0,730
330093.508589,385076.091435,0,730
329999.856228,385323.372135,0,730
329898.231998,385307.724733,0,730
329976.231873,385348.26506,0,730
329855.127971,385127.45431,0,730
330045.366236,385298.897854,0,730
329931.045183,385108.625089,0,730
329959.579153,385135.738332,0,730
329905.744277,385203.165039,0,730
329903.356931,385232.916742,0,730
329843.027881,385387.310244,0,730
330056.71957,385177.187325,0,730
329971.250633,385106.919763,0,730
329994.729216,385332.906492,0,730
329965.617977,385146.547581,0,730
329887.578811,385288.785905,0,730
329867.562065,385316.018315,0,730
330050.354112,385307.172581,0,730
329796.095514,385383.090985,0,730
330166.572633,385168.800934,0,730
329946.70509,385282.498882,0,730
330180.621513,385126.585374,0,730
329892.528375,385270.924861,0,730
329793.062731,385346.594991,0,730
329922.148358,385305.135987,0,730
329931.819727,385212.085511,0,730
329847.708758,385230.189527,0,730
329919.266823,385117.245371,0,730
329858.566072,385333.11389,0,730
330070.666901,385189.403853,0,730
329896.60229,385278.27205,0,730
329972.555987,385211.796507,0,730
329893.123261,385251.383426,0,730
330079.083039,385079.110786,0,730
329784.648871,385335.810193,0,730
329791.629078,385313.685115,0,730
329832.834362,385345.319379,0,730
329920.510682,385231.556357,0,730
329760.152955,385356.709393,0,730
329932.038334,385228.688408,0,730
329943.52664,385213.92602,0,730
329903.957616,385389.514377,0,730
330150.490266,385178.841769,0,730
330170.645725,385088.440068,0,730
330061.277209,385136.012711,0,730
329851.769198,385170.573053,0,730
330154.776446,385098.224663,0,730
329868.800342,385224.978483,0,730
329812.738083,385407.211388,0,730
330118.213519,385151.796867,0,730
329917.50297,385299.192532,0,730
329823.697164,385144.384393,0,730
330055.187157,385161.214372,0,730
329901.963181,385334.39819,0,730
329946.575606,385312.692147,0,730
329811.312899,385171.419255,0,730
330131.732888,385167.446982,0,730
329891.492536,385326.631601,0,730
329837.747363,385399.540597,0,730
330145.564897,385084.596835,0,730
330102.421979,385071.420255,0,730
329944.514083,385185.740644,0,730
330013.409477,385186.11785,0,730
330176.217005,385151.380652,0,730
329928.191517,385219.329211,0,730
329812.091067,385161.036435,0,730
330090.986646,385282.553264,0,730
329936.519498,385204.632643,0,730
330077.519604,385237.235009,0,730
330162.928018,385125.278639,0,730
329939.019403,385272.349041,0,730
330183.373474,385216.785716,0,730
330190.018049,385167.781083,0,730
330005.297673,385144.303833,0,730
330211.965494,385207.953383,0,730
329772.780809,385389.22123,0,730
330001.101555,385114.290285,0,730
329874.993565,385252.149932,0,730
329966.059766,385265.48835,0,730
330118.75996,385203.223183,0,730
330026.034761,385068.53513,0,730
329869.550076,385293.16408,0,730
329954.320052,385205.348363,0,730
330083.23774,385257.816425,0,730
330144.920151,385228.759504,0,730
330161.687415,385173.430783,0,730
329878.726024,385221.337602,0,730
329850.931763,385263.273714,0,730
329829.376891,385333.998544,0,730
329945.666384,385211.030306,0,730
329997.361813,385120.952266,0,730
329962.374875,385167.04738,0,730
329818.421561,385327.320755,0,730
329805.505305,385350.982711,0,730
329889.162812,385187.514112,0,730
330038.99414,385087.533281,0,730
329937.249635,385355.51658,0,730
329846.601242,385394.542917,0,730
330041.006128,385091.846053,0,730
329971.368608,385183.063366,0,730
330079.336953,385125.986581,0,730
329870.824748,385255.291171,0,730
330065.53332,385088.60424,0,730
329793.175635,385370.280326,0,730
330159.061871,385027.086965,0,730
329983.77462,385082.4494,0,730
329874.357253,385151.963098,0,730
330047.447223,385049.737646,0,730
330053.22311,385182.030909,0,730
329868.437621,385228.346221,0,730
330048.935396,385174.013463,0,730
330140.724441,385191.699587,0,730
329933.756444,385149.130115,0,730
330070.963966,385222.488044,0,730
329893.14063,385333.308295,0,730
329867.970035,385278.00278,0,730
329970.817063,385312.696459,0,730
330024.895557,385104.463279,0,730
330057.092162,385225.017615,0,730
330133.209303,385151.863566,0,730
329965.469625,385260.704481,0,730
329957.909122,385135.499838,0,730
330169.141685,385192.849239,0,730
330178.62731,385068.118358,0,730
329768.27574,385353.851697,0,730
330173.313804,385080.514055,0,730
330094.951006,385158.775689,0,730
329901.768904,385355.604673,0,730
330077.56114,385277.356741,0,730
329866.146762,385109.762818,0,730
329873.202507,385137.702973,0,730
329904.700318,385321.822902,0,730
330014.804032,385122.789218,0,730
329880.042458,385109.504325,0,730
329931.184736,385109.242638,0,730
329824.533817,385133.195973,0,730
329931.62246,385158.468225,0,730
329829.932879,385317.122025,0,730
329962.65992,385102.243976,0,730
330042.086371,385110.17854,0,730
330173.925814,385148.734942,0,730
329885.278378,385356.248477,0,730
330158.492213,385044.135024,0,730
330143.185201,385180.713477,0,730
329834.602498,385220.60507,0,730
329862.220796,385184.352564,0,730
329952.797039,385093.959834,0,730
330118.525817,385183.97549,0,730
329959.627888,385094.817491,0,730
329938.381318,385251.020846,0,730
330079.293045,385055.313796,0,730
329874.975098,385263.13306,0,730
329994.936361,385177.382427,0,730
330068.943791,385223.305393,0,730
329866.606967,385221.218981,0,730
330157.939037,385123.232473,0,730
329806.194093,385331.963445,0,730
330016.838521,385093.006157,0,730
330051.466051,385136.693746,0,730
329941.854676,385209.516246,0,730
330057.388964,385178.426488,0,730
329867.439759,385145.974632,0,730
330036.31408,385242.330695,0,730
330179.520186,385124.337906,0,730
329941.086584,385214.542934,0,730
329784.29637,385353.509262,0,730
330047.607707,385205.486319,0,730
329997.121646,385155.507963,0,730
330211.687133,385198.518539,0,730
329914.725397,385162.461083,0,730
329882.128652,385265.108943,0,730
330079.151576,385086.177114,0,730
329845.42651,385134.112344,0,730
330011.603075,385304.073626,0,730
330101.281257,385045.646022,0,730
330119.104102,385055.757556,0,730
329977.444327,385266.555527,0,730
329801.615636,385351.175725,0,730
329853.135817,385288.125662,0,730
329857.588085,385378.593931,0,730
330024.628381,385221.360151,0,730
329815.852086,385315.271299,0,730
330118.758285,385206.678717,0,730
330073.505506,385071.825562,0,730
329997.74744,385232.42535,0,730
329852.581795,385392.594464,0,730
330121.227726,385234.455683,0,730
330094.587446,385248.33022,0,730
330077.243076,385133.733062,0,730
329872.353061,385114.022935,0,730
329816.004573,385407.273781,0,730
330174.135145,385236.72448,0,730
329916.337001,385314.638105,0,730
329953.930372,385315.067287,0,730
330056.932182,385157.613632,0,730
330077.210734,385138.69438,0,730
330140.498374,385142.253632,0,730
329856.439841,385394.038032,0,730
329857.386933,385120.565377,0,730
329979.974244,385167.414545,0,730
330095.289804,385044.893741,0,730
329962.029595,385144.358583,0,730
329840.504046,385156.066143,0,730
330100.456073,385141.394086,0,730
329974.892175,385124.438248,0,730
329816.214517,385316.395336,0,730
329971.156801,385075.287742,0,730
330089.984253,385166.608832,0,730
330158.720094,385067.000795,0,730
329859.899933,385305.757181,0,730
330203.256067,385173.335214,0,730
329977.12361,385071.797044,0,730
330219.438974,385200.460674,0,730
329797.174366,385169.148087,0,730
330070.24277,385255.839871,0,730
330122.946264,385096.229393,0,730
330192.603011,385138.276627,0,730
329995.138361,385309.781788,0,730
329786.280402,385356.457423,0,730
329987.204413,385261.582509,0,730
329901.410265,385171.58729,0,730
329863.692374,385389.519284,0,730
329824.781761,385329.272645,0,730
329886.504531,385136.383664,0,730
330003.203743,385198.307231,0,730
329937.902844,385358.341283,0,730
329972.547173,385148.796443,0,730
330180.454499,385127.772017,0,730
329866.583048,385315.663573,0,730
329977.507556,385095.066964,0,730
330142.954006,385131.706533,0,730
330057.666166,385208.844237,0,730
329819.435888,385153.788217,0,730
329969.235428,385324.045051,0,730
329815.027733,385197.438865,0,730
330015.423435,385117.450953,0,730
330064.568763,385247.273138,0,730
329840.121714,385346.500827,0,730
330030.444372,385067.496783,0,730
330030.225652,385280.848399,0,730
329893.038958,385332.484648,0,730
329822.946342,385124.543508,0,730
330072.794084,385148.372269,0,730
330164.535087,385085.418176,0,730
329968.198876,385186.264606,0,730
330113.145307,385058.29942,0,730
330023.666208,385262.35452,0,730
330144.492441,385055.681829,0,730
330147.768218,385245.294451,0,730
329983.768978,385165.684442,0,730
330171.84701,385054.975799,0,730
329818.218739,385118.198631,0,730
329852.436544,385216.414019,0,730
329808.279994,385405.855133,0,730
329882.793178,385384.339786,0,730
329918.707576,385341.372061,0,730
330010.442924,385324.349489,0,730
329898.438477,385234.132501,0,730
330010.084209,385251.329807,0,730
329866.883654,385289.398963,0,730
330002.89733,385321.782131,0,730
329849.029407,385320.393556,0,730
330018.058622,385204.230294,0,730
330045.620586,385153.709676,0,730
329923.442066,385267.465228,0,730
329920.604585,385164.400202,0,730
330031.548975,385156.162548,0,730
329785.417135,385399.093691,0,730
329908.730453,385270.729034,0,730
329905.376097,385351.327401,0,730
329893.851932,385399.534883,0,730
329884.323715,385100.332904,0,730
330058.12404,385299.064973,0,730
330049.661021,385201.766484,0,730
330084.633228,385090.227028,0,730
330088.073938,385078.686279,0,730
329812.698955,385381.853164,0,730
329970.36698,385331.713238,0,730
330200.139011,385166.795508,0,730
330079.379154,385268.376245,0,730
330077.522075,385090.195457,0,730
330054.220482,385256.627551,0,730
330161.335745,385138.482983,0,730
329863.061323,385351.182325,0,730
330039.301654,385312.181822,0,730
330132.371452,385073.7825,0,730
329798.345164,385317.637402,0,730
329989.258604,385333.227867,0,730
329849.397048,385346.727922,0,730
330148.791025,385015.668148,0,730
329847.47266,385177.108536,0,730
329879.625401,385330.678159,0,730
330059.138787,385207.854352,0,730
329884.748661,385197.715467,0,730
330210.293207,385220.117321,0,730
330127.285678,385072.841948,0,730
329967.975279,385177.563366,0,730
330056.98323,385058.146242,0,730
330166.89632,385208.722985,0,730
329870.694783,385325.686735,0,730
330074.212747,385178.334741,0,730
329835.106874,385394.83053,0,730
329881.561483,385242.474397,0,730
330035.624131,385265.363847,0,730
330167.660344,385068.341252,0,730
330013.665889,385135.07164,0,730
329867.680678,385141.129852,0,730
329964.75459,385265.151336,0,730
329928.51287,385323.271268,0,730
330009.403984,385127.283619,0,730
329969.666795,385208.849047,0,730
329881.722764,385271.902037,0,730
329901.650341,385153.185285,0,730
330044.007486,385231.436741,0,730
330052.442324,385100.74914,0,730
329997.914057,385131.6849,0,730
329984.28441,385104.950814,0,730
329842.092792,385124.050613,0,730
330165.886574,385145.769592,0,730
330005.821695,385121.885628,0,730
329819.09297,385367.734209,0,730
329812.002372,385348.545809,0,730
330162.557547,385244.738462,0,730
330074.460601,385059.937892,0,730
329870.215339,385285.46876,0,730
329952.700186,385215.832718,0,730
330003.875753,385204.166012,0,730
329935.25504,385259.772998,0,730
330018.640579,385089.521004,0,730
329866.193503,385225.490469,0,730
330035.246684,385057.212739,0,730
329840.647299,385369.67855,0,730
329936.847298,385155.222609,0,730
330035.902102,385113.891182,0,730
330040.473422,385122.220978,0,730
329991.322573,385337.434713,0,730
329914.174451,385217.855816,0,730
329838.245751,385134.011813,0,730
330017.579955,385197.327939,0,730
330135.151311,385082.327092,0,730
329857.239853,385246.609104,0,730
329913.727634,385228.887186,0,730
329828.434176,385352.032031,0,730
329869.721507,385128.655154,0,730
329921.403324,385127.566124,0,730
330019.168503,385099.532254,0,730
329837.305921,385294.720013,0,730
329795.122183,385329.67738,0,730
330072.760205,385277.202066,0,730
329866.032734,385199.247663,0,730
330103.567551,385238.616943,0,730
329851.294577,385347.780811,0,730
329792.524421,385150.644935,0,730
330068.526149,385184.84617,0,730
329901.978542,385386.842165,0,730
329768.641702,385376.863335,0,730
330004.193111,385232.377375,0,730
329909.082464,385323.828036,0,730
330178.71497,385218.755308,0,730
330017.575077,385180.052749,0,730
330037.700093,385284.178273,0,730
329902.662502,385323.606823,0,730
329930.248234,385111.111388,0,730
330148.070242,385195.993108,0,730
330010.476605,385059.850514,0,730
329832.067112,385329.800068,0,730
329853.682437,385119.238553,0,730
329893.41,385349.619143,0,730
330182.027355,385211.303329,0,730
330171.229513,385149.328103,0,730
330115.191342,385113.659461,0,730
329874.885109,385113.750959,0,730
329877.313833,385159.828088,0,730
329930.511394,385091.435378,0,730
330041.349123,385212.234358,0,730
329837.034542,385328.879363,0,730
329951.845485,385312.31354,0,730
330070.527432,385193.380993,0,730
329821.418132,385341.075425,0,730
330076.518363,385181.817654,0,730
329917.003362,385238.518195,0,730
329953.762625,385122.851413,0,730
329896.305811,385145.690635,0,730
329825.482959,385216.303721,0,730
329923.083767,385219.118481,0,730
329901.535826,385202.631173,0,730
330020.471309,385240.756012,0,730
329849.377347,385235.141201,0,730
330076.812945,385202.51606,0,730
329863.115795,385107.952118,0,730
330025.606555,385082.115646,0,730
329810.732769,385138.32693,0,730
329990.59777,385077.911283,0,730
330160.434837,385042.781615,0,730
330036.214142,385262.031272,0,730
330099.725384,385055.840075,0,730
330160.07247,385109.108885,0,730
329934.37621,385316.018629,0,730
330165.761929,385070.854318,0,730
330035.589568,385171.5389,0,730
330109.749389,385253.400237,0,730
329963.880445,385124.939669,0,730
329891.755954,385307.695383,0,730
329862.761147,385112.544477,0,730
329981.432261,385317.81883,0,730
329962.827701,385266.898346,0,730
330179.139394,385102.074206,0,730
330113.170406,385182.306692,0,730
329859.071131,385139.751858,0,730
329828.695184,385361.619854,0,730
329926.84229,385180.372937,0,730
329802.736574,385344.198479,0,730
329833.674411,385339.473207,0,730
329998.566608,385217.493769,0,730
329883.579387,385203.403185,0,730
330124.203945,385246.338265,0,730
330104.252592,385135.029726,0,730
330173.505802,385127.250933,0,730
330138.571129,385101.095187,0,730
329989.740917,385173.789446,0,730
329927.709533,385334.835111,0,730
329944.112914,385091.791755,0,730
330020.151486,385291.917819,0,730
329865.32826,385160.893275,0,730
329948.036841,385083.26015,0,730
330053.791621,385061.214332,0,730
330138.886678,385118.991345,0,730
329957.43129,385277.228537,0,730
329886.75125,385331.833524,0,730
329770.924697,385362.207834,0,730
329871.391147,385254.491514,0,730
330077.42746,385172.504574,0,730
329822.852862,385327.172665,0,730
330080.420575,385154.350475,0,730
329966.35109,385344.429165,0,730
329905.545664,385337.886864,0,730
329872.715998,385326.353013,0,730
330013.127417,385060.910402,0,730
329776.617415,385366.564162,0,730
330202.200549,385157.511418,0,730
330028.579734,385217.248858,0,730
329933.899942,385238.134697,0,730
330030.637821,385212.864016,0,730
329761.999533,385356.507468,0,730
329961.031817,385095.174963,0,730
329975.867849,385244.581673,0,730
329864.288,385192.798772,0,730
330138.765223,385047.42298,0,730
329881.083348,385276.289033,0,730
329989.258291,385070.488388,0,730
329911.945645,385183.320705,0,730
330135.628813,385155.676189,0,730
330193.94952,385145.723098,0,730
329932.65878,385292.949552,0,730
330025.006392,385256.781273,0,730
329915.492658,385362.475443,0,730
330170.548778,385117.244371,0,730
330081.402077,385046.431489,0,730
330185.939639,385145.136954,0,730
330071.09595,385263.990122,0,730
330180.68434,385222.62281,0,730
329822.103528,385189.914599,0,730
329909.194381,385197.154311,0,730
329956.740073,385260.838187,0,730
329953.856132,385340.855179,0,730
330163.34419,385108.299782,0,730
330089.679245,385284.413353,0,730
330109.177304,385110.958148,0,730
330196.763158,385200.975118,0,730
330098.770902,385210.990147,0,730
330063.085635,385282.377907,0,730
329966.710961,385154.030902,0,730
329951.299965,385106.796359,0,730
329906.816052,385133.200002,0,730
330019.296236,385123.833713,0,730
329838.610425,385369.603487,0,730
329841.814057,385163.289275,0,730
329905.097737,385258.391545,0,730
329817.275474,385364.329377,0,730
330208.993872,385227.276442,0,730
330141.542413,385102.677708,0,730
330100.92584,385251.401546,0,730
329901.328426,385387.670479,0,730
329782.173884,385381.331467,0,730
330169.296023,385184.039157,0,730
330010.654356,385203.606813,0,730
330123.197895,385054.499724,0,730
330104.767801,385163.870253,0,730
330179.671216,385114.589318,0,730
330112.619063,385167.209889,0,730
330122.158678,385194.904781,0,730
329876.335179,385206.568071,0,730
330103.163059,385239.089151,0,730
329802.014492,385370.938528,0,730
329866.969607,385163.039869,0,730
329880.943413,385160.570705,0,730
330101.410896,385136.118754,0,730
330079.892235,385212.1999,0,730
330168.546149,385196.792191,0,730
329880.857715,385332.183316,0,730
329882.300444,385387.135935,0,730
330184.421574,385215.033605,0,730
330109.931856,385250.288965,0,730
330101.769866,385083.419367,0,730
330160.348411,385225.74008,0,730
330131.262923,385105.99262,0,730
329845.983421,385271.268745,0,730
329918.726856,385181.304672,0,730
329949.080652,385202.995243,0,730
330131.605816,385081.485721,0,730
329830.127033,385364.38942,0,730
330029.757282,385156.084177,0,730
329905.950957,385141.50032,0,730
330119.269623,385160.192942,0,730
329877.407904,385403.43212,0,730
329882.578116,385257.999787,0,730
330176.57585,385239.376751,0,730
330090.264665,385055.531146,0,730
330012.872304,385129.610069,0,730
330174.976351,385167.356007,0,730
329891.962101,385107.356153,0,730
329956.672932,385248.671131,0,730
329862.994346,385357.394791,0,730
329870.479134,385315.491488,0,730
329873.453081,385329.615925,0,730
330176.177346,385238.44976,0,730
330021.883213,385121.471141,0,730
330212.594716,385187.306432,0,730
329859.253204,385132.512673,0,730
330149.904718,385087.327743,0,730
329860.631223,385203.801897,0,730
330022.482332,385068.723015,0,730
329982.484141,385330.351499,0,730
330028.360486,385109.993982,0,730
330126.911604,385079.785317,0,730
329839.005625,385337.341858,0,730
330155.252552,385162.97801,0,730
329883.24325,385347.827665,0,730
329974.102443,385269.159643,0,730
329947.082899,385173.276253,0,730
330147.111541,385244.404042,0,730
330170.128874,385239.120606,0,730
329786.654053,385346.447344,0,730
329975.801875,385317.15104,0,730
330054.096009,385171.18501,0,730
330035.836084,385156.443668,0,730
329873.317067,385377.739346,0,730
329818.570908,385353.157726,0,730
330068.055125,385133.871531,0,730
330055.952242,385281.692337,0,730
330160.944095,385229.420277,0,730
329883.44672,385310.023609,0,730
330041.452463,385110.552806,0,730
330108.546206,385217.668047,0,730
330080.005292,385046.688701,0,730
329997.469765,385124.914835,0,730
329902.45163,385161.770559,0,730
330072.707894,385158.471905,0,730
329979.233091,385205.658312,0,730
329882.666009,385316.843577,0,730
329949.291294,385079.329617,0,730
329890.714081,385203.089774,0,730
329909.07547,385137.789283,0,730
329892.829865,385212.861287,0,730
329855.390549,385263.368341,0,730
329911.63778,385278.806021,0,730
329814.287384,385388.450336,0,730
330161.759067,385194.148936,0,730
329937.119769,385265.863776,0,730
330199.834839,385176.521075,0,730
329921.68868,385381.038787,0,730
330022.483404,385130.66212,0,730
329992.52335,385114.461882,0,730
329991.189653,385104.723377,0,730
330010.116572,385273.113765,0,730
329896.701665,385208.985704,0,730
330142.652254,385202.074379,0,730
329850.291375,385314.150132,0,730
330039.833516,385142.495039,0,730
329981.580979,385165.691249,0,730
330002.156816,385114.0877,0,730
330004.948557,385321.151521,0,730
329944.011351,385159.874834,0,730
329876.939182,385203.662418,0,730
330108.502021,385210.848975,0,730
329815.030219,385300.571604,0,730
330127.004117,385066.012468,0,730
329935.322543,385128.229817,0,730
329917.312388,385253.297049,0,730
330170.136455,385172.149658,0,730
330165.809049,385121.336013,0,730
330005.828988,385161.337227,0,730
330038.05493,385074.034043,0,730
329891.12628,385272.784639,0,730
329915.489929,385325.134525,0,730
330200.969182,385197.426024,0,730
329897.649383,385365.40103,0,730
329848.49824,385176.970895,0,730
330006.509614,385145.686259,0,730
330110.419316,385116.091313,0,730
329809.34518,385317.529659,0,730
330188.423176,385143.296103,0,730
330003.842263,385156.997537,0,730
330129.358046,385270.032609,0,730
330056.359644,385179.144028,0,730
329929.281157,385236.08415,0,730
330114.179541,385228.926988,0,730
329853.500742,385315.243188,0,730
329875.172558,385267.909931,0,730
329973.703949,385131.71955,0,730
329834.201461,385329.873041,0,730
330075.913538,385278.593727,0,730
330063.435679,385184.292494,0,730
330049.401101,385304.652554,0,730
329833.098772,385333.037929,0,730
329826.874976,385344.485725,0,730
329845.149945,385248.101431,0,730
330009.813318,385246.035784,0,730
329912.175493,385132.821091,0,730
330030.184115,385199.538306,0,730
329998.341615,385258.90217,0,730
329772.726343,385381.398958,0,730
330139.414914,385200.072484,0,730
330121.566667,385142.651001,0,730
330105.604887,385206.204318,0,730
330031.335717,385136.019555,0,730
329981.449475,385237.752391,0,730
329915.910138,385143.235207,0,730
329843.343217,385274.80494,0,730
329857.755524,385332.34263,0,730
330175.113068,385224.233135,0,730
330107.858684,385158.64503,0,730
330190.080428,385185.264758,0,730
329912.456315,385263.086261,0,730
330181.324852,385159.27805,0,730
329804.598663,385381.609343,0,730
329929.188453,385119.628782,0,730
329781.445983,385386.442598,0,730
330152.854627,385084.490356,0,730
329881.186009,385225.239795,0,730
329858.841544,385262.022925,0,730
329856.077232,385166.195737,0,730
329973.211152,385084.356996,0,730
330193.336825,385128.841419,0,730
329829.773842,385184.336736,0,730
329862.042364,385183.698543,0,730
329951.500376,385089.688611,0,730
329902.889403,385376.939745,0,730
330127.506208,385269.129793,0,730
330172.376986,385069.473447,0,730
329769.553646,385358.961102,0,730
329926.524961,385290.89645,0,730
329999.27817,385261.862359,0,730
329814.558775,385314.684359,0,730
330072.037499,385049.904077,0,730
329928.214851,385352.179807,0,730
329887.884879,385231.915813,0,730
329963.246199,385079.937745,0,730
329837.102929,385382.398462,0,730
330159.138617,385194.435926,0,730
330190.827817,385128.563623,0,730
329867.190458,385218.214626,0,730
329836.168738,385331.53037,0,730
330190.622412,385182.980479,0,730
329854.144255,385396.057844,0,730
330130.767192,385079.604707,0,730
329941.971001,385356.945786,0,730
329901.670735,385148.706436,0,730
329936.771212,385288.382479,0,730
329878.318994,385290.237336,0,730
330061.194318,385236.609837,0,730
329931.998039,385084.878728,0,730
329932.796328,385158.623115,0,730
329904.000352,385331.154205,0,730
330167.905742,385167.095915,0,730
329846.500918,385147.832862,0,730
329900.432416,385344.167424,0,730
329828.035424,385359.323911,0,730
329905.33149,385364.766746,0,730
330053.969884,385107.060104,0,730
329967.726914,385347.574119,0,730
330180.07514,385229.367613,0,730
330063.037343,385264.69236,0,730
329771.173512,385342.526299,0,730
330118.819103,385138.946675,0,730
329853.868401,385252.374558,0,730
330026.592719,385181.067751,0,730
330029.794933,385110.734311,0,730
330122.551902,385166.256978,0,730
329991.268128,385168.69534,0,730
329932.875479,385276.951979,0,730
329872.44649,385180.839385,0,730
329769.15612,385332.386458,0,730
329842.357357,385286.094879,0,730
329833.363449,385338.611448,0,730
330035.016245,385113.620022,0,730
329956.919902,385251.960097,0,730
330047.725247,385242.474874,0,730
330107.011173,385068.498352,0,730
330020.64862,385221.667019,0,730
330002.400788,385133.267238,0,730
329908.836745,385227.114397,0,730
329907.626548,385389.383329,0,730
329920.379814,385133.961419,0,730
329901.176753,385188.986758,0,730
330167.299236,385154.747549,0,730
329832.085363,385334.016252,0,730
330195.316858,385140.809958,0,730
330047.624894,385150.813432,0,730
329956.759607,385230.520761,0,730
330036.399963,385160.181926,0,730
330048.752103,385175.262084,0,730
330157.489824,385103.723254,0,730
330038.61729,385086.552582,0,730
329877.5661,385150.740378,0,730
330076.589526,385266.706055,0,730
330150.890786,385017.279073,0,730
329960.945765,385149.90084,0,730
330024.851088,385104.989329,0,730
329921.243581,385136.805996,0,730
329825.006713,385211.127425,0,730
330160.493396,385205.103508,0,730
330039.198388,385302.302475,0,730
330108.597876,385273.308222,0,730
330074.619107,385286.984889,0,730
330071.7062,385066.354839,0,730
329844.507202,385126.243851,0,730
329860.589196,385200.575194,0,730
330002.157298,385301.652669,0,730
329864.18795,385231.760638,0,730
330123.069506,385048.072263,0,730
329813.04585,385330.927611,0,730
330008.356728,385115.28342,0,730
329908.494477,385180.352246,0,730
330030.699002,385204.918769,0,730
329773.22407,385349.833565,0,730
330186.780073,385105.177601,0,730
330016.282813,385170.679953,0,730
329895.339585,385224.392877,0,730
329893.101408,385314.881694,0,730
329961.758874,385103.715588,0,730
329994.924539,385173.985345,0,730
329857.925104,385237.789546,0,730
329856.703438,385253.4515,0,730
329918.795746,385157.063608,0,730
330053.928226,385094.013075,0,730
329939.076226,385277.401652,0,730
330046.128145,385279.954253,0,730
329828.002903,385126.989247,0,730
329915.608629,385217.794208,0,730
330060.225821,385059.366089,0,730
330205.320523,385225.146232,0,730
329891.450409,385142.40491,0,730
330053.539319,385261.26887,0,730
329772.611712,385347.802329,0,730
329962.955293,385154.853027,0,730
330031.742684,385062.336476,0,730
330114.513022,385191.056472,0,730
330190.027483,385144.828192,0,730
329810.109144,385166.662827,0,730
329940.603913,385116.103096,0,730
329841.640452,385153.448999,0,730
329873.405662,385355.492604,0,730
330155.577034,385051.199018,0,730
330125.604309,385234.641888,0,730
329866.029188,385104.248637,0,730
329863.042623,385345.974916,0,730
329835.808776,385137.949379,0,730
330110.272887,385031.588897,0,730
329987.504432,385212.470827,0,730
330000.303208,385182.469303,0,730
329847.907375,385111.724661,0,730
330129.101969,385163.334285,0,730
330184.249441,385109.700218,0,730
330051.711476,385090.634778,0,730
329833.148027,385205.280687,0,730
330015.377176,385097.985879,0,730
330161.139006,385045.294329,0,730
330088.95156,385257.64793,0,730
329806.216209,385156.273179,0,730
329767.213212,385342.192909,0,730
330147.826631,385073.148311,0,730
329961.228803,385152.407959,0,730
329798.612064,385312.760304,0,730
329952.963229,385345.11199,0,730
330019.448154,385314.810856,0,730
329985.20572,385082.489467,0,730
330201.388473,385193.31464,0,730
329775.384294,385327.129238,0,730
329835.302795,385169.16305,0,730
329815.852905,385171.557446,0,730
330113.960967,385154.817056,0,730
330172.361668,385071.147024,0,730
329779.380881,385326.243213,0,730
330026.019618,385258.814698,0,730
330109.822075,385056.186833,0,730
330094.55628,385141.951202,0,730
330072.625841,385237.555123,0,730
329817.536783,385403.532071,0,730
330071.126374,385151.427992,0,730
329963.540474,385258.887173,0,730
330108.502972,385070.58205,0,730
330062.521476,385085.709504,0,730
330157.133643,385228.062722,0,730
330079.132964,385119.106109,0,730
329979.781726,385228.065789,0,730
330027.620377,385132.789857,0,730
329945.660581,385335.023072,0,730
329909.947431,385279.976984,0,730
329807.291004,385173.12791,0,730
330187.491294,385153.785318,0,730
329995.021239,385180.600581,0,730
329970.823453,385322.31887,0,730
329804.243498,385414.68107,0,730
329996.380326,385215.878664,0,730
329826.83975,385301.715365,0,730
329945.573044,385258.372191,0,730
329936.717687,385351.037847,0,730
329852.66166,385400.103596,0,730
330156.199634,385031.156585,0,730
329864.274889,385378.448083,0,730
330117.783259,385134.089666,0,730
329903.620387,385201.234348,0,730
329906.97549,385164.434721,0,730
329914.114537,385191.336365,0,730
330020.524421,385139.911195,0,730
329981.354434,385115.215489,0,730
330100.245674,385239.009367,0,730
330205.330119,385190.75674,0,730
330181.847139,385233.34224,0,730
330182.919263,385177.549454,0,730
329840.393772,385407.90791,0,730
329984.898376,385230.170796,0,730
329839.559013,385339.38867,0,730
330011.359383,385183.998932,0,730
330083.503832,385159.053512,0,730
330196.183346,385133.467374,0,730
330010.951459,385246.899767,0,730
329931.732653,385282.251361,0,730
329951.178158,385100.704295,0,730
329782.48376,385396.174771,0,730
330183.079436,385210.816421,0,730
329899.855985,385309.352593,0,730
329910.865406,385364.310037,0,730
329762.434717,385381.282743,0,730
329821.839804,385386.231855,0,730
330122.423493,385173.478785,0,730
329994.2684,385336.663711,0,730
330144.575836,385150.755014,0,730
329830.972759,385303.699757,0,730
329863.952001,385310.980497,0,730
330097.030387,385152.058165,0,730
330021.1504,385114.533034,0,730
330079.134958,385148.307743,0,730
329819.086556,385171.714869,0,730
330103.700102,385073.863083,0,730
329832.368383,385114.614783,0,730
329960.465208,385138.826884,0,730
329956.002615,385229.434419,0,730
329939.411857,385251.723868,0,730
329953.36451,385198.174778,0,730
329854.933025,385113.746451,0,730
329800.584554,385356.152535,0,730
330171.365481,385205.757632,0,730
330197.054328,385234.947133,0,730
330049.563421,385099.721551,0,730
329889.025875,385163.854925,0,730
329994.5317,385086.174338,0,730
329857.039659,385402.017052,0,730
329777.602148,385381.044449,0,730
329876.481282,385176.025502,0,730
330079.777387,385070.582205,0,730
329897.432786,385096.485209,0,730
330157.093032,385127.923117,0,730
329888.42198,385383.919295,0,730
330036.027701,385198.694573,0,730
330050.128901,385138.632383,0,730
329909.584258,385095.144173,0,730
330044.731521,385303.416535,0,730
330038.510614,385080.834175,0,730
329996.174531,385231.058928,0,730
329918.943327,385367.224253,0,730
330038.110867,385178.171563,0,730
329984.115223,385299.628671,0,730
329997.576214,385139.975299,0,730
330102.284038,385144.323891,0,730
330016.516383,385074.546044,0,730
330026.697163,385269.474088,0,730
329909.177974,385223.894694,0,730
329952.734224,385099.949108,0,730
330023.750983,385189.923618,0,730
330132.025473,385213.250241,0,730
330106.343632,385110.538233,0,730
329929.434622,385243.366859,0,730
329853.994187,385212.290043,0,730
329887.465594,385131.31007,0,730
330108.637738,385247.469582,0,730
330053.810228,385121.139333,0,730
329972.089715,385135.243208,0,730
330119.63848,385219.079366,0,730
329948.837593,385110.759389,0,730
329959.759686,385139.918315,0,730
330072.114466,385188.897094,0,730
330029.523192,385114.175903,0,730
329916.648664,385207.765188,0,730
330073.50589,385294.679808,0,730
330190.138946,385181.240079,0,730
330203.619428,385227.116348,0,730
330079.84669,385092.229131,0,730
330040.187333,385236.243986,0,730
329802.84388,385402.512521,0,730
330101.230265,385146.020226,0,730
330126.225132,385255.273566,0,730
329798.636124,385393.728134,0,730
329851.873998,385402.522369,0,730
330135.907096,385038.381709,0,730
329962.516809,385229.698578,0,730
329933.110002,385335.894928,0,730
329939.148161,385255.682078,0,730
329998.685438,385164.600399,0,730
330047.361716,385120.474808,0,730
329940.954497,385292.438782,0,730
329870.421432,385394.103759,0,730
330142.48222,385033.733818,0,730
329947.483171,385191.999302,0,730
329956.488464,385203.18649,0,730
330164.494529,385199.368143,0,730
330091.38277,385187.130517,0,730
330140.905813,385099.210797,0,730
330028.43811,385297.837435,0,730
329946.272405,385369.319534,0,730
330219.579009,385202.720183,152,730
329802.162465,385150.062187,207,730
330113.959902,385105.610214,275,730
329846.841266,385284.154144,282,730
330131.24967,385253.337632,288,730
329970.332467,385295.159704,289,730
330018.382492,385262.912181,313,730
329851.661275,385223.66665,328,730
330001.610997,385283.480652,362,730
329778.078423,385402.661518,626,730
