328987.350727,382157.129194,0,273
329177.10226,382267.238711,0,730
329235.175809,382160.72558,0,655
328968.958634,382154.787266,0,194
328876.89571,382151.501214,0,170
328544.2926,381941.447019,0,730
328745.227496,381894.812024,0,730
328687.129728,381948.997312,0,347
328567.540674,381942.641699,0,681
329191.81434,382154.491633,0,381
329193.56537,382221.537859,0,730
329024.388131,382134.839607,0,700
328711.300304,382092.230335,0,730
329029.362868,382191.071734,0,128
328806.146951,381997.108079,0,730
329091.517517,382154.982122,0,730
329104.759397,382265.578823,0,730
328990.202033,382116.350437,0,730
328693.308607,381887.822561,0,546
329219.663463,382310.543424,0,730
329084.815505,382209.792399,0,423
329183.073625,382185.661944,0,394
328848.411019,381950.270913,0,730
329122.778194,382154.552289,0,199
328964.455882,382086.486469,0,730
328568.093441,381910.566772,0,730
328874.951446,382121.169916,0,730
328732.866785,382178.710664,0,730
329196.684876,382362.649773,0,730
328630.091018,381992.3145,0,19
328892.074573,382214.830358,0,496
329176.938351,382139.238389,0,702
328912.312014,382213.296994,0,730
329284.639792,382203.59531,0,539
329135.375791,382279.504097,0,730
328490.039414,381892.304391,0,212
329018.993663,382173.294345,0,109
328964.712371,382225.800769,0,462
328869.31275,382163.585647,0,730
328667.687139,381878.979768,0,387
328773.836426,381941.561331,0,730
329183.678533,382306.645131,0,730
328861.243163,382233.112525,0,730
329197.86983,382307.836458,0,171
329106.620036,382197.998097,0,730
328884.308811,382181.865834,0,730
328841.160611,382129.17844,0,730
328988.961635,382090.822067,0,296
328745.335949,381906.135989,0,730
329187.567824,382376.821584,0,462
329061.001303,382284.721129,0,269
329064.583534,382096.612506,0,730
328763.976576,382150.219899,0,730
329206.993227,382152.802282,0,730
329014.593069,382141.824507,0,730
329141.489494,382353.886875,0,493
329179.802032,382191.448056,0,730
328670.010383,382103.109108,0,730
329132.313517,382142.100098,0,72
329191.325785,382377.044486,0,730
329028.824708,382251.302788,0,730
329054.081261,382255.593858,0,730
328893.997779,382026.115658,0,730
328885.773407,382191.226611,0,730
329238.301915,382233.373694,0,730
329183.574766,382318.54271,0,393
328867.729945,382008.962127,0,730
329250.259452,382234.310029,0,730
329247.036784,382193.057173,0,535
328769.589331,381900.241082,0,273
328916.492845,382269.56137,0,730
328755.194182,382106.352062,0,716
328874.188938,382054.62389,0,730
329161.391632,382301.102532,0,730
328912.266388,382138.631053,0,730
328789.967961,381959.340313,0,443
328880.733528,381993.537121,0,730
328600.889704,381936.285169,0,730
328901.869103,382265.180253,0,574
328759.430819,382181.068024,0,730
328664.090423,381865.796005,0,730
328744.397465,382079.58057,0,308
329153.785445,382360.090798,0,730
328624.666993,382028.282373,0,728
329075.001615,382258.686265,0,730
329250.794366,382315.126934,0,730
328935.862864,382169.730069,0,730
329095.960023,382346.541471,0,352
328824.053695,381991.17907,0,730
328834.95183,381956.028383,0,130
328631.965546,381864.357541,0,730
328795.148675,381953.419218,0,730
329177.806133,382398.454434,0,278
328938.72941,382299.342048,0,730
328831.030644,382037.469588,0,635
328689.004048,382115.210079,0,730
328791.739509,382199.533088,0,460
329155.748188,382196.441685,0,730
328776.724595,381944.275494,0,730
329006.130491,382183.000193,0,563
328865.994365,382255.28997,0,592
329141.991551,382293.112483,0,730
329051.954058,382216.736519,0,730
328871.017988,382042.969265,0,357
328831.513315,382228.348617,0,730
329061.319394,382286.923647,0,730
328771.426392,382070.366631,0,730
328801.612665,382001.885454,0,209
329167.446003,382231.809085,0,730
329209.942029,382246.546259,0,449
329290.433122,382231.096985,0,9
328790.073113,382138.595806,0,730
328795.90216,382153.142179,0,730
329104.214466,382311.864131,0,730
329284.193123,382191.78199,0,279
329102.200569,382198.618332,0,336
328897.574402,382019.711456,0,420
328706.500409,381965.930358,0,321
328744.2827,381957.802628,0,730
329229.471932,382405.402959,0,70
329180.918273,382187.545296,0,730
329100.960807,382295.702881,0,730
329194.809742,382340.43969,0,730
328734.500206,382022.11493,0,730
329133.013938,382195.691878,0,261
329191.02038,382294.723226,0,121
328830.59583,382212.462153,0,730
328546.396688,381912.853352,0,730
328853.58629,382057.100793,0,730
328904.360682,382050.955628,0,664
329082.691108,382212.995498,0,703
328821.278533,381990.702132,0,730
328689.309616,382087.483596,0,730
328682.94817,381905.083026,0,8
329240.297702,382179.814262,0,660
329183.856915,382280.125134,0,538
329178.296081,382143.278012,0,424
329067.119789,382127.94485,0,730
328954.525626,382277.488336,0,730
328605.535853,381938.678764,0,217
329117.066166,382314.00565,0,730
328784.763922,382091.854362,0,79
328675.044461,382044.166689,0,730
328914.654293,382217.198383,0,730
328903.160341,382190.455309,0,730
328780.82439,381936.77859,0,730
329018.379418,382201.618018,0,599
328762.385825,381896.998706,0,56
328890.882891,382220.678435,0,397
329148.474216,382168.266441,0,516
329163.659187,382294.957046,0,730
329066.655046,382153.251258,0,730
328759.525751,382107.745273,0,730
328815.761308,381919.022256,0,424
328637.017357,381949.304731,0,353
328797.780076,382176.868522,0,730
328669.769381,381982.7998,0,730
328603.433619,381978.62623,0,730
329234.75753,382254.764493,0,730
328966.484491,382095.323975,0,730
328877.258666,382233.328861,0,189
328818.941946,382143.904563,0,730
328731.365699,382120.358757,0,575
329133.604888,382331.971053,0,730
328856.7965,382018.108962,0,508
329316.758519,382204.870495,0,730
329217.216783,382283.053067,0,550
328759.552476,382007.076825,0,730
328834.422606,382184.13165,0,730
328708.492721,381972.79517,0,730
328874.025516,382227.966468,0,730
328722.840915,382080.58986,0,730
329267.063092,382340.65865,0,730
328631.474419,382051.277679,0,202
329101.389079,382298.613147,0,730
328874.152779,381983.605106,0,87
328990.779302,382160.664609,0,686
328823.272721,382025.517153,0,678
328780.082373,381936.569228,0,730
329224.164606,382244.988329,0,459
329267.035347,382275.100595,0,311
328553.57318,381946.677504,0,730
328721.648068,382017.030153,0,594
328560.505215,381959.772863,0,730
328730.840023,381902.042496,0,730
328675.587299,382117.186932,0,710
328947.930999,382296.736493,0,730
328793.377264,382004.391766,0,730
329033.62249,382106.707186,0,730
328915.812201,382093.554015,0,515
329199.82222,382269.214862,0,313
328500.210106,381884.807582,0,730
328742.956344,381881.92602,0,142
329129.257015,382137.434682,0,627
328792.722679,381992.743308,0,181
328710.174527,382130.533048,0,280
328690.724064,381975.837918,0,9
329044.836797,382165.945045,0,730
329314.376953,382193.394554,0,179
328836.933774,382169.888721,0,730
328843.018809,382115.519662,0,730
328707.50701,382156.644219,0,711
328833.047112,382039.562591,0,427
329079.49727,382321.341801,0,669
329052.79023,382088.569831,0,564
329065.250858,382118.260418,0,3
329306.634008,382214.729939,0,730
328644.077066,382046.350745,0,567
328831.54417,381995.975065,0,381
329235.767851,382314.912384,0,5
328785.999189,381933.365561,0,700
328731.027086,382131.822331,0,730
328917.415498,382043.979792,0,404
328800.081622,381980.406912,0,730
329190.328909,382217.119545,0,730
328820.361517,381979.741171,0,730
328600.725743,381914.557642,0,289
328916.714517,382015.777727,0,692
329183.738959,382360.525501,0,730
328998.274566,382131.665319,0,697
328664.134917,382102.982987,0,531
328885.234329,382043.925079,0,319
328897.926104,382183.715926,0,434
329287.779164,382288.101842,0,402
329189.718821,382200.068836,0,541
328954.783445,382120.033173,0,383
328803.725177,381948.833908,0,582
329301.219022,382219.04975,0,616
328718.326737,381894.265104,0,730
329096.61478,382138.038632,0,730
328645.338275,381969.049677,0,436
329246.10321,382395.881552,0,730
328719.289253,382029.639337,0,308
329139.37679,382240.069613,0,730
328775.228854,382054.006245,0,730
328734.642122,382037.453208,0,730
328579.2193,381951.488037,0,730
329177.340842,382285.841223,0,730
328805.749997,382109.874209,0,267
328995.907115,382296.968635,0,730
328541.084185,381908.353384,0,641
328810.430358,382136.322887,0,730
328687.459882,382112.562251,0,730
328978.147268,382134.24906,0,172
328735.868555,382072.836311,0,730
329003.711861,382215.101279,0,730
329004.38702,382304.312262,0,730
328556.761609,381911.771121,0,567
328759.71923,382049.405388,0,730
329067.197583,382259.223813,0,730
328715.48428,381960.236731,0,730
328695.193137,381934.967177,0,730
328583.835241,381859.710608,0,730
328772.384427,382000.145923,0,730
328791.544605,381944.448959,0,730
329263.866989,382269.205529,0,730
328883.163013,382235.629454,0,730
329186.572898,382284.4779,0,730
329136.008791,382257.863455,0,665
328793.37551,382151.950522,0,730
328808.078077,382137.8567,0,68
328817.009611,381947.805457,0,446
328977.036755,382108.240604,0,295
329041.329104,382218.301594,0,730
329259.673632,382304.62424,0,730
328805.846916,381981.45022,0,51
328797.345685,381919.31015,0,730
328983.328184,382251.903657,0,730
328640.680297,382040.771271,0,706
328782.167217,382060.38798,0,730
329088.754136,382129.786092,0,730
328929.662129,382108.638675,0,730
329084.036016,382131.542011,0,730
328634.75835,381970.885979,0,730
329069.629579,382127.852165,0,287
328768.291451,382152.098022,0,561
329250.203075,382295.636493,0,414
328846.438641,381971.117754,0,730
328792.544864,382128.59794,0,2
329044.844296,382121.875885,0,730
328874.056387,382232.346099,0,730
329041.59398,382253.609157,0,502
328751.323526,382161.167322,0,730
328673.397517,382060.777134,0,268
328855.547432,382048.356512,0,730
328825.056706,382109.779196,0,591
328762.300541,382171.722896,0,681
328956.60526,382122.595197,0,667
328777.619971,382217.591034,0,649
328969.381755,382298.290261,0,730
328676.180893,381861.243085,0,375
328955.861176,382215.743475,0,730
328625.512076,382057.145155,0,27
328929.02353,382284.552744,0,545
328888.022245,381991.7199,0,470
329139.398659,382211.665522,0,730
328566.611644,381886.560828,0,730
328597.446321,382002.072608,0,730
328651.556922,381895.58669,0,730
329165.202099,382331.865974,0,99
328906.991554,382010.847202,0,730
328927.751296,382057.597359,0,730
328972.365123,382155.773398,0,730
329098.730031,382343.506867,0,730
328822.641635,381999.131696,0,730
328682.116027,382115.665062,0,730
328912.686023,382274.317146,0,118
329328.983627,382194.190533,0,730
328795.313376,382193.193503,0,164
328881.385531,382250.161987,0,611
328829.506835,382164.378841,0,730
328980.174884,382307.20752,0,474
329006.646427,382212.5652,0,224
328870.20955,382172.792251,0,486
328860.860914,382247.347026,0,730
328624.322545,381952.067449,0,730
328768.377864,382035.630512,0,369
329135.124966,382249.018467,0,730
329099.162161,382280.218837,0,730
328996.562118,382252.842173,0,651
328692.321164,382130.238171,0,96
329193.592622,382200.733119,0,487
328612.505275,382040.804933,0,730
328623.994461,381920.152628,0,449
328713.534906,382104.951471,0,730
329151.809202,382324.854959,0,60
328761.033805,382067.980173,0,730
329118.806299,382310.373738,0,730
329249.871514,382242.624586,0,730
329235.406757,382165.025296,0,730
328958.940207,382122.842854,0,464
328969.405133,382042.25329,0,730
328639.029908,381872.500319,0,730
328592.401315,381901.380633,0,587
329079.19977,382322.958762,0,44
328756.501767,382018.700147,0,593
329223.581894,382369.756468,0,439
328612.847599,381909.64709,0,730
329047.98032,382105.874688,0,730
328715.634306,382115.462513,0,730
328853.836192,382177.953791,0,730
328632.800332,382023.490765,0,412
328792.318524,382088.274472,0,637
329068.633463,382304.075213,0,122
328612.800695,382013.030225,0,730
328834.592566,382241.706482,0,730
328848.946765,382049.641188,0,726
329023.843812,382164.515821,0,543
328628.740413,382007.600287,0,730
328847.955015,382045.031576,0,367
328844.814987,381926.264234,0,571
328852.528414,382058.861315,0,74
328714.085554,382036.770088,0,167
328933.607374,382044.908039,0,677
328816.317271,382083.414675,0,730
328592.937226,381934.290299,0,730
329241.311963,382329.932229,0,730
328744.072877,382141.601488,0,458
329005.861171,382097.947829,0,165
328751.58972,382207.262366,0,730
328711.447436,382016.917438,0,413
329184.244678,382312.968764,0,702
329167.411361,382399.067984,0,348
328826.723683,382002.926258,0,730
328910.87275,382065.155052,0,730
328735.370235,381955.303288,0,730
328787.945563,382022.361661,0,730
329116.45783,382162.49739,0,730
329104.77167,382138.270179,0,666
328770.000761,382001.348786,0,730
328820.114316,382054.654526,0,730
328768.573521,381990.858016,0,603
328633.155154,382064.27111,0,123
329004.191365,382174.759973,0,532
328690.705578,382112.34437,0,730
328641.604207,381979.51848,0,730
329259.309248,382240.428849,0,730
329230.028648,382265.28175,0,54
328692.161231,381896.539302,0,730
328892.030634,382223.530326,0,730
328972.102337,382210.997241,0,151
328779.342814,381968.443067,0,730
328659.48485,382086.260548,0,730
329201.084968,382371.313685,0,432
329119.080065,382203.858241,0,90
328616.724524,381951.269215,0,254
329280.114109,382315.090092,0,730
328933.217511,382213.933581,0,368
328875.985681,381976.785293,0,97
328696.859311,381938.023554,0,719
328688.192253,381990.263799,0,389
329150.056252,382138.733058,0,534
329036.51573,382289.192321,0,730
329050.430651,382273.44592,0,730
328687.228021,382143.790677,0,730
328766.163171,382053.279656,0,730
328829.632225,381948.669924,0,730
329179.245474,382228.80106,0,730
329056.37973,382252.686304,0,730
328869.130829,381999.802486,0,243
329101.572295,382236.034554,0,668
329137.882329,382140.079188,0,506
328709.989014,382043.824345,0,724
328703.610545,381875.434284,0,435
329164.178118,382360.535102,0,606
328809.713692,381972.676595,0,440
329174.3935,382387.747784,0,730
329027.332743,382118.32567,0,730
328609.264924,381958.586638,0,730
329162.776897,382383.383865,0,730
328792.340712,382008.198415,0,722
329155.590255,382268.948118,0,112
329045.93309,382161.314922,0,730
328861.713717,382026.735721,0,730
328860.926141,382057.665008,0,730
328784.489797,381948.340822,0,730
328893.468341,382195.904781,0,286
329072.949904,382095.161932,0,730
328690.181719,382127.909334,0,730
329140.050637,382332.215314,0,667
328843.397064,382026.990297,0,730
328810.32912,382192.737278,0,730
329054.464207,382216.742883,0,730
328917.698193,382277.581307,0,730
329220.602137,382238.336124,0,264
328687.928492,382057.593667,0,343
328724.842122,381868.679893,0,495
329215.034442,382230.700315,0,87
328722.200375,381884.847344,0,730
328994.791177,382203.134994,0,730
328818.879989,382069.547412,0,233
328657.512972,382016.232398,0,710
328863.590804,382042.368415,0,730
328882.797843,382018.412764,0,646
328709.556257,382075.585025,0,730
329184.502178,382290.790162,0,587
328999.658474,382235.01521,0,526
328812.429383,381952.961283,0,730
329135.731096,382145.108182,0,730
328784.730023,381945.790694,0,300
328879.084162,382005.000015,0,730
329118.121566,382334.005261,0,669
328975.570487,382176.628282,0,717
329242.346734,382366.875249,0,730
328692.828698,382053.677112,0,730
329096.806426,382143.248776,0,433
329166.103442,382354.87353,0,341
329160.818574,382244.939439,0,730
328674.291066,382017.144603,0,730
328732.879255,382173.111397,0,501
329218.383369,382287.610056,0,730
328773.95084,382178.97556,0,500
329289.508516,382206.517416,0,730
328848.018942,382194.691032,0,99
329006.629661,382115.059344,0,730
329190.886004,382190.209207,0,730
328744.15504,382020.163466,0,691
329211.746524,382232.687204,0,512
328776.156587,382033.353668,0,730
328753.648793,381883.441025,0,588
329262.574126,382339.107401,0,554
329233.326013,382324.826445,0,602
329145.956597,382355.166151,0,725
329018.13744,382305.782291,0,730
328759.834461,381972.178295,0,214
328681.250004,382037.798482,0,730
328948.116299,382303.499591,0,134
329291.76022,382275.591673,0,730
328671.736578,381879.173346,0,673
328726.776545,382073.753552,0,730
329034.490385,382290.220229,0,730
328589.930861,381989.680979,0,469
328827.537786,382253.559386,0,322
329244.750178,382285.669398,0,730
328958.916919,382095.088427,0,730
328850.691655,382243.572965,0,730
329066.719197,382157.434633,0,730
328897.612062,382144.376055,0,730
329170.830092,382320.856974,0,25
328627.521187,381900.998743,0,20
328848.821191,381993.833961,0,696
328708.30408,382156.561169,0,448
328886.321261,382082.49545,0,296
328598.450436,381917.053672,0,698
328689.130418,381900.276104,0,730
329174.197591,382328.411855,0,140
328769.798013,382113.225682,0,730
328614.763399,381855.193363,0,730
329129.584283,382282.833749,0,534
328697.357959,382012.747125,0,730
328778.706734,382074.64624,0,420
328942.901422,382251.315758,0,730
329259.18245,382342.155238,0,730
328804.999152,381925.952243,0,730
328901.463628,382193.678126,0,222
328910.44564,382066.755504,0,730
328598.161723,381883.779659,0,730
328801.616819,382140.10767,0,730
328728.857905,381897.178882,0,730
328827.419105,382043.802073,0,730
329196.461501,382305.412257,0,126
328622.407852,381991.51221,0,730
329034.615397,382196.798983,0,730
328623.499434,381965.376485,0,144
328949.040362,382187.722591,0,730
329092.09109,382264.560098,0,730
328645.080383,381976.080201,0,730
328570.469234,381962.707448,0,730
329231.369753,382275.140411,0,730
328656.486976,381966.759941,0,730
329202.144093,382239.144029,0,85
328807.046187,381933.353398,0,730
328813.117618,382040.022559,0,730
329245.465885,382274.577876,0,730
328649.090098,381894.507477,0,730
328662.991367,382023.164727,0,570
328900.094652,382206.685093,0,443
329258.078661,382283.713389,0,730
329238.045812,382328.094862,0,730
328919.129844,382021.558406,0,730
329214.49471,382164.814368,0,570
328880.699738,382196.554396,0,730
329162.981915,382139.048853,0,579
328842.737299,382145.065413,0,682
328766.054041,381960.632465,0,730
328601.220129,381942.779396,0,561
328964.78478,382237.250739,0,730
329155.505084,382217.636455,0,43
328894.68024,382032.551895,0,730
328931.512548,382109.416817,0,730
328710.857399,382085.648799,0,730
329088.304328,382346.420778,0,730
328762.419265,381897.188189,0,730
329062.273094,382241.998477,0,730
328725.050325,381972.145832,0,701
329028.592798,382284.118057,0,730
328885.764366,382012.12881,0,730
329229.834226,382403.831148,0,730
328857.759716,382206.077601,0,730
329012.660218,382277.453345,0,730
329178.469258,382393.077356,0,730
329274.425007,382265.86688,0,730
328856.588465,381987.092751,0,730
328776.650647,382142.035981,0,472
329000.130835,382289.064422,0,730
328747.659143,382197.096838,0,730
328896.887111,382034.655582,0,454
329143.248897,382214.847322,0,168
328733.208467,381988.10677,0,146
329282.849952,382220.766735,0,730
329199.530715,382284.683122,0,65
328558.484787,381928.670367,0,730
328904.454411,381989.709128,0,327
328583.949297,381939.293829,0,730
328741.201832,382153.420691,0,730
328531.850706,381938.748944,0,34
328564.331991,381917.427999,0,730
328812.141036,382209.770377,0,248
328626.506837,381865.246411,0,730
328818.068988,382055.767175,0,19
329094.151166,382234.858218,0,730
328713.0148,381929.017177,0,730
328731.852694,382146.745049,0,730
328632.83892,381898.47081,0,491
328660.876575,381856.252126,0,730
329270.555148,382185.005164,0,730
328700.36646,381975.226188,0,730
329137.306812,382234.745955,0,730
328919.424745,382109.254599,0,489
328653.866542,381959.965215,0,730
328848.177208,381955.213322,0,730
328623.216787,381936.068107,0,730
328820.020077,381944.724737,0,730
328851.962533,382080.591496,0,730
328734.494309,382177.37896,0,1
328986.12827,382251.60974,0,670
329100.399485,382153.688887,0,730
328874.292828,381948.138763,0,282
329302.83798,382182.639948,0,730
329122.113262,382356.125892,0,730
329240.715244,382329.876442,0,730
328910.239823,382221.423492,0,132
329068.952306,382334.177762,0,730
329236.358816,382175.546099,0,334
328673.301488,381941.708519,0,269
328765.302411,382077.288745,0,64
329094.106946,382211.515597,0,730
328703.163866,382051.315461,0,730
329043.387259,382112.723335,0,730
329152.95466,382175.42306,0,730
328971.097657,382116.257598,0,730
328814.073915,382011.404579,0,730
328684.87488,381881.504866,0,271
328821.913876,382086.236259,0,458
328749.561531,381948.933812,0,152
329176.143595,382174.38962,0,530
328965.273904,382214.2799,0,730
329245.138751,382281.395404,0,716
328935.508718,382298.917947,0,690
328747.742851,381953.975754,0,730
329150.735587,382380.869534,0,730
329249.74398,382204.815203,0,730
329032.125883,382277.062878,0,730
329194.287442,382377.539909,0,650
329180.968508,382371.943114,0,730
328792.163273,382063.307462,0,549
328917.321505,382046.340634,0,730
329172.69926,382218.327399,0,708
328575.817511,381966.446607,0,416
328708.375541,382165.550644,0,272
328578.168017,381898.922513,0,730
328881.927454,382221.441194,0,730
328670.991238,381946.20341,0,265
328926.082404,382091.997877,0,720
329058.002346,382117.688029,0,652
329184.743664,382325.6149,0,694
328811.342171,381931.325955,0,730
328841.950873,382220.089606,0,730
329239.125661,382380.570637,0,730
329230.630026,382261.15546,0,730
328679.337832,382047.040064,0,226
328828.439676,382122.984178,0,707
328787.75058,382121.831541,0,468
329133.051485,382142.412889,0,476
329303.404334,382257.025506,0,527
328606.813274,381865.482613,0,730
328632.869083,381895.759291,0,730
328799.814684,382138.523368,0,304
328756.78361,382071.112051,0,494
328992.812451,382187.230944,0,730
329008.680464,382213.645971,0,617
329133.000727,382360.009529,0,730
329130.815106,382150.29216,0,564
328856.371399,382110.900763,0,730
328506.713241,381901.139675,0,175
328960.987694,382178.487957,0,533
328912.984206,382047.084331,0,376
328775.408024,381973.657717,0,661
328835.586401,382090.58407,0,730
329029.652489,382160.878898,0,559
329144.921646,382356.782737,0,496
328668.787819,382003.561435,0,291
328992.491838,382316.664827,0,730
328867.374976,381951.004943,0,684
328649.899612,381933.640499,0,604
328731.608402,381988.183455,0,293
328849.35298,382185.680248,0,730
329084.391046,382196.565069,0,575
328782.529572,382151.416623,0,632
329167.970743,382394.72975,0,730
328774.074755,381922.592746,0,589
328842.933908,381950.175419,0,414
328807.925117,382027.101336,0,730
329305.298694,382219.173441,0,730
328841.591192,381939.860748,0,423
328573.10992,381981.477549,0,730
328534.62202,381902.689116,0,722
328711.332527,381960.367669,0,47
328865.847586,382160.102509,0,460
329280.848892,382300.488693,0,730
328713.336023,381914.714789,0,584
329101.792773,382213.160244,0,48
328570.615426,381915.600936,0,730
328657.493155,382032.999198,0,358
328831.671209,382146.14181,0,109
328836.35928,381966.662152,0,730
329072.151155,382103.435906,0,730
329120.253533,382334.81659,0,730
328600.473259,381882.205025,0,730
329004.510874,382249.673439,0,730
328986.554192,382043.706367,0,351
329241.372205,382253.383734,0,371
328806.819589,381901.669312,0,10
329046.810467,382151.759669,0,198
328731.553979,382066.701275,0,730
328952.151357,382297.704377,0,730
328609.058634,382028.884432,0,645
328894.038985,382020.237288,0,730
328838.119702,381945.688129,0,730
328981.235052,382093.345112,0,674
328866.361531,381966.005594,0,431
328634.086156,381940.428629,0,161
329061.160951,382288.490373,0,730
328751.562232,382102.23777,0,178
329079.471745,382118.588813,0,730
328958.725306,382038.865931,0,280
328599.584256,381939.75086,0,672
328998.701908,382078.449707,0,45
329308.065543,382233.442991,0,730
328844.985404,382056.671702,0,118
329023.797039,382088.194723,0,730
328767.721055,381945.035697,0,115
329310.672625,382199.209857,0,730
328841.159364,381984.780295,0,730
328707.570737,381959.374993,0,730
329271.22218,382304.971244,0,302
329017.635228,382143.597786,0,730
329021.131025,382330.981602,0,257
329155.835214,382325.728843,0,730
328559.331612,381973.40144,0,528
328943.943043,382051.352557,0,497
328937.692894,382075.744035,0,730
328941.28511,382009.271477,0,730
328573.373139,381952.410664,0,65
328927.881105,382127.727339,0,730
329042.793924,382332.25141,0,497
328811.240156,382169.209729,0,730
328853.897275,381947.777649,0,730
328870.052905,382087.073458,0,730
328972.845502,382289.912544,0,303
329110.083985,382273.051149,0,329
328858.892518,382123.122751,0,533
328703.045189,382102.222041,0,730
328736.338153,382035.762478,0,171
329044.734763,382264.373062,0,597
328730.558577,382076.783097,0,730
328825.617648,381949.887762,0,730
329080.858692,382234.024116,0,592
328499.065608,381912.568255,0,730
328765.293554,382100.122755,0,29
329133.851331,382213.244319,0,730
328771.829992,382108.213924,0,197
328539.278277,381923.906949,0,485
328956.43001,382128.390476,0,314
328581.051471,382001.174971,0,315
328815.977093,382095.787609,0,730
329139.7397,382352.480557,0,259
329179.11708,382385.37868,0,655
329021.605327,382103.113447,0,730
329184.668591,382260.003396,0,568
328950.105678,382207.990766,0,660
328910.522999,381995.923261,0,730
329038.80454,382137.990479,0,730
329279.229245,382176.807554,0,471
329096.332752,382277.508274,0,730
328883.992702,382174.009502,0,403
328976.607898,382129.634477,0,730
328804.811213,382114.755186,0,730
329114.291504,382268.78316,0,337
329092.046041,382286.156182,0,612
328595.138467,381961.429083,0,730
328752.080694,382180.401732,0,730
329257.41242,382335.71529,0,730
328951.35826,382295.057728,0,730
329030.821512,382316.934945,0,730
328618.88536,381945.685978,0,648
328607.616148,382041.715595,0,730
329116.915359,382348.321192,0,653
329146.891224,382283.548212,0,208
328609.783169,381927.597543,0,684
329067.215727,382276.084778,0,730
328632.921158,382076.523754,0,730
328799.130598,382192.681081,0,691
328941.300034,382167.330392,0,730
329130.088306,382221.319199,0,527
329253.207894,382337.11876,0,730
328681.905522,381895.23511,0,232
328752.647517,382159.269483,0,730
329118.885522,382240.562654,0,445
328825.054696,382141.045142,0,730
328607.883171,381986.680248,0,730
329087.39691,382282.876511,0,388
329067.713538,382125.530119,0,730
329205.687481,382253.363944,0,723
329012.810985,382169.588033,0,730
328582.311454,381927.25852,0,66
328987.160267,382191.733166,0,730
329296.551736,382256.029664,0,730
329050.911713,382163.477614,0,513
329287.696396,382184.790315,0,332
329058.133207,382201.833289,0,292
328625.310302,382049.955365,0,730
328767.439653,382196.151929,0,730
328607.738918,382021.101641,0,730
328588.732922,382008.747668,0,400
329001.9163,382197.966321,0,7
328552.628303,381931.250382,0,730
328702.968226,382005.0893,0,730
329166.968069,382378.521736,0,730
328848.943409,381948.415128,0,156
328727.246752,381936.372253,0,248
328961.295619,382262.643052,0,730
328976.34613,382276.813589,0,366
329053.01452,382251.004673,0,730
328879.192883,382050.710753,0,676
329059.046764,382146.939616,0,594
328628.188345,381885.991154,0,230
329151.982184,382373.93007,0,277
328532.683174,381863.354827,0,369
329031.138056,382340.353297,0,680
329078.225888,382359.444861,0,730
328994.133601,382270.525789,0,39
328805.018865,381925.930977,0,730
328816.58814,382161.199723,0,145
329276.581317,382211.849756,0,730
329089.450922,382353.699977,0,213
328669.120328,382082.150178,0,730
328596.94702,381962.729431,0,153
328842.679797,382261.613161,0,306
328551.276996,381895.23889,0,551
329083.800637,382177.104253,0,164
328605.963565,381903.594999,0,636
328921.393407,382148.329656,0,730
329098.211824,382175.534453,0,730
328798.814337,382198.837294,0,730
328761.907086,381893.334373,0,431
328882.240436,382128.173611,0,84
328873.306584,382039.459555,0,683
328987.843243,382144.900846,0,729
329050.954191,382319.078946,0,730
328858.386252,382199.742323,0,682
328574.344947,381873.296633,0,730
329022.674355,382247.489863,0,730
328705.99762,382001.894297,0,577
329283.554462,382303.107927,0,94
329252.775061,382199.872612,0,323
329162.288943,382186.860729,0,159
329006.139145,382238.524175,0,730
328774.94156,382189.598874,0,368
328729.056103,381959.142731,0,473
329102.563636,382313.908475,0,110
328560.517202,381955.833882,0,730
329261.804194,382232.867216,0,730
328959.134942,382230.126135,0,727
328900.10022,382086.861452,0,181
328836.251525,382169.954941,0,730
328784.84113,382100.378853,0,730
329130.842219,382154.012078,0,217
328815.138091,382229.783081,0,173
328561.159348,381899.825455,0,88
328921.605015,382238.969898,0,730
328907.484312,381991.76125,0,666
329285.591548,382308.795958,0,715
328918.57259,382173.039011,0,730
328721.095155,381977.350128,0,21
328627.926988,381864.779056,0,111
328880.106043,382141.423205,0,730
328562.396121,381956.773714,0,730
329011.072731,382074.161612,0,523
328656.191416,381932.037985,0,730
329238.132349,382210.441032,0,182
328736.252196,381876.533647,0,43
328742.570538,381969.977867,0,130
329221.534826,382322.367638,0,428
328917.766461,382006.347355,0,730
328671.715897,382096.5918,0,730
328877.888793,382150.466196,0,46
328742.382645,382124.451953,0,730
329051.007944,382163.304417,0,663
329300.727302,382214.414959,0,572
328817.646003,382021.577452,0,97
329084.666935,382321.57715,0,411
329085.852036,382260.511432,0,730
328600.213015,381908.208631,0,10
329101.384443,382238.436673,0,730
328858.937323,382204.308744,0,622
328513.458397,381920.87445,0,730
328982.993515,382203.703151,0,730
328617.21171,381858.079409,0,730
329015.803654,382189.543375,0,671
328549.840918,381952.090157,0,376
328775.755179,382078.789526,0,730
328880.931463,382043.287592,0,479
328651.909541,381940.02014,0,730
329096.51645,382263.811101,0,349
329010.405065,382314.071167,0,730
329082.265038,382154.244218,0,415
328853.926392,382009.61206,0,730
329304.260246,382193.297211,0,730
329034.365643,382199.656298,0,294
329073.386421,382266.496553,0,730
328908.551731,382274.624481,0,406
328825.666671,382135.385125,0,59
328637.505615,381892.161392,0,112
329165.451019,382263.343371,0,394
328637.353513,381912.190545,0,730
329042.463415,382190.606801,0,730
329277.172798,382322.726998,0,552
328725.537315,382007.671096,0,730
329204.01053,382318.359136,0,730
328755.312443,382112.3531,0,730
328603.974533,381934.722617,0,373
328770.188516,381965.393556,0,101
329199.674105,382184.328623,0,316
329149.544326,382313.943519,0,136
328936.669804,382094.240918,0,730
328902.490213,382164.588643,0,298
328827.764982,382242.294498,0,553
329116.945786,382119.707283,0,108
328626.289645,381983.805864,0,327
328908.330108,382141.551873,0,730
328972.60687,382211.766472,0,730
329090.554936,382192.649081,0,30
329154.535393,382243.558575,0,712
328891.569481,382172.901401,0,730
328896.172587,382265.638935,0,683
329118.135581,382302.216687,0,730
328836.549152,382048.058662,0,141
328915.248936,382032.093086,0,730
328721.010276,382165.571933,0,730
328983.20514,382198.574356,0,730
329178.889352,382302.723547,0,730
328527.149747,381866.356912,0,730
328901.80831,381974.121135,0,730
328737.342803,382153.996211,0,730
329176.158566,382259.009706,0,685
328803.044121,382145.837103,0,730
329217.405632,382389.485886,0,576
329103.536904,382151.536078,0,730
328970.563837,382256.325342,0,712
328842.279335,381967.445242,0,730
329138.33501,382329.749686,0,290
328810.737811,381941.209478,0,730
328904.309804,382186.913819,0,730
328590.769179,381937.218685,0,730
329289.107703,382201.703939,0,730
328696.463581,382118.798569,0,404
328783.706683,382097.871916,0,730
329107.909729,382336.947577,0,218
328974.360676,382277.424324,0,247
328793.694352,382031.530732,0,562
328814.297901,382052.740012,0,203
328716.277948,382102.384141,0,366
328936.770261,382250.758636,0,730
328718.151267,382055.727065,0,730
328886.539263,382119.883158,0,450
328943.831804,382111.03707,0,519
328797.010876,382102.723735,0,152
329170.513974,382278.773622,0,730
329118.564207,382262.328836,0,545
328640.862734,381961.459721,0,509
328945.119018,382038.957454,0,730
329159.439838,382183.136107,0,730
328880.92226,382251.708769,0,697
328783.090242,382138.381082,0,82
329067.415858,382186.086716,0,730
328842.377811,381949.099375,0,382
328876.163769,382093.481996,0,335
328723.085107,381969.718985,0,571
329024.471406,382100.152605,0,730
329043.975218,382109.089137,0,227
328774.989454,381925.713163,0,384
329125.621223,382231.649876,0,730
328726.399608,381909.096326,0,647
328612.715867,382009.504172,0,730
329036.35441,382094.352366,0,730
328807.440799,382008.054738,0,730
329109.437881,382374.058271,0,581
328680.975943,382095.573011,0,642
328709.462933,382078.820528,0,730
329261.087649,382249.2542,0,730
328890.883738,382003.136374,0,239
329269.673582,382201.154637,0,730
329204.107986,382246.586688,0,730
329249.366617,382346.019563,0,599
328807.883424,382031.429864,0,333
329158.828801,382152.114547,0,730
328610.233248,382018.538087,0,730
329056.281599,382188.401981,0,687
329165.059094,382349.247071,0,730
328845.690556,382006.638002,0,644
329169.391895,382358.413326,0,627
328842.529101,382080.61734,0,730
328701.674562,382114.981619,0,730
328848.00158,382055.025976,0,463
328885.698587,382122.487096,0,611
328501.670944,381901.62755,0,730
328615.010651,382025.660225,0,730
329088.248949,382125.297565,0,730
328850.255457,381950.265778,0,117
328695.000906,382150.146982,0,730
328603.043549,381985.781789,0,409
328743.245737,382160.102307,0,730
328877.231771,382208.162037,0,203
328818.147165,382057.010873,0,301
328755.408147,381979.723222,0,85
329167.348767,382212.577959,0,391
328640.290844,382075.771505,0,730
328831.988955,381953.014278,0,730
328553.221742,381942.520919,0,111
328708.576377,381954.801275,0,246
329050.231838,382085.354042,0,230
329174.312591,382398.947417,0,361
328804.978647,382073.083553,0,636
329275.338987,382179.294177,0,730
329085.256927,382098.755775,0,730
328979.87746,382303.337101,0,511
329115.063294,382225.578399,0,452
328625.899395,382006.720101,0,98
328731.372995,382141.13746,0,730
329189.487477,382358.436788,0,504
328805.451596,381947.81799,0,653
328954.433776,382237.771439,0,405
329058.833697,382274.229357,0,517
328782.239158,382005.9282,0,730
329247.490329,382311.107544,0,433
329131.085086,382184.098574,0,730
328684.146835,382112.389628,0,730
329070.402859,382174.51433,0,730
328791.283112,382182.750639,0,730
328920.705851,382172.415938,0,724
328891.202804,382045.145056,0,730
329027.189866,382172.220721,0,32
328871.468064,382071.911499,0,730
328943.655064,382015.648424,0,730
328790.349487,382164.774265,0,730
328863.455033,382004.455284,0,556
328683.140527,381882.018768,0,206
328705.376581,382132.411651,0,730
329261.724419,382163.719753,0,730
329026.270258,382284.466828,0,730
328789.847549,382158.973481,0,663
329136.466175,382139.837688,0,457
328746.87311,381939.530694,0,730
328642.063872,382046.674238,0,517
329185.881566,382206.270807,0,730
328892.218825,382082.359044,0,730
328676.51811,381991.103936,0,201
328918.342377,382058.04949,0,730
328997.43077,382071.079231,0,730
328912.105085,382143.084861,0,730
329068.057846,382113.337134,0,465
329287.979762,382303.225774,0,730
328881.747474,382262.231154,0,429
329217.848921,382206.557331,0,730
328550.729043,381913.685702,0,730
328822.379806,382218.880379,0,730
328825.967874,382085.894855,0,119
328992.510284,382256.355442,0,730
328658.398258,382043.196068,0,507
328717.527452,382026.178261,0,730
328574.833496,381998.596905,0,410
328605.48127,381979.715262,0,730
328618.65265,381897.387722,0,730
328701.955919,382026.569802,0,730
329023.769284,382160.973857,0,730
329056.605518,382096.7219,0,596
328633.280789,382018.932163,0,730
328947.301216,382171.25812,0,730
329013.548279,382308.379878,0,730
329005.425658,382249.755676,0,730
328848.754715,382056.362367,0,162
329056.49331,382229.458129,0,644
329023.197991,382294.341973,0,730
328709.78593,382145.512057,0,6
328971.298898,382150.837808,0,730
328930.223192,382246.546094,0,709
329033.170708,382242.462458,0,730
329195.426332,382208.325759,0,730
329126.84773,382376.147869,0,730
328920.391755,382134.880891,0,131
328610.889078,381920.947922,0,730
328806.392933,382232.737728,0,419
328865.228456,382088.443075,0,242
328701.734044,381959.233362,0,730
328968.875056,382034.949874,0,730
328872.952551,382214.206765,0,730
328898.752872,381966.665998,0,730
328524.485815,381899.182313,0,730
328538.420395,381927.826974,0,624
329299.865994,382210.65642,0,679
328746.760981,381951.29079,0,730
329116.746359,382230.294208,0,730
328677.46426,382078.890503,0,183
328851.225217,382143.821548,0,730
328707.42395,381997.106015,0,167
328861.848639,382027.090003,0,553
328545.517346,381955.82888,0,730
329253.64803,382321.554884,0,730
328663.314728,381886.937743,0,730
328831.301606,382245.416928,0,730
329211.006694,382199.291111,0,730
328554.223303,381869.056605,0,730
329012.203446,382325.242578,0,730
329054.058389,382209.471922,0,730
329258.241339,382194.631671,0,730
328539.352022,381950.158003,0,730
328900.878243,382116.165397,0,244
328594.32368,381883.170718,0,730
328795.407666,382084.491683,0,585
328732.110616,382175.774346,0,467
329104.75091,382264.300988,0,120
328645.827329,382009.375693,0,730
328698.577249,382150.068372,0,169
328677.706409,382002.936603,0,730
329123.190423,382232.060616,0,469
328945.282488,382280.30115,0,668
328899.628924,382158.431276,0,550
329068.61951,382148.403742,0,730
329146.474789,382244.227918,0,680
328775.334186,382082.219489,0,654
329107.846461,382233.590395,0,730
329192.958284,382366.534866,0,730
328778.991745,382037.796682,0,521
329039.927885,382297.406953,0,730
328627.55783,382008.075803,0,730
329100.871061,382177.843317,0,670
328760.249248,382208.118946,0,730
329131.339357,382315.556812,0,279
328628.428047,381988.354944,0,262
329181.166605,382311.534016,0,453
329101.249218,382278.252318,0,350
329019.936602,382319.320842,0,689
329036.863377,382200.074927,0,730
329137.170343,382225.956521,0,730
328548.122136,381892.484961,0,730
329165.214381,382253.188772,0,371
328599.726085,381864.674214,0,609
328721.805528,381895.854419,0,730
329032.690369,382115.874478,0,730
329179.497427,382280.851811,0,395
329132.036592,382295.161985,0,730
328743.431394,382179.02464,0,730
328614.242138,381980.905643,0,639
328685.065232,382067.04673,0,600
328766.276499,382064.737284,0,560
328679.571344,381953.844495,0,588
328787.0069,382021.244326,0,730
328658.83672,381890.740708,0,701
328824.981968,382210.164247,0,730
328670.008686,381940.266232,0,637
329168.74338,382307.661391,0,730
328838.967352,381938.832183,0,13
328740.194743,382084.310704,0,730
329035.350673,382165.144773,0,616
328587.165374,381983.07272,0,730
329112.892923,382302.524273,0,730
328931.495675,382244.274572,0,730
329028.717777,382076.138638,0,730
329005.451861,382217.072564,0,363
328703.601199,381943.261993,0,395
328865.490835,382085.673196,0,422
328706.641506,382122.746596,0,289
328604.071976,382017.602193,0,514
329161.867748,382279.086475,0,448
328770.458551,382010.951288,0,730
329083.700275,382166.351608,0,729
328899.21834,382055.610112,0,730
328881.387688,382064.197544,0,499
328975.675476,382054.120668,0,730
328710.636365,381913.843891,0,385
329169.016875,382250.614618,0,686
329319.415213,382191.612075,0,730
328779.372474,382086.077311,0,129
328655.73001,382077.052766,0,730
329217.720584,382398.815419,0,623
328896.520705,382226.955514,0,124
328890.981305,382182.179061,0,730
329056.177226,382311.244772,0,730
328543.712975,381869.861566,0,492
329013.178183,382325.651833,0,338
328883.564544,382196.796631,0,730
329017.131199,382134.589094,0,730
328735.365706,381921.019482,0,730
329012.358141,382162.382579,0,159
328956.895842,382036.650843,0,730
328758.433758,382206.311252,0,54
329231.096689,382205.728354,0,333
329188.232534,382201.039483,0,730
328585.132178,381978.853341,0,583
329269.157574,382267.573341,0,730
329320.966747,382190.116422,0,730
328647.903976,382037.162422,0,274
329203.67971,382287.272856,0,547
329037.30376,382137.394604,0,730
328806.075331,382161.948742,0,730
329078.771849,382135.720526,0,435
328802.035294,382092.761063,0,730
328945.757539,382281.344071,0,730
329062.063711,382269.621676,0,201
328828.373855,381987.844135,0,292
329040.131357,382340.822074,0,730
329006.713671,382269.847156,0,413
329027.767191,382185.43019,0,584
328902.51496,382218.431076,0,698
328751.382765,381979.766779,0,285
328851.904195,382213.356858,0,730
329141.725676,382377.564085,0,730
328540.94627,381867.153696,0,39
328652.826557,381986.460049,0,573
328670.299383,381990.285277,0,730
328782.853014,381928.569644,0,730
328659.084467,382029.46278,0,281
329194.243642,382184.469151,0,730
328761.12992,381924.030197,0,730
328621.326283,381890.972077,0,730
328676.385845,382100.017612,0,416
329107.161907,382283.258239,0,730
329289.814345,382239.423021,0,407
328878.230863,381967.653019,0,730
328898.467857,382184.064618,0,589
329252.781276,382367.328672,0,145
328577.244122,381992.678421,0,45
328767.455522,381934.487812,0,603
329289.536014,382276.233893,0,730
328925.985022,382172.577879,0,102
328871.656926,382091.590087,0,730
328877.050938,382073.602058,0,730
328572.325358,381867.685331,0,590
328940.563366,382260.55128,0,730
328583.079239,381966.384952,0,730
328893.331406,382103.970101,0,730
328770.649179,382167.50364,0,730
328603.616562,381892.490806,0,481
328890.394365,381985.578208,0,490
328849.365312,382107.860818,0,406
328658.058953,382066.223145,0,138
329221.076767,382188.268256,0,730
329167.439558,382226.34422,0,730
329291.258943,382197.839722,0,730
329128.71362,382238.457298,0,219
329176.382657,382295.15307,0,730
329285.724515,382173.010656,0,730
328739.034498,381876.805781,0,730
328665.003042,381998.579607,0,326
328795.257001,382097.560657,0,659
328707.557823,382159.491893,0,535
328697.047592,382083.20804,0,730
329068.236726,382355.166088,0,730
328677.618491,382113.550082,0,640
328996.78788,382233.724877,0,113
328537.959216,381868.996604,0,730
329217.939558,382320.826863,0,730
328957.261118,382068.083069,0,730
328779.237173,382208.83382,0,730
328958.195723,382246.319669,0,316
328875.270004,381969.08905,0,598
328922.827939,382068.407615,0,730
328802.24027,381906.977986,0,730
328789.825847,381900.003172,0,283
329058.177003,382135.832366,0,121
329159.341886,382261.92329,0,560
328818.532344,382238.044556,0,464
328801.817796,381951.909622,0,15
329242.365676,382304.853127,0,123
328649.643478,381981.864341,0,195
328924.430771,382010.775894,0,439
328597.000237,382013.548832,0,730
329243.963611,382405.483175,0,380
329086.64022,382251.803402,0,730
328714.198275,381888.33624,0,228
328843.016491,382088.244435,0,197
328489.489295,381896.823885,0,730
329122.451148,382176.916728,0,580
329198.275596,382263.465422,0,544
329013.236297,382228.093745,0,730
329268.504345,382332.273659,0,721
329087.183072,382346.478318,0,133
328905.786386,382137.674399,0,730
328996.617854,382077.06818,0,608
328594.318395,382012.400999,0,730
328870.760127,382014.692524,0,350
328714.521361,382152.394673,0,730
328655.174398,382096.452367,0,730
328582.375657,381903.771716,0,639
329309.043341,382203.965499,0,730
329222.650116,382215.867619,0,126
329242.918413,382363.153858,0,568
329298.926076,382219.759409,0,730
328970.72794,382133.086357,0,730
329033.001592,382102.680617,0,713
328769.223167,382067.491196,0,730
329245.820346,382295.469772,0,491
329043.712348,382166.774028,0,730
329175.427784,382350.196427,0,730
329141.64529,382364.558157,0,730
328629.509011,382013.160468,0,485
328786.571132,381935.684773,0,730
328845.48529,382242.953012,0,473
329266.235111,382347.103617,0,730
328768.802291,382044.810787,0,730
328718.166803,382008.039186,0,621
328885.112253,382203.248865,0,730
329132.635718,382379.319736,0,730
329164.650426,382282.638447,0,730
329164.374453,382376.193461,0,730
329283.924827,382263.837313,0,714
328489.02461,381910.623552,0,730
328708.887432,382083.49488,0,596
328974.660143,382134.689222,0,695
328710.220736,381897.705671,0,488
329047.698746,382215.434425,0,730
329218.661515,382257.043142,0,614
328867.061313,382025.403871,0,725
328750.86613,382186.622363,0,150
329092.698851,382216.024664,0,37
329160.107688,382189.501331,0,506
328745.38654,382076.876847,0,730
328750.526946,381904.180352,0,730
328899.450915,382137.801714,0,730
328945.212009,382296.788529,0,360
328813.393195,382065.309112,0,730
329283.98204,382265.861236,0,475
328668.015242,381993.30986,0,730
328799.000955,382086.188957,0,730
328830.961447,382097.524388,0,47
328668.198596,381870.601956,0,730
328608.148625,381876.376658,0,730
329038.893043,382259.312501,0,287
328802.723268,382227.420048,0,730
329069.595684,382198.144214,0,192
329269.110641,382336.429206,0,508
329155.928822,382352.035348,0,250
329156.029977,382209.336365,0,730
328808.45085,382054.271467,0,146
329274.96994,382264.463539,0,730
328989.164784,382321.075599,0,466
329207.592073,382350.835984,0,730
329095.46179,382193.326668,0,330
329224.520421,382234.980941,0,730
328676.608786,382017.150773,0,730
328860.546633,382216.949386,0,505
328798.002329,381911.493555,0,730
328917.930565,382181.511647,0,730
328885.99963,382071.619549,0,730
329215.126951,382290.893822,0,288
328687.678078,382041.102747,0,730
328493.75987,381911.225022,0,730
328767.062834,381948.417694,0,255
328872.92912,381997.546717,0,730
329057.989026,382234.542144,0,730
328692.340747,382059.824854,0,730
328713.019235,382010.447241,0,730
328626.652431,382059.830234,0,730
329121.298516,382264.650154,0,437
328501.78735,381920.18256,0,730
329267.996704,382303.468229,0,555
328880.721795,382144.184895,0,72
328585.213738,381876.110702,0,377
329274.053259,382283.500109,0,730
328832.905114,382243.687067,0,730
329104.107607,382334.709763,0,417
329099.663254,382298.246087,0,675
329022.428892,382174.017625,0,360
328867.607165,382063.424085,0,362
329162.615165,382289.068888,0,601
328692.584129,381910.33747,0,730
329240.752429,382246.975917,0,730
329310.160955,382224.691539,0,317
328672.670768,381909.41331,0,409
328670.85624,381900.219315,0,240
329109.151715,382179.53077,0,730
329021.778635,382179.034741,0,730
328605.061956,381982.992188,0,730
328733.700676,381975.942565,0,537
329091.969179,382311.395741,0,188
329056.980228,382159.221971,0,730
328927.524168,382238.051875,0,730
328560.698165,381949.663621,0,665
329000.095089,382226.700017,0,730
329170.677968,382328.706277,0,613
329166.724382,382264.92391,0,275
329129.304733,382300.901801,0,73
328906.494723,382202.401022,0,730
328623.321142,381867.093865,0,730
328736.212961,382108.41471,0,730
328981.685592,382087.301419,0,312
328752.369233,381982.004639,0,483
328664.982664,381965.425197,0,730
329325.560593,382206.123738,0,730
328836.106975,382084.498895,0,137
328952.519033,382070.985548,0,730
328677.237496,381947.026741,0,57
328954.470223,382256.324482,0,334
328576.117672,381888.346478,0,730
329274.29386,382317.792881,0,401
328795.741005,382140.179751,0,620
329203.245755,382286.555172,0,518
328983.999054,382211.124989,0,565
329137.147547,382294.486625,0,648
328691.101808,382129.702564,0,625
329198.869764,382230.774758,0,600
329071.524954,382216.491256,0,457
328776.430277,382159.346604,0,647
328735.243857,381892.558157,0,730
329150.909951,382377.859567,0,68
328742.569947,382106.23418,0,730
329266.910897,382326.095429,0,730
328640.942549,381983.685437,0,730
328904.567763,382248.62019,0,49
329182.13732,382202.015988,0,689
328994.906413,382167.053007,0,730
328967.438797,382237.395726,0,285
329102.619667,382349.060009,0,451
328691.477424,381941.444358,0,730
328930.477715,382183.898004,0,499
329224.011529,382237.894858,0,730
328697.453456,381934.70882,0,649
329142.119451,382357.942334,0,730
329208.154547,382285.817704,0,95
328939.062671,382066.372076,0,569
328777.008674,381888.928205,0,251
328822.345989,382045.982294,0,536
328706.286212,381981.583604,0,556
328964.768805,382081.271751,0,155
329021.382237,382191.513525,0,628
329217.344792,382320.963453,0,730
328984.383407,382278.092586,0,631
328915.991895,382133.581021,0,447
328801.417742,382155.36695,0,730
328893.460196,382255.627035,0,730
328846.886489,382005.793913,0,730
329020.588188,382186.946572,0,730
328883.900763,381953.462038,0,318
328998.94334,382072.619202,0,730
329008.788221,382129.397919,0,704
329294.520676,382261.478223,0,730
328526.160758,381927.279087,0,730
329184.413374,382282.437458,0,730
328708.557244,382106.799235,0,675
329011.057812,382093.062859,0,730
328872.705734,381960.31544,0,730
328875.243601,381969.917766,0,730
328896.384732,382244.818097,0,591
328967.73974,382226.953548,0,730
328894.222509,382175.865065,0,205
329075.167495,382298.380071,0,730
329090.550954,382287.017273,0,730
328842.026786,382096.930011,0,730
328739.086864,382016.203651,0,313
328562.475786,381953.981074,0,730
329038.052614,382111.200112,0,730
329197.120118,382233.235034,0,619
328739.949794,381931.315596,0,105
329065.711278,382164.897427,0,55
328957.378453,382176.612954,0,461
329208.820259,382257.132843,0,390
328947.863348,382024.159426,0,730
328584.058301,381901.817181,0,127
328738.009367,382170.469729,0,730
329152.415146,382373.283192,0,251
328817.922928,382168.863098,0,715
328988.060218,382137.647914,0,730
328787.257827,382107.277539,0,730
329061.514254,382234.528765,0,730
329095.231738,382324.337186,0,442
329027.344859,382222.129755,0,421
328797.706265,382160.39386,0,437
328840.676685,382076.575365,0,730
328552.164757,381941.192809,0,619
328807.962985,382150.795301,0,617
329153.666702,382215.305438,0,730
328643.981143,381945.759984,0,252
329185.850525,382164.277345,0,730
328667.836975,381926.875992,0,566
328644.304868,382070.556135,0,730
328880.897571,381974.992339,0,730
328832.022938,382154.389448,0,730
329006.371804,382267.9346,0,730
329125.210278,382168.782433,0,612
329210.35139,382281.316603,0,451
329136.91039,382371.349285,0,730
328647.949804,381948.963558,0,730
328592.934667,381908.625444,0,207
328850.422675,382175.804924,0,730
328693.909351,381877.853681,0,730
328607.261237,381865.368336,0,307
328813.931425,382146.56936,0,730
329087.678973,382336.918889,0,730
328960.697941,382033.70412,0,705
328646.126746,382054.219581,0,730
328612.358361,381999.511845,0,615
328822.899411,382230.178505,0,645
328604.124545,382024.819078,0,730
328664.250414,382110.167415,0,730
329298.606437,382261.493313,0,402
328820.765307,382036.345945,0,557
329032.479645,382113.480314,0,730
329006.263408,382149.229667,0,393
328986.860313,382138.42577,0,730
328769.368156,382086.899648,0,730
328824.447584,381911.80111,0,566
328621.314731,382058.174653,0,730
329210.696797,382150.324642,0,135
329170.219045,382321.04579,0,730
328691.041384,381893.997492,0,730
329036.84976,382316.963636,0,730
328654.999233,382063.345023,0,676
328797.527041,381957.838189,0,254
329200.516437,382300.180319,0,730
328869.459614,382122.588144,0,507
328939.812122,382068.329674,0,501
328640.820844,381940.830464,0,730
328621.968161,381951.73446,0,559
328773.726793,382009.415406,0,730
328632.323037,382019.574093,0,730
328659.756023,381967.425739,0,107
329190.235858,382266.348966,0,730
329151.545717,382389.197999,0,174
328592.546507,381875.997481,0,336
329168.411003,382267.745103,0,730
329223.909516,382164.235309,0,730
329238.264621,382263.677245,0,456
329075.627771,382270.819926,0,730
329166.866061,382252.958867,0,580
329220.790777,382329.47494,0,310
328871.662401,382084.05144,0,730
329201.195997,382193.466704,0,444
328773.022334,381902.972171,0,730
329058.983642,382194.344899,0,13
329001.611376,382076.253518,0,229
329186.649449,382247.611144,0,673
328981.882879,382129.390326,0,730
329248.933077,382256.918085,0,730
328582.225167,381915.341259,0,730
329082.415512,382204.991707,0,730
328800.927879,381963.881243,0,704
328939.907442,382148.840595,0,730
328586.455542,381866.17671,0,730
328881.485731,382051.391397,0,730
329027.307286,382103.946218,0,730
328818.753516,382156.897381,0,730
328912.596591,382216.943997,0,238
328564.788095,381938.908036,0,642
328878.332209,382083.882381,0,602
328907.66466,381979.303433,0,727
328968.001837,382308.085005,0,730
328824.343987,382159.344419,0,730
329101.36215,382243.032532,0,730
328860.975038,382051.602619,0,482
328704.505644,382083.375801,0,730
329248.873924,382338.059337,0,372
328594.814241,381989.450974,0,694
328813.037518,381928.727604,0,730
328890.879417,382246.649434,0,67
329019.969856,382192.070472,0,661
329113.712452,382324.757088,0,730
328745.049291,381971.344625,0,151
328660.050719,381956.955476,0,730
328817.696948,382039.892585,0,730
328664.905343,381886.063776,0,730
328833.842381,382137.90911,0,631
329197.384498,382260.42367,0,441
329259.767295,382332.667822,0,355
329195.8796,382186.452761,0,730
328614.023164,381982.606115,0,674
328720.384299,382008.7929,0,730
328786.984028,382055.546787,0,730
328848.764058,382258.231426,0,640
328857.354272,381999.695968,0,730
328948.134311,382287.03338,0,421
328655.447135,381964.348425,0,89
329099.685864,382345.253966,0,57
328571.698824,381870.087632,0,158
328639.262456,382035.071665,0,205
328805.223295,382217.043319,0,730
329324.108099,382189.144445,0,730
328923.433928,382013.592771,0,730
328790.768536,382112.843851,0,730
329108.742655,382313.39574,0,685
329010.141767,382328.434573,0,141
328831.691979,382042.191208,0,537
328776.072533,381958.025016,0,730
328724.657357,382030.785076,0,513
329025.216885,382294.883435,0,730
328778.242324,381903.305821,0,730
328807.563472,382139.09205,0,730
328788.73732,382090.760051,0,657
328873.674269,382028.366198,0,730
328749.949845,382045.965483,0,730
328851.432372,382145.027741,0,730
328999.493357,382325.765719,0,730
329002.962467,382125.329008,0,608
329173.576188,382365.110517,0,730
328677.344315,381971.613246,0,687
328873.306967,382261.084046,0,730
329148.983848,382155.155255,0,707
328809.287887,381924.203587,0,633
328927.645301,382205.862942,0,730
328691.547354,381871.283011,0,730
329162.963052,382377.66002,0,730
329178.435459,382387.417019,0,133
328665.478757,381872.456461,0,210
328662.65876,381854.96433,0,349
329295.246205,382228.611101,0,730
328710.271227,381950.130459,0,728
328861.947458,382023.568754,0,490
328773.845932,382102.264028,0,354
328980.182351,382188.529944,0,31
329233.481675,382314.80307,0,26
328760.913302,382202.558309,0,466
328953.352813,382220.462689,0,730
328911.94039,382286.680872,0,730
329032.930543,382285.335274,0,730
328706.957301,381862.727823,0,730
328734.154875,382150.109282,0,252
328681.475325,382044.413207,0,364
328580.278618,381960.85645,0,136
329043.992816,382248.094764,0,41
328586.260979,381865.325612,0,396
328541.456205,381885.437993,0,730
328818.686818,382005.74164,0,551
328675.471207,382097.228292,0,709
329064.817712,382319.452973,0,264
329195.63062,382305.169061,0,140
328692.993827,381996.143385,0,730
328948.989579,382067.923156,0,730
329241.375523,382223.723095,0,505
329026.935789,382280.961375,0,730
329009.51948,382298.112762,0,730
328666.966286,382109.234926,0,314
329233.887443,382315.893891,0,730
328778.79406,382219.416012,0,579
329166.997008,382364.143437,0,397
329143.869698,382140.073322,0,281
328692.129438,382000.912149,0,598
329124.299767,382130.189259,0,730
329119.225262,382201.291179,0,260
329107.643649,382116.988437,0,730
328847.517371,382150.03548,0,730
328784.964491,382216.646765,0,721
328876.440588,382169.810787,0,730
328673.582363,381997.667196,0,321
328720.055974,382156.79035,0,730
329221.14982,382416.90345,0,730
329063.000541,382271.848861,0,730
329042.541037,382269.990514,0,730
328578.690236,381856.919521,0,730
329194.125468,382368.195216,0,672
328785.102309,382030.058857,0,516
329046.094976,382347.332976,0,730
328634.653243,381995.145414,0,25
328622.170212,382017.870113,0,730
329153.00189,382222.046747,0,730
328997.810071,382263.543544,0,730
328899.991296,381996.474662,0,626
328628.12517,381898.209952,0,429
329081.003693,382274.118133,0,554
328933.672121,382200.844089,0,482
328879.362573,382252.708354,0,730
328864.494493,381961.694965,0,677
329230.784874,382344.211521,0,114
329140.240782,382145.308125,0,730
328699.417249,381975.751761,0,730
328848.270224,382170.596048,0,278
328907.878856,382101.898861,0,157
329316.385689,382225.491641,0,730
328892.716613,382108.398787,0,730
328788.133562,382049.757418,0,730
328727.76405,382137.044563,0,593
329136.362061,382304.010993,0,730
329144.67703,382226.878978,0,730
329151.888788,382225.370569,0,730
328690.783096,381959.988765,0,246
328475.464221,381901.184786,0,306
329068.7108,382101.124935,0,658
328874.459663,382083.41522,0,730
329044.330802,382271.447533,0,730
328755.376392,382057.040452,0,730
328936.458746,382015.12683,0,309
329317.089373,382194.265423,0,730
329203.026078,382165.375031,0,730
329203.00353,382294.828856,0,166
328799.417359,382186.41111,0,547
329220.075362,382187.100671,0,730
328939.800096,382249.47131,0,343
329099.066974,382350.630325,0,719
328848.213597,382134.431184,0,730
328789.600402,382063.732997,0,210
329101.085116,382279.930266,0,475
328872.374164,381955.748228,0,730
328970.52685,382292.785822,0,730
328806.60557,381967.911641,0,730
329097.902107,382161.015163,0,730
328864.124071,382031.656998,0,730
329007.230676,382210.026823,0,488
328889.494812,382209.130063,0,730
328882.564616,382061.623245,0,578
328999.133641,382099.37853,0,730
328724.052062,381911.223878,0,730
329182.160335,382375.271231,0,605
328970.878363,382307.973278,0,730
329213.197564,382213.074185,0,444
328889.05193,382076.071682,0,730
328822.27318,382038.289312,0,425
328927.177147,382292.577487,0,730
328715.329477,382163.645425,0,340
328800.887002,381995.083216,0,478
328813.204384,381982.760061,0,662
328920.435785,382241.999223,0,643
328833.318796,382076.4157,0,156
329075.168762,382290.074952,0,730
328779.117375,382018.657403,0,410
329081.980348,382167.805681,0,730
328948.452705,382035.799485,0,730
328692.125048,381883.369451,0,730
328914.456749,382229.759069,0,340
329153.693977,382185.269829,0,61
328928.160175,382027.525943,0,730
328619.326811,382055.419255,0,401
328901.766661,382210.794566,0,605
328872.106228,382252.398134,0,398
328598.683533,381924.749704,0,455
329126.278833,382132.044369,0,730
328620.105851,381915.913199,0,730
329047.443578,382204.484141,0,730
328607.605734,381930.392332,0,730
328801.238867,382125.523837,0,107
328932.896613,382222.270179,0,479
328632.773008,382039.639907,0,100
328683.411098,382005.931105,0,4
328843.38536,382261.68855,0,291
328843.731776,381968.269483,0,730
328827.6145,382221.31738,0,730
328701.895228,381964.573614,0,363
328885.876149,382125.968712,0,730
329156.601528,382302.553638,0,342
328839.308786,382248.330893,0,730
328852.678477,381946.680186,0,730
328792.348105,382143.321678,0,730
328791.268325,382081.289885,0,718
329221.855235,382291.534953,0,730
329111.38394,382227.351199,0,730
328973.64716,382209.318416,0,730
329023.305155,382075.145291,0,730
328826.479616,382081.879773,0,509
328798.928719,381992.833867,0,461
328943.410255,382174.399599,0,730
328935.764876,382250.05744,0,730
329031.464874,382177.126299,0,569
329306.906473,382189.525222,0,204
328879.507851,382194.79183,0,304
328645.375677,381865.949722,0,116
328695.026705,382042.418004,0,730
329112.777055,382135.129933,0,730
329071.888454,382284.997602,0,730
329231.921531,382188.960103,0,484
329011.476934,382123.416959,0,730
328776.783306,382166.10621,0,536
329131.805405,382353.824859,0,643
328938.894898,382184.75788,0,730
329045.019931,382280.248014,0,609
329169.192794,382371.130571,0,671
329229.331155,382371.210347,0,730
329198.132015,382223.152856,0,730
328957.289356,382023.738968,0,526
329080.878317,382142.037612,0,610
329074.391086,382172.734074,0,730
328708.562088,382065.728943,0,730
328886.321218,382254.253342,0,730
329200.033552,382213.146004,0,730
329000.641438,382302.074907,0,49
328655.42074,382070.44108,0,74
329195.518026,382370.872433,0,607
328615.496469,382019.061349,0,730
328715.151058,382132.966066,0,730
329277.268031,382302.131162,0,260
329271.917756,382270.44602,0,730
328762.915746,382056.502062,0,3
329295.763449,382178.830001,0,699
329176.940611,382359.776944,0,730
329038.203361,382332.2914,0,12
328724.079499,381910.287821,0,245
329206.755025,382238.085966,0,486
328743.063986,381992.757906,0,657
329089.206287,382360.006512,0,730
328871.835121,382211.383916,0,284
329186.492127,382269.872916,0,331
328707.309065,382132.81532,0,730
328957.515691,382301.392145,0,730
328800.593776,381971.289386,0,659
328820.276466,381958.055069,0,730
328848.764624,382031.459586,0,730
328746.197379,381942.309766,0,202
329009.640219,382123.459194,0,624
328910.760029,382049.18597,0,730
329109.475823,382121.118652,0,606
328739.348572,382163.555902,0,392
328737.672647,382014.950312,0,209
329089.88199,382180.305469,0,359
328840.434451,382060.666636,0,730
328887.31361,382147.08263,0,565
329256.728822,382351.443459,0,730
328746.532988,381908.735106,0,730
328942.164716,382014.438269,0,730
328825.574217,382161.273543,0,730
329046.305385,382174.321037,0,730
328518.152899,381886.44892,0,730
328638.390071,381948.923405,0,730
328899.501733,382163.236674,0,730
328908.080676,382166.430612,0,730
328745.197872,382029.56901,0,440
329305.88199,382190.620993,0,717
329021.98257,382207.109908,0,295
329013.950121,382335.784452,0,679
328867.470307,382012.555187,0,730
329110.309892,382286.599518,0,730
329207.23774,382268.769118,0,623
328628.306544,382065.719627,0,318
328838.463488,382098.256057,0,730
328918.711855,382199.960334,0,730
329253.047328,382248.873686,0,190
328875.005888,382255.623082,0,730
328962.573135,382288.501002,0,730
328684.269161,382061.731925,0,365
328883.004558,382203.675912,0,730
328704.553384,382042.503143,0,415
328889.270171,382045.940812,0,131
328919.02446,382068.11039,0,613
328879.879746,382130.567145,0,24
328935.086584,382224.071721,0,695
328873.292503,381952.249492,0,730
328865.388859,382166.661134,0,634
329131.877049,382267.273232,0,730
329176.564751,382352.205112,0,185
328914.94422,382143.752891,0,548
328649.012029,381909.606425,0,493
329156.676107,382351.898492,0,143
328858.120448,382121.523008,0,163
329163.037435,382179.510505,0,220
329147.383344,382172.629176,0,40
328850.858006,381986.390858,0,730
328963.362586,382100.488388,0,305
328673.783031,381924.016481,0,730
328705.829929,381914.135393,0,175
328485.95856,381894.175431,0,628
328782.123503,382128.652133,0,730
328524.732227,381911.742689,0,658
328586.019694,381858.584083,0,730
328778.154137,382039.057027,0,692
328848.034896,381970.775138,0,317
328544.323931,381895.860081,0,730
328502.802878,381930.590743,0,730
329151.293271,382131.028563,0,730
328865.738297,381939.026266,0,730
329253.656334,382375.626627,0,573
329006.022055,382330.473506,0,562
328864.459457,382159.674645,0,730
328810.958459,381906.312405,0,696
328950.063767,382306.797501,0,504
328875.486418,382016.989959,0,730
328711.341792,382150.132933,0,543
328819.089151,381933.535199,0,88
329029.126696,382249.788149,0,730
329236.380196,382382.687779,0,730
328856.604305,382071.19875,0,519
329223.111193,382251.354256,0,730
328758.640488,382192.944871,0,730
329096.452032,382169.899528,0,730
328710.17327,382013.722139,0,629
328975.286456,382223.511375,0,730
328928.963577,382223.899024,0,730
328893.08683,382237.82253,0,192
329090.254695,382101.717997,0,77
329211.028424,382345.031163,0,399
328517.64949,381913.781167,0,730
329179.64336,382294.431769,0,730
329061.535703,382300.589713,0,58
328805.967748,382047.354958,0,30
328775.847656,382202.9297,0,231
329051.878086,382226.711519,0,441
328873.54083,382231.443996,0,730
329124.475028,382145.331758,0,651
328902.395569,382013.12142,0,730
328496.284642,381901.644847,0,249
328705.723264,382032.765667,0,730
328945.179654,382197.790294,0,160
328711.16163,381899.970211,0,730
328598.853397,381876.506234,0,541
328573.709821,381977.335267,0,730
328503.163611,381880.413055,0,730
328675.552669,381919.637584,0,730
328667.944885,381864.079971,0,690
328764.12433,381901.592916,0,730
328919.0273,382186.358465,0,730
328885.199226,382010.267214,0,730
328805.93537,382096.089882,0,563
328648.882408,381923.072493,0,730
328769.819534,382093.306974,0,730
329039.402005,382221.693861,0,730
328851.183379,382266.918374,0,323
328905.991186,381977.886965,0,730
328672.193346,382123.973344,0,620
328780.028414,382067.534075,0,80
329266.342105,382164.770897,0,730
328923.737873,382066.369806,0,55
329156.149647,382338.138313,0,730
329018.150147,382164.312241,0,730
328673.39062,381987.301685,0,730
328788.466186,381930.949108,0,730
328752.811995,382143.922564,0,463
328848.47622,382116.657361,0,615
328787.29639,381933.54669,0,706
328828.262001,381995.99362,0,730
329042.781984,382116.855313,0,730
329177.546774,382325.279107,0,723
328963.222496,382313.70761,0,708
329145.383789,382130.651361,0,730
328731.733799,382024.351175,0,730
328698.471787,381912.964992,0,730
328695.520206,382041.088096,0,346
328624.894815,381935.148476,0,730
328871.12692,382136.786694,0,730
328506.205125,381921.450174,0,730
329299.405588,382225.526838,0,365
329094.056175,382316.774658,0,492
329020.718988,382301.238238,0,730
329053.993309,382189.012867,0,266
328887.284487,382092.973345,0,125
328788.975177,382167.955303,0,730
329142.366558,382203.648379,0,730
329159.185799,382254.80588,0,730
328708.266313,382153.13631,0,730
329018.709392,382207.342094,0,730
329209.275487,382183.453261,0,521
328684.128112,382077.602683,0,590
329231.596625,382390.090432,0,730
329089.899881,382163.776305,0,730
328653.550767,381991.384323,0,730
328520.852244,381899.257147,0,286
328881.760435,382084.968368,0,730
329041.894514,382346.367498,0,688
328857.294831,382127.361291,0,730
328671.707954,381992.480057,0,726
329028.527067,382155.468371,0,328
328973.774006,382142.670232,0,730
329255.067151,382381.079597,0,572
328712.295312,382081.626689,0,730
328942.41438,382247.739914,0,730
328790.439614,382033.434404,0,388
329219.629337,382366.328472,0,483
328931.559695,382149.303331,0,678
328750.394708,382029.322239,0,730
328771.43106,382093.32998,0,730
328780.240478,382065.362835,0,61
329277.278242,382199.75446,0,320
328518.64155,381910.691738,0,225
328542.2781,381891.855271,0,730
328929.24279,382263.759053,0,510
328783.697134,382105.294507,0,730
329015.031656,382081.891105,0,390
329273.406693,382213.240967,0,730
328954.347505,382116.787101,0,730
328827.346861,382097.860317,0,730
328842.850435,382087.727937,0,546
329015.250897,382121.962914,0,530
328669.437809,381973.981112,0,147
328660.315223,381944.247181,0,730
328940.370155,382145.792316,0,730
329332.070457,382189.818832,0,86
328658.338224,381881.079318,0,664
328771.637154,382010.876398,0,35
329240.492531,382236.26728,0,730
328505.520503,381928.896934,0,730
328738.654494,381924.564202,0,67
328576.118833,381942.421502,0,730
329150.749289,382303.121708,0,730
328676.901744,382094.53336,0,558
329153.790203,382289.3306,0,69
328758.597691,382079.213138,0,730
329250.485061,382172.159856,0,730
328894.043444,382005.063824,0,135
328681.157668,381897.256021,0,148
328530.198005,381902.20761,0,218
329219.835567,382219.247002,0,730
328828.454264,382110.18532,0,220
328770.189104,382104.242996,0,525
328701.175389,382087.298759,0,375
329076.581577,382181.30595,0,730
328935.375723,382059.842908,0,730
329054.32114,382237.525237,0,730
329280.457417,382321.586398,0,730
328909.185993,382132.421648,0,656
328648.322246,382094.611495,0,75
328853.493425,382108.443398,0,450
329137.572633,382244.915701,0,92
328978.444306,382283.152952,0,597
329222.222145,382404.036745,0,730
328920.357728,382069.235284,0,730
329214.753202,382293.054196,0,247
328482.359416,381902.656677,0,236
329107.519125,382113.118942,0,502
328704.226937,381953.307549,0,442
329158.271948,382255.914675,0,730
329145.944119,382157.2215,0,453
328806.320034,382210.212201,0,730
328999.111754,382126.762263,0,730
328936.677286,382224.552505,0,730
329292.033295,382243.422068,0,730
328940.055336,382179.709645,0,730
328677.631017,381952.403477,0,379
329149.919764,382136.26862,0,730
329101.330298,382165.120068,0,730
329143.121406,382149.50713,0,12
329086.805388,382187.944543,0,11
329251.530184,382282.74562,0,730
328732.062538,382157.526163,0,356
328969.021682,382288.938071,0,283
328936.877874,382224.140154,0,635
329204.367352,382194.513757,0,730
329002.244554,382302.268736,0,75
328784.549038,381954.96595,0,730
328859.438758,382252.960072,0,297
328971.778953,382086.658197,0,215
329206.072222,382416.777523,0,730
328865.349373,381945.089296,0,730
328658.064715,382091.826347,0,730
329059.767064,382172.699524,0,711
329321.921743,382211.722845,0,539
329025.936452,382235.430713,0,276
329299.725683,382205.809168,0,730
328968.456516,382069.794816,0,520
328687.828293,381958.683645,0,632
328731.38146,382065.842998,0,518
329180.827993,382287.550629,0,730
329237.725783,382212.400259,0,354
329093.287028,382187.612253,0,548
328660.562783,381948.513851,0,288
328888.988115,382270.914123,0,730
328834.704384,382158.851153,0,730
329109.963193,382123.666695,0,119
329195.734113,382188.605561,0,428
328659.820678,382111.386688,0,730
328916.435156,382073.256076,0,330
328887.761268,381985.554727,0,630
329282.598237,382188.596473,0,730
328656.845089,382010.878279,0,730
328531.16245,381937.936062,0,730
328526.886021,381881.000675,0,730
329230.240738,382226.968097,0,730
328575.988671,381885.935827,0,730
328936.689177,382183.842852,0,730
328803.578781,381940.84226,0,730
328728.171836,382022.43536,0,730
328990.216925,382228.332232,0,730
329081.697581,382183.719773,0,730
329248.215927,382315.481038,0,510
328739.677443,382182.671666,0,179
328716.047647,381994.137876,0,730
328887.905904,382243.666225,0,84
329131.628106,382234.790071,0,328
328975.661567,382284.55385,0,237
328773.471023,381907.317226,0,730
328915.664145,381994.201883,0,641
328688.567099,382088.896662,0,120
329233.107036,382196.739872,0,577
328883.501856,381960.735849,0,730
329009.384089,382191.88571,0,730
329124.508188,382373.99205,0,730
328673.483975,382109.180986,0,515
328600.598646,381958.105169,0,730
328996.054262,382126.850834,0,730
328801.659109,381905.433709,0,688
328957.832385,382108.512558,0,730
328933.031469,382245.892677,0,730
328685.994709,381911.63938,0,699
328835.15125,382067.822852,0,552
328737.18561,381910.344864,0,730
328676.391073,382099.561451,0,730
328772.779164,382195.85445,0,730
329032.261695,382081.834792,0,730
328549.791773,381958.428583,0,730
328773.489664,382177.522859,0,529
328756.139522,382149.011809,0,378
329234.853581,382280.311583,0,586
329194.932943,382385.985643,0,730
328980.294585,382078.053515,0,730
328888.925151,382232.517045,0,730
329216.403026,382337.474622,0,356
329006.753139,382163.776405,0,703
328601.95555,381995.57105,0,522
329283.404769,382228.162305,0,191
328767.208685,382023.440212,0,403
329047.472006,382115.494833,0,730
328725.750319,382014.048727,0,374
328946.756305,382184.379052,0,511
329219.436386,382216.4504,0,408
328871.842473,382097.501835,0,730
329092.07258,382120.440465,0,730
328905.987848,382094.827853,0,315
329057.063595,382294.222445,0,730
329025.740461,382327.799847,0,730
328709.489126,382108.443512,0,730
328778.664285,381898.774424,0,730
328998.31071,382055.743257,0,730
329148.543166,382245.671891,0,326
328631.338757,382011.089067,0,730
328528.587832,381879.360868,0,730
328745.305581,381965.744741,0,730
328534.988626,381904.432766,0,730
328508.248597,381899.760057,0,650
328838.602993,382108.733196,0,538
328693.455206,381989.844006,0,730
328665.566192,381879.015967,0,299
328643.598183,381881.0704,0,297
328802.112262,382122.482398,0,730
328621.587922,382039.108185,0,221
329189.382725,382339.105453,0,705
328851.402317,381951.554024,0,523
328727.790787,382055.124391,0,730
328587.566447,381992.477383,0,226
328983.731421,382302.936477,0,730
329033.890381,382279.609861,0,693
328778.782659,382029.073213,0,730
329007.641142,382129.0322,0,362
328829.004164,382116.933372,0,730
328589.200452,381992.800433,0,607
328857.886794,382014.024816,0,104
328936.142984,382114.981424,0,730
329100.176041,382144.195334,0,298
328856.63575,382009.218352,0,730
328634.225687,381925.767559,0,633
329088.901278,382346.168307,0,718
329086.281526,382356.436564,0,730
329172.580515,382393.08991,0,549
329190.556051,382319.395688,0,487
328646.985057,381882.654306,0,730
329234.690556,382193.696775,0,154
328719.237175,381959.223216,0,498
329280.482189,382173.852923,0,730
328773.856969,382197.220586,0,730
328781.656616,381890.179727,0,730
328781.96527,382175.226905,0,574
329222.547407,382272.199548,0,730
328798.9379,382119.529174,0,730
328787.039834,382130.850996,0,322
328822.068697,382007.061588,0,730
328963.527705,382025.814375,0,730
328558.195834,381890.450627,0,176
328662.0996,381857.896843,0,8
329234.291804,382339.850422,0,730
328690.053266,381939.464584,0,481
329266.995972,382189.62395,0,720
328630.635757,382008.288938,0,730
329270.418452,382207.001593,0,730
328871.752736,382165.840169,0,446
328981.999446,382279.585772,0,384
328594.082572,381946.606959,0,520
328581.91387,381897.567253,0,601
328946.438168,382165.817432,0,693
