330493.268247,376701.197719,0,730
330595.931269,376549.172736,0,730
330572.059336,376525.209899,0,730
330604.758083,376435.983172,0,730
330613.159511,376519.268684,0,730
330542.188235,376537.315428,0,730
330508.044363,376357.652817,0,730
330644.806703,376386.993483,0,730
330540.337733,376371.862193,0,730
330526.887083,376471.578087,0,730
330651.889449,376421.647732,0,730
330534.599483,376486.291872,0,730
330473.68747,376464.15126,0,730
330456.822649,376558.448683,0,730
330653.299731,376351.451875,0,730
330626.780516,376391.833031,0,730
330744.964475,376335.445253,0,730
330456.599796,376587.636627,0,730
330510.332824,376275.048353,0,730
330629.058957,376324.119886,0,730
330602.432582,376427.929288,0,730
330575.062959,376371.032597,0,730
330506.14735,376472.60602,0,730
330745.434838,376336.437193,0,730
330639.670426,376404.765309,0,730
330509.40842,376534.17778,0,730
330490.471848,376599.306639,0,730
330515.816991,376332.181715,0,730
330722.952948,376373.395427,0,730
330622.505823,376427.175415,0,730
330488.4296,376463.932581,0,730
330498.563011,376534.104405,0,730
330672.606577,376335.465337,0,730
330465.503313,376485.819295,0,730
330621.808495,376505.59278,0,730
330681.899772,376316.72812,0,730
330617.331844,376486.842547,0,730
330525.854905,376382.210316,0,730
330500.453306,376545.288366,0,730
330447.945705,376386.176374,0,730
330635.047821,376316.55135,0,730
330447.635122,376331.042709,0,730
330478.788618,376552.972976,0,730
330508.383239,376596.631112,0,730
330582.389413,376557.344128,0,730
330684.521351,376365.107113,0,730
330639.224607,376339.70162,0,730
330594.184772,376418.127954,0,730
330518.166699,376470.826031,0,730
330502.019068,376386.948499,0,730
330540.499909,376458.129799,0,730
330472.732632,376467.130257,0,730
330682.034816,376359.380949,0,730
330679.725991,376369.761807,0,730
330554.442633,376493.413406,0,730
330515.50529,376488.147105,0,730
330435.153477,376377.534769,0,730
330521.733015,376304.760423,0,730
330704.822748,376344.392375,0,730
330551.221872,376489.122387,0,730
330692.000102,376423.519013,0,730
330695.147372,376335.496599,0,730
330700.140151,376336.163567,0,730
330635.989323,376315.665936,0,730
330621.026876,376458.12544,0,730
330672.443414,376350.09546,0,730
330495.916478,376374.346287,0,730
330590.28202,376414.653601,0,730
330667.135888,376372.333708,0,730
330689.154405,376366.403727,0,730
330524.611946,376309.209955,0,730
330702.537474,376342.93869,0,730
330486.710565,376434.760846,0,730
330452.915853,376581.188598,0,730
330509.044359,376454.145077,0,730
330599.379892,376322.430941,0,730
330546.62851,376556.914949,0,730
330480.291903,376362.979135,0,730
330464.231421,376615.908835,0,730
330484.840099,376651.549733,0,730
330634.661102,376367.658016,0,730
330489.674231,376600.5192,0,730
330425.358308,376365.932452,0,730
330556.488445,376332.377639,0,730
330598.014977,376505.165483,0,730
330524.367047,376590.93612,0,730
330478.165176,376493.338891,0,730
330636.153758,376430.88802,0,730
330592.922392,376440.262434,0,730
330532.530332,376283.621292,0,730
330505.809238,376349.292566,0,730
330531.039179,376478.274909,0,730
330526.939297,376407.400544,0,730
330473.162235,376590.5075,0,730
330486.283489,376324.494873,0,730
330494.278587,376334.420917,0,730
330591.123179,376405.758883,0,730
330679.967798,376344.607657,0,730
330547.038064,376291.521813,0,730
330597.294351,376380.672087,0,730
330471.982488,376298.366179,0,730
330477.824726,376311.278201,0,730
330653.910497,376425.692937,0,730
330533.52753,376626.127517,0,730
330489.28884,376628.788972,0,730
330547.694643,376475.79179,0,730
330531.882736,376643.885961,0,730
330472.470607,376375.045233,0,730
330478.001127,376318.860855,0,730
330443.890695,376498.766405,0,730
330517.720883,376480.991915,0,730
330726.873659,376343.561343,0,730
330649.229479,376392.201672,0,730
330497.535669,376648.469905,0,730
330601.395644,376300.359166,0,730
330532.595499,376282.856869,0,730
330451.234678,376389.891407,0,730
330561.613563,376593.064325,0,730
330499.403674,376450.749761,0,730
330566.183631,376327.905412,0,730
330609.350009,376495.184809,0,730
330459.282387,376316.920919,0,730
330513.211951,376421.062015,0,730
330448.494531,376460.245287,0,730
330456.395331,376265.881264,0,730
330591.625781,376537.490599,0,730
330616.736134,376337.567014,0,730
330613.513251,376513.180378,0,730
330488.420524,376535.839406,0,730
330542.79511,376466.178208,0,730
330511.222954,376387.74045,0,730
330541.314227,376607.762226,0,730
330627.030628,376497.197205,0,730
330579.531859,376526.735274,0,730
330485.052976,376299.55862,0,730
330522.676115,376389.067616,0,730
330477.233704,376600.912523,0,730
330523.046415,376300.139692,0,730
330496.29276,376314.131404,0,730
330477.973571,376268.653714,0,730
330446.467477,376369.629735,0,730
330656.827003,376332.814635,0,730
330511.73403,376443.945355,0,730
330498.760202,376330.858235,0,730
330537.776573,376396.638475,0,730
330517.684811,376549.544949,0,730
330523.664828,376279.422636,0,730
330459.802006,376520.927326,0,730
330563.958829,376320.516777,0,730
330480.645849,376429.911757,0,730
330474.92089,376685.372303,0,730
330618.245617,376471.506246,0,730
330731.821535,376362.501228,0,730
330533.171853,376474.448815,0,730
330482.83157,376294.096057,0,730
330611.537041,376527.632104,0,730
330594.18391,376404.695675,0,730
330450.331678,376501.549395,0,730
330612.556207,376453.879092,0,730
330446.14791,376468.586058,0,730
330546.63339,376603.230276,0,730
330560.379631,376553.613321,0,730
330573.382045,376429.510962,0,730
330634.6931,376401.997715,0,730
330459.582622,376412.130767,0,730
330549.650578,376307.343009,0,730
330628.326766,376391.493919,0,730
330524.016797,376464.789854,0,730
330483.777799,376478.650615,0,730
330635.30393,376505.413691,0,730
330625.347304,376470.238285,0,730
330608.26999,376407.763882,0,730
330520.709688,376552.047563,0,730
330468.071507,376685.571706,0,730
330488.234389,376328.008236,0,730
330559.675893,376314.150257,0,730
330488.075055,376549.113831,0,730
330516.491431,376580.344119,0,730
330598.293402,376336.200819,0,730
330490.833942,376701.374035,0,730
330541.601545,376344.350582,0,730
330645.352484,376323.397349,0,730
330462.750357,376622.51749,0,730
330478.17595,376585.462445,0,730
330602.6721,376423.164663,0,730
330462.747868,376288.666559,0,730
330583.229953,376471.866332,0,730
330574.895932,376549.899503,0,730
330540.631843,376464.876208,0,730
330602.967339,376411.096129,0,730
330605.631067,376428.143888,0,730
330655.4054,376434.339402,0,730
330491.067981,376515.097406,0,730
330485.475444,376357.587827,0,730
330455.572512,376393.674047,0,730
330512.337926,376324.984352,0,730
330546.777555,376404.118907,0,730
330532.007901,376553.176284,0,730
330557.56571,376524.62436,0,730
330486.046966,376587.126842,0,730
330561.548388,376423.854762,0,730
330605.996275,376448.863057,0,730
330530.312559,376570.533463,0,730
330597.825137,376416.918358,0,730
330467.519777,376349.609608,0,730
330632.204818,376324.226716,0,730
330425.489355,376298.611007,0,730
330589.082145,376567.190506,0,730
330566.18795,376308.878399,0,730
330712.278781,376365.440929,0,730
330689.451537,376406.439579,0,730
330566.151891,376453.837104,0,730
330507.517969,376523.142888,0,730
330477.686969,376501.873669,0,730
330608.932002,376416.0204,0,730
330530.897238,376341.956223,0,730
330599.265105,376432.148836,0,730
330446.406998,376498.522814,0,730
330485.995011,376624.177193,0,730
330513.820518,376637.01354,0,730
330463.152199,376494.412793,0,730
330734.805567,376369.485711,0,730
330468.371196,376679.182642,0,730
330462.369349,376559.602533,0,730
330511.473842,376411.644041,0,730
330620.245261,376412.65542,0,730
330473.659703,376336.59624,0,730
330486.322263,376690.252403,0,730
330548.810276,376478.087459,0,730
330612.28634,376456.965088,0,730
330495.957994,376488.990226,0,730
330661.608884,376364.5868,0,730
330535.217168,376382.490038,0,730
330451.608177,376576.354308,0,730
330496.390484,376350.510019,0,730
330494.946387,376672.022125,0,730
330530.962746,376289.885739,0,730
330438.793628,376473.656912,0,730
330500.55805,376593.336034,0,730
330507.910517,376679.601933,0,730
330567.574708,376435.467852,0,730
330645.459337,376370.833449,0,730
330499.500024,376633.070784,0,730
330466.909598,376626.503782,0,730
330534.741406,376625.880531,0,730
330656.155306,376352.714346,0,730
330548.644897,376310.656031,0,730
330677.057772,376396.041117,0,730
330498.977625,376587.178677,0,730
330605.06742,376360.252156,0,730
330498.840391,376546.406063,0,730
330561.843057,376395.620342,0,730
330440.05976,376418.79087,0,730
330552.138201,376392.532517,0,730
330469.458537,376544.566582,0,730
330555.068833,376371.885323,0,730
330493.334173,376406.252384,0,730
330638.471027,376319.338578,0,730
330511.961046,376373.329371,0,730
330467.69185,376483.276022,0,730
330462.376711,376303.400911,0,730
330686.884662,376401.37004,0,730
330609.666293,376464.44902,0,730
330512.322406,376447.020254,0,730
330550.494394,376509.572109,0,730
330466.698119,376665.640141,0,730
330524.770683,376392.601286,0,730
330648.923799,376361.578521,0,730
330566.07853,376439.910592,0,730
330470.665238,376417.839992,0,730
330494.3418,376482.980947,0,730
330486.850787,376400.76167,0,730
330438.955031,376334.725317,0,730
330504.639852,376279.800408,0,730
330686.528657,376362.13386,0,730
330663.403986,376328.923568,0,730
330499.662343,376589.333375,0,730
330525.999717,376305.999425,0,730
330456.701299,376500.814715,0,730
330539.374343,376391.597062,0,730
330651.768501,376404.782426,0,730
330534.063881,376514.19961,0,730
330569.473737,376454.379949,0,730
330440.059489,376386.006116,0,730
330649.172815,376382.441315,0,730
330671.602514,376435.412898,0,730
330573.387882,376555.723547,0,730
330646.26428,376370.365578,0,730
330660.289871,376401.693618,0,730
330697.874462,376423.837907,0,730
330557.847853,376609.313196,0,730
330504.755865,376420.182013,0,730
330500.15586,376532.231706,0,730
330529.686401,376617.3163,0,730
330529.52608,376604.867564,0,730
330491.548039,376677.944215,0,730
330438.889512,376389.883919,0,730
330509.464129,376321.151202,0,730
330626.801517,376481.765819,0,730
330540.495009,376394.458141,0,730
330633.858535,376344.749795,0,730
330542.287265,376376.016656,0,730
330449.916152,376456.967126,0,730
330471.827113,376698.52125,0,730
330473.234168,376471.072121,0,730
330425.896749,376357.7316,0,730
330452.28136,376533.401774,0,730
330475.953386,376526.400929,0,730
330715.324708,376355.356465,0,730
330559.358147,376510.937157,0,730
330487.956448,376467.250295,0,730
330669.214246,376350.050583,0,730
330453.249927,376372.103131,0,730
330420.814214,376302.279522,0,730
330478.946652,376385.422413,0,730
330575.580603,376428.85659,0,730
330615.824286,376431.186708,0,730
330480.696587,376401.006075,0,730
330474.450727,376437.746241,0,730
330562.817769,376431.365185,0,730
330557.654023,376402.008839,0,730
330487.963464,376437.084872,0,730
330616.218144,376436.398387,0,730
330476.715109,376499.118885,0,730
330514.166007,376382.120909,0,730
330469.368891,376567.290833,0,730
330578.191459,376507.445203,0,730
330585.105428,376548.788899,0,730
330480.408564,376542.426123,0,730
330674.690237,376366.799385,0,730
330526.261561,376475.735974,0,730
330593.815492,376384.741562,0,730
330667.180058,376381.029804,0,730
330446.306053,376507.354152,0,730
330528.474712,376388.964511,0,730
330654.224545,376390.448017,0,730
330494.439213,376319.083439,0,730
330670.133496,376337.840199,0,730
330498.983353,376419.361548,0,730
330532.265149,376489.574121,0,730
330666.868252,376438.850812,0,730
330515.020981,376325.485188,0,730
330566.535899,376370.088536,0,730
330679.353311,376357.647545,0,730
330516.586372,376442.690413,0,730
330453.781719,376439.268936,0,730
330553.880617,376548.454366,0,730
330552.859532,376578.085876,0,730
330560.393666,376317.503786,0,730
330562.626498,376321.466258,0,730
330528.719311,376400.133918,0,730
330515.322383,376302.355507,0,730
330508.626663,376664.059309,0,730
330489.814417,376638.61988,0,730
330485.974456,376516.980758,0,730
330587.514746,376305.934109,0,730
330567.375635,376557.831772,0,730
330604.03996,376486.54333,0,730
330482.610444,376625.487667,0,730
330477.973228,376637.072033,0,730
330470.079709,376283.758919,0,730
330582.849374,376337.129007,0,730
330438.453339,376468.706675,0,730
330567.069805,376413.049773,0,730
330558.307125,376356.817282,0,730
330477.594678,376628.829009,0,730
330659.887307,376467.005186,0,730
330620.606264,376393.355802,0,730
330491.398639,376616.317374,0,730
330573.811244,376564.328002,0,730
330492.591909,376359.684684,0,730
330516.04342,376524.643198,0,730
330560.241636,376369.034193,0,730
330646.245362,376359.017686,0,730
330696.576998,376414.710443,0,730
330598.242357,376380.433535,0,730
330666.750312,376386.87015,0,730
330440.593206,376418.736411,0,730
330554.683199,376330.634512,0,730
330599.016679,376337.606187,0,730
330466.908927,376436.699657,0,730
330575.910548,376430.112273,0,730
330515.480944,376603.445847,0,730
330423.235317,376319.41702,0,730
330519.392905,376345.015026,0,730
330474.688045,376427.837199,0,730
330493.790624,376511.706709,0,730
330667.559298,376317.642909,0,730
330569.149375,376489.059296,0,730
330474.891159,376650.593248,0,730
330478.466762,376348.826293,0,730
330451.664765,376295.355114,0,730
330481.153789,376710.268335,0,730
330603.241924,376506.124032,0,730
330468.017131,376649.425387,0,730
330445.964931,376517.901336,0,730
330517.539424,376602.931699,0,730
330552.931076,376599.750251,0,730
330730.514443,376375.125449,0,730
330452.402454,376400.708522,0,730
330546.614189,376370.842898,0,730
330626.465915,376479.257533,0,730
330568.268803,376374.380042,0,730
330477.223737,376276.241125,0,730
330444.211541,376517.681691,0,730
330447.328189,376322.728071,0,730
330421.684259,376298.41859,0,730
330593.258547,376364.410506,0,730
330502.852124,376365.644997,0,730
330610.154365,376478.436177,0,730
330551.667329,376485.552045,0,730
330494.616554,376333.726703,0,730
330637.550975,376479.836797,0,730
330696.374949,376371.548716,0,730
330722.266675,376329.406588,0,730
330504.615382,376587.604949,0,730
330508.863805,376670.664474,0,730
330595.029185,376329.241085,0,730
330721.534201,376371.445475,0,730
330681.397524,376316.688435,0,730
330519.061559,376433.612316,0,730
330738.523841,376342.65201,0,730
330532.726725,376616.439942,0,730
330656.342218,376450.983243,0,730
330601.02808,376390.08906,0,730
330589.929775,376566.572316,0,730
330580.922677,376321.971404,0,730
330510.628575,376488.35177,0,730
330630.392859,376469.737698,0,730
330670.037178,376398.677419,0,730
330568.398196,376421.822453,0,730
330444.939873,376482.028773,0,730
330580.886878,376536.739529,0,730
330525.523398,376448.987413,0,730
330415.269405,376264.636605,0,730
330514.904038,376489.824296,0,730
330444.245687,376415.440207,0,730
330537.143723,376460.693917,0,730
330501.922738,376588.142258,0,730
330486.345139,376554.518742,0,730
330488.613684,376402.169405,0,730
330568.05072,376598.016279,0,730
330579.423067,376577.213738,0,730
330606.58616,376510.699097,0,730
330515.24844,376429.582691,0,730
330667.762705,376375.874724,0,730
330552.519576,376447.462308,0,730
330518.034041,376418.985346,0,730
330468.604647,376667.050638,0,730
330513.986499,376542.312836,0,730
330677.903218,376424.491929,0,730
330514.524918,376658.192979,0,730
330477.718354,376676.444592,0,730
330512.865549,376616.475227,0,730
330570.641456,376430.326492,0,730
330463.430537,376631.120508,0,730
330483.470633,376273.13183,0,730
330644.322599,376469.622822,0,730
330587.587125,376522.15821,0,730
330602.242965,376327.462922,0,730
330586.710595,376394.325219,0,730
330509.93818,376385.177275,0,730
330704.422765,376345.473772,0,730
330462.026893,376372.92145,0,730
330659.247771,376346.765291,0,730
330563.432434,376412.443892,0,730
330599.238996,376416.508743,0,730
330485.786923,376454.368151,0,730
330558.684342,376465.164606,0,730
330481.223427,376464.79428,0,730
330458.486048,376595.28602,0,730
330577.756407,376532.644894,0,730
330492.355441,376397.396039,0,730
330446.985943,376369.764611,0,730
330654.764072,376317.459572,0,730
330568.307078,376589.983767,0,730
330609.027311,376394.731208,0,730
330488.469559,376619.666777,0,730
330524.085898,376552.787079,0,730
330493.360906,376395.01938,0,730
330549.860668,376420.798017,0,730
330606.25071,376490.696308,0,730
330588.014032,376519.854898,0,730
330467.195358,376471.670686,0,730
330513.893011,376276.080748,0,730
330608.471683,376509.471058,0,730
330449.387347,376529.453838,0,730
330429.883428,376295.003659,0,730
330691.892873,376415.198336,0,730
330458.903111,376392.365683,0,730
330450.419961,376463.003245,0,730
330576.681802,376427.593638,0,730
330435.830371,376440.466195,0,730
330648.249887,376385.931296,0,730
330689.380035,376389.817478,0,730
330484.701723,376295.482265,0,730
330495.873516,376605.86906,0,730
330566.494091,376494.893857,0,730
330470.048397,376433.724196,0,730
330533.535134,376467.827568,0,730
330534.091689,376439.887241,0,730
330576.851715,376351.769342,0,730
330489.18075,376531.644078,0,730
330578.249491,376551.741214,0,730
330526.66879,376609.371162,0,730
330571.935613,376530.034323,0,730
330471.977625,376295.370312,0,730
330578.960544,376353.747905,0,730
330520.220441,376642.353947,0,730
330643.678242,376336.39285,0,730
330479.895466,376514.91824,0,730
330518.515745,376508.765145,0,730
330561.48127,376455.285598,0,730
330646.750532,376461.762306,0,730
330464.01661,376576.456938,0,730
330463.447053,376458.117119,0,730
330448.245728,376412.21967,0,730
330473.955635,376582.396795,0,730
330519.305172,376353.284277,0,730
330492.567307,376411.135966,0,730
330478.128406,376281.229915,0,730
330518.514058,376536.289652,0,730
330632.180647,376352.162978,0,730
330461.035029,376305.786379,0,730
330450.797497,376285.712647,0,730
330629.408223,376459.629535,0,730
330473.793306,376720.209247,0,730
330458.1737,376375.032099,0,730
330505.247199,376591.373005,0,730
330644.740209,376365.953972,0,730
330516.403986,376627.931149,0,730
330578.649887,376429.147361,0,730
330521.261728,376509.034842,0,730
330557.147575,376542.526081,0,730
330567.506436,376475.971917,0,730
330617.014342,376486.278906,0,730
330563.178474,376449.422651,0,730
330540.817002,376620.720611,0,730
330460.337167,376274.262497,0,730
330522.546639,376363.803084,0,730
330437.838665,376376.07212,0,730
330595.922727,376321.357295,0,730
330572.204109,376550.235268,0,730
330438.018758,376334.510338,0,730
330490.637321,376635.009967,0,730
330702.868081,376407.075079,0,730
330554.289853,376603.392211,0,730
330675.767999,376331.140666,0,730
330596.873224,376358.417098,0,730
330482.503506,376629.929667,0,730
330628.129344,376392.560052,0,730
330572.837984,376466.748254,0,730
330497.06208,376524.565837,0,730
330460.789537,376536.595089,0,730
330590.095795,376544.328003,0,730
330592.39644,376340.164682,0,730
330593.877579,376394.161465,0,730
330440.983583,376377.280188,0,730
330568.282053,376577.049359,0,730
330418.095029,376318.978551,0,730
330587.132016,376490.238558,0,730
330688.086248,376343.707931,0,730
330498.131923,376618.754651,0,730
330447.404277,376521.160092,0,730
330451.493815,376479.282904,0,730
330464.448323,376273.754495,0,730
330474.339829,376354.914292,0,730
330450.75314,376329.333056,0,730
330525.480116,376604.355241,0,730
330458.361258,376369.991312,0,730
330432.339455,376363.049564,0,730
330535.957414,376280.693442,0,730
330524.366373,376589.892295,0,730
330632.21343,376411.466122,0,730
330526.171256,376346.545685,0,730
330571.475608,376524.750389,0,730
330558.585692,376576.706022,0,730
330532.060987,376401.122245,0,730
330573.132065,376334.968621,0,730
330595.590382,376524.201899,0,730
330582.381252,376473.014254,0,730
330483.809571,376391.427137,0,730
330476.078586,376448.923588,0,730
330477.994942,376440.731835,0,730
330466.09698,376629.670356,0,730
330526.562745,376489.763603,0,730
330689.222501,376363.953048,0,730
330504.542245,376642.786754,0,730
330456.177675,376482.312887,0,730
330619.037344,376366.13161,0,730
330528.669241,376471.715522,0,730
330556.691022,376295.134126,0,730
330582.221286,376476.775041,0,730
330445.717033,376397.1841,0,730
330462.039357,376543.932826,0,730
330473.86345,376621.807751,0,730
330611.338104,376482.454292,0,730
330499.5008,376635.026545,0,730
330635.004835,376464.738168,0,730
330701.849801,376324.765335,0,730
330436.226561,376265.617786,0,730
330476.244742,376581.575392,0,730
330569.693127,376558.55808,0,730
330463.921854,376345.414307,0,730
330564.663172,376381.267902,0,730
330626.570763,376487.838403,0,730
330578.682953,376356.459263,0,730
330533.481557,376527.466394,0,730
330537.197071,376547.692273,0,730
330561.399933,376517.057152,0,730
330730.176713,376351.527752,0,730
330481.467763,376520.531692,0,730
330489.287757,376296.561325,0,730
330603.025188,376341.911428,0,730
330513.188753,376395.88239,0,730
330550.154329,376517.149808,0,730
330664.771213,376466.844736,0,730
330572.998183,376328.851341,0,730
330652.029279,376476.938546,0,730
330691.557593,376338.522675,0,730
330650.386867,376343.288686,0,730
330657.455994,376373.789184,0,730
330452.336914,376315.825234,0,730
330488.442923,376663.279457,0,730
330717.630797,376386.521242,0,730
330547.111169,376507.636087,0,730
330441.676524,376390.120265,0,730
330543.117648,376332.567299,0,730
330459.762415,376577.347029,0,730
330629.261627,376339.113871,0,730
330575.788268,376433.798578,0,730
330482.418534,376422.039927,0,730
330582.459193,376340.946632,0,730
330685.110232,376383.832625,0,730
330524.708448,376489.818444,0,730
330509.884052,376559.053811,0,730
330464.347343,376613.754123,0,730
330443.652056,376336.643977,0,730
330470.411197,376358.893024,0,730
330453.167451,376465.202489,0,730
330591.153687,376370.211814,0,730
330535.621997,376510.314701,0,730
330463.726722,376312.529898,0,730
330513.879428,376508.420924,0,730
330460.795544,376380.150249,0,730
330599.873418,376515.267079,0,730
330537.322322,376545.418688,0,730
330588.328714,376334.952046,0,730
330537.819072,376376.803505,0,730
330491.588506,376321.787833,0,730
330669.034242,376380.273598,0,730
330501.295532,376594.09545,0,730
330598.742618,376544.011053,0,730
330433.826901,376353.291722,0,730
330600.567019,376542.459191,0,730
330551.107694,376536.308229,0,730
330479.30256,376623.012382,0,730
330652.162504,376368.587861,0,730
330550.92901,376592.307079,0,730
330454.809509,376305.10019,0,730
330660.405929,376326.83974,0,730
330529.798575,376518.780958,0,730
330718.743209,376386.075531,0,730
330719.392294,376334.883063,0,730
330485.91773,376324.200978,0,730
330601.422795,376303.665891,0,730
330665.675034,376432.938004,0,730
330470.024727,376317.255654,0,730
330536.496405,376495.990215,0,730
330523.826726,376505.973233,0,730
330448.192511,376303.586044,0,730
330618.782766,376383.923972,0,730
330446.988872,376499.015846,0,730
330473.797763,376565.875277,0,730
330570.596958,376476.984521,0,730
330577.542594,376394.289549,0,730
330454.240191,376452.496504,0,730
330585.515964,376454.800651,0,730
330596.927995,376337.061717,0,730
330539.366539,376587.80691,0,730
330675.887445,376334.312453,0,730
330535.790572,376458.095968,0,730
330515.81018,376629.343898,0,730
330477.357408,376715.757172,0,730
330515.69047,376603.17184,0,730
330469.488989,376404.933046,0,730
330693.434343,376388.684546,0,730
330733.281289,376374.587829,0,730
330588.130619,376569.044311,0,730
330671.615565,376431.005344,0,730
330535.03351,376329.4832,0,730
330634.209547,376441.97925,0,730
330553.853183,376360.264926,0,730
330551.173999,376581.807468,0,730
330667.78515,376334.843537,0,730
330642.642239,376400.327648,0,730
330640.479638,376456.562387,0,730
330472.436345,376346.910273,0,730
330563.921336,376301.328029,0,730
330448.685305,376500.978377,0,730
330498.98393,376410.610134,0,730
330511.622937,376591.609562,0,730
330464.950492,376414.952669,0,730
330654.860725,376322.112277,0,730
330759.551746,376341.385522,0,730
330486.29494,376480.112844,0,730
330534.918235,376496.985333,0,730
330544.000016,376576.235977,0,730
330627.798535,376424.905748,0,730
330586.563694,376397.736769,0,730
330589.716204,376364.331054,0,730
330556.791167,376403.352593,0,730
330636.531122,376305.495539,0,730
330642.411157,376396.164186,0,730
330597.227112,376335.516161,0,730
330443.608092,376269.6152,0,730
330492.873416,376315.77779,0,730
330570.520877,376290.556813,0,730
330639.204543,376468.256084,0,730
330467.920028,376313.634191,0,730
330497.652596,376531.26342,0,730
330480.309617,376498.71333,0,730
330697.809641,376401.524385,0,730
330629.429171,376306.221722,0,730
330543.522807,376608.238248,0,730
330722.957232,376348.739471,0,730
330724.714463,376386.959304,0,730
330539.140576,376415.126792,0,730
330503.354925,376490.490177,0,730
330527.870019,376640.772528,0,730
330469.797691,376544.388223,0,730
330574.192231,376409.570089,0,730
330528.208006,376522.352707,0,730
330514.534919,376590.261161,0,730
330534.140142,376507.366578,0,730
330474.436725,376346.851337,0,730
330725.308026,376357.451867,0,730
330487.388625,376632.677572,0,730
330609.485069,376443.481667,0,730
330601.799926,376384.909476,0,730
330482.57874,376303.481445,0,730
330504.470654,376478.921917,0,730
330486.421899,376516.000582,0,730
330500.476917,376366.088839,0,730
330524.88476,376333.83202,0,730
330533.873393,376470.949881,0,730
330471.686732,376271.194787,0,730
330596.106184,376294.390211,0,730
330598.138604,376544.433819,0,730
330534.9548,376488.772669,0,730
330433.526989,376390.513593,0,730
330528.660822,376551.197602,0,730
330433.736844,376377.050023,0,730
330702.118711,376349.848368,0,730
330540.126828,376542.887413,0,730
330582.338097,376295.788471,0,730
330627.7033,376450.675624,0,730
330440.316092,376476.934443,0,730
330658.906491,376460.661863,0,730
330594.37228,376431.308109,0,730
330622.998498,376524.975877,0,730
330559.684414,376503.069579,0,730
330608.564609,376308.96087,0,730
330485.998931,376409.278336,0,730
330533.378064,376296.657814,0,730
330644.201926,376493.878804,0,730
330522.73246,376310.492089,0,730
330532.530605,376373.202034,0,730
330637.789513,376489.818935,0,730
330576.962784,376384.487479,0,730
330760.927406,376336.545387,0,730
330536.125274,376634.429656,0,730
330500.804207,376633.882855,0,730
330454.215974,376268.616949,0,730
330559.503742,376328.547947,0,730
330473.626007,376441.495799,0,730
330422.963549,376337.380554,0,730
330464.002816,376644.761027,0,730
330598.396001,376437.454379,0,730
330505.762511,376449.491183,0,730
330680.709191,376368.311611,0,730
330562.206076,376292.723124,0,730
330426.883702,376377.415092,0,730
330501.849379,376488.230216,0,730
330655.171387,376467.513933,0,730
330431.886672,376394.035356,0,730
330501.773786,376313.336061,0,730
330468.828098,376469.057956,0,730
330555.293067,376300.768533,0,730
330496.334741,376375.200495,0,730
330477.37681,376350.270202,0,730
330483.153941,376696.806256,0,730
330557.642232,376495.380993,0,730
330561.811847,376286.064573,0,730
330481.019541,376542.437325,0,730
330578.249191,376340.900704,0,730
330473.177261,376281.09415,0,730
330464.405475,376471.759891,0,730
330448.181226,376383.799975,0,730
330522.231289,376362.892591,0,730
330470.882567,376596.32672,0,730
330548.252364,376529.438734,0,730
330572.152392,376518.426345,0,730
330625.316109,376300.697671,0,730
330505.479739,376604.734231,0,730
330518.789409,376466.416494,0,730
330459.450817,376352.815535,0,730
330552.215834,376599.38324,0,730
330557.822837,376586.311522,0,730
330512.03685,376296.231564,0,730
330465.651154,376443.234215,0,730
330619.092088,376312.321014,0,730
330516.167963,376401.565745,0,730
330647.068785,376461.254162,0,730
330576.87298,376496.564257,0,730
330449.018148,376509.575802,0,730
330663.997005,376468.98118,0,730
330585.821994,376464.835987,0,730
330423.954187,376293.15042,0,730
330573.880209,376430.629629,0,730
330491.578582,376369.017392,0,730
330571.338855,376450.155104,0,730
330597.775161,376548.236218,0,730
330587.200291,376464.098631,0,730
330549.82238,376521.272682,0,730
330732.986655,376346.889999,0,730
330566.130759,376510.5006,0,730
330578.935522,376554.829975,0,730
330484.2883,376458.98932,0,730
330637.204098,376506.272986,0,730
330425.470551,376362.273667,0,730
330632.091737,376473.4708,0,730
330447.373595,376315.281075,0,730
330630.457529,376358.437079,0,730
330614.982077,376356.655158,0,730
330645.615514,376452.411551,0,730
330539.788634,376413.976859,0,730
330573.540486,376542.824896,0,730
330458.236347,376403.366745,0,730
330499.24863,376660.021877,0,730
330486.063495,376509.375187,0,730
330469.31635,376628.728888,0,730
330532.060905,376438.508603,0,730
330591.729993,376472.451515,0,730
330628.485403,376353.628907,0,730
330538.934831,376378.165413,0,730
330649.83525,376340.420333,0,730
330457.814886,376378.397995,0,730
330442.925446,376299.41885,0,730
330484.251607,376485.482915,0,730
330532.280014,376476.478023,0,730
330665.338829,376343.568895,0,730
330425.144573,376339.490631,0,730
330564.999807,376522.420101,0,730
330642.622908,376316.782633,0,730
330452.589793,376427.046464,0,730
330488.459829,376697.804199,0,730
330518.164141,376651.334474,0,730
330538.438643,376499.49246,0,730
330479.53771,376643.608199,0,730
330540.866913,376516.122933,0,730
330424.366651,376320.078015,0,730
330725.253571,376344.419143,0,730
330551.883759,376617.431767,0,730
330540.151025,376349.349235,0,730
330589.657603,376528.934825,0,730
330588.874241,376433.52402,0,730
330566.919345,376404.840303,0,730
330445.511118,376449.764986,0,730
330522.183901,376392.793085,0,730
330538.964869,376525.358433,0,730
330522.847599,376468.458964,0,730
330551.581951,376419.078173,0,730
330667.954261,376334.602859,0,730
330682.436253,376392.038915,0,730
330715.159947,376357.813676,0,730
330599.671136,376382.400982,0,730
330550.084232,376337.923092,0,730
330521.792632,376335.165115,0,730
330526.768155,376547.938752,0,730
330583.453521,376493.105913,0,730
330490.302728,376451.926214,0,730
330438.573719,376429.634897,0,730
330473.281975,376522.675342,0,730
330707.922566,376377.251212,0,730
330564.54226,376441.267421,0,730
330600.834727,376402.74322,0,730
330659.826487,376330.542191,0,730
330470.097788,376427.686877,0,730
330475.817681,376401.858772,0,730
330533.279291,376357.36761,0,730
330542.616146,376443.507651,0,730
330516.340192,376439.783018,0,730
330530.986714,376566.918603,0,730
330715.980328,376385.488495,0,730
330558.165318,376479.572079,0,730
330647.603739,376465.226845,0,730
330694.196354,376344.34021,0,730
330632.994619,376327.820968,0,730
330598.36824,376434.736019,0,730
330492.059875,376630.648867,0,730
330664.620624,376453.988293,0,730
330420.38685,376270.513928,0,730
330732.119199,376329.169789,0,730
330740.346541,376365.333433,0,730
330463.57527,376446.905216,0,730
330428.714842,376379.450346,0,730
330483.216291,376289.531843,0,730
330528.811421,376540.631627,0,730
330480.797846,376687.505295,0,730
330531.149117,376317.710865,0,730
330658.858288,376454.174636,0,730
330463.127746,376496.985815,0,730
330613.690459,376509.700516,0,730
330463.216251,376277.575415,0,730
330720.67787,376371.632259,0,730
330467.843047,376391.286545,0,730
330497.190315,376447.020612,0,730
330537.408704,376588.880677,0,730
330492.893333,376598.204918,0,730
330475.459561,376279.692117,0,730
330493.689659,376314.868586,0,730
330550.226688,376336.385116,0,730
330479.902816,376357.840838,0,730
330580.053826,376369.093703,0,730
330509.388405,376678.07497,0,730
330442.360922,376399.064978,0,730
330464.317431,376531.384673,0,730
330487.595028,376595.91714,0,730
330489.49621,376614.854839,0,730
330437.318781,376430.539029,0,730
330517.347956,376371.605712,0,730
330645.962079,376448.147001,0,730
330667.967584,376345.926302,0,730
330700.907945,376418.677768,0,730
330570.698695,376427.292833,0,730
330518.26766,376507.774868,0,730
330624.258925,376300.424437,0,730
330598.870951,376359.149449,0,730
330457.885417,376446.095671,0,730
330704.151729,376360.956481,0,730
330503.026,376344.255531,0,730
330448.548021,376313.571717,0,730
330678.274434,376402.22812,0,730
330513.527773,376666.660108,0,730
330538.454885,376413.415368,0,730
330555.517549,376421.574752,0,730
330450.307303,376522.569347,0,730
330675.508715,376352.67807,0,730
330486.704434,376532.197929,0,730
330585.142572,376313.405867,0,730
330580.405211,376317.911233,0,730
330491.172101,376585.701656,0,730
330430.02039,376287.519392,0,730
330641.285185,376440.921681,0,730
330687.290435,376318.535163,0,730
330498.330493,376547.439327,0,730
330455.202674,376548.090477,0,730
330530.693775,376577.59188,0,730
330496.283776,376301.887454,0,730
330422.443201,376278.346175,0,730
330442.983793,376338.37005,0,730
330660.16227,376431.501486,0,730
330464.332265,376507.461605,0,730
330643.649009,376392.400268,0,730
330443.851728,376407.179062,0,730
330644.353461,376430.1242,0,730
330472.797743,376659.219848,0,730
330556.293303,376428.052564,0,730
330651.253052,376411.356613,0,730
330594.776646,376476.666286,0,730
330460.11799,376268.74388,0,730
330565.498846,376290.789771,0,730
330540.803344,376434.563453,0,730
330667.148674,376415.921966,0,730
330469.741313,376492.051908,0,730
330725.502822,376377.505447,0,730
330617.625698,376522.12396,0,730
330522.483147,376474.951283,0,730
330549.525348,376615.719907,0,730
330477.713314,376660.453345,0,730
330542.617447,376358.356041,0,730
330620.309874,376348.490427,0,730
330564.804801,376432.057821,0,730
330543.36841,376560.187843,0,730
330613.996612,376300.209141,0,730
330465.955148,376515.972028,0,730
330548.612097,376514.586173,0,730
330588.458943,376448.020912,0,730
330587.722432,376473.579358,0,730
330555.339759,376491.635331,0,730
330426.164915,376355.31353,0,730
330504.566328,376408.244828,0,730
330537.521908,376496.5153,0,730
330549.196419,376451.791825,0,730
330527.89559,376495.423216,0,730
330618.108795,376507.753027,0,730
330656.94991,376349.043216,0,730
330573.032223,376566.480468,0,730
330718.648753,376338.236406,0,730
330502.127902,376524.030647,0,730
330611.4144,376329.501801,0,730
330529.503718,376327.275679,0,730
330546.180686,376538.273936,0,730
330472.816102,376342.929661,0,730
330472.577724,376657.807081,0,730
330502.538604,376631.079076,0,730
330610.214902,376395.076205,0,730
330489.629991,376343.755224,0,730
330433.635032,376366.039299,0,730
330515.856155,376405.77448,0,730
330561.112612,376548.653235,0,730
330594.587499,376427.724088,0,730
330592.044397,376388.373874,0,730
330591.509465,376553.186799,0,730
330577.009306,376497.238816,0,730
330526.349035,376415.832,0,730
330522.244235,376360.66659,0,730
330491.105307,376605.459195,0,730
330643.602718,376405.131349,0,730
330607.086299,376385.511549,0,730
330492.682937,376369.25481,0,730
330459.521008,376406.037323,0,730
330478.967425,376361.117833,0,730
330623.802057,376309.152599,0,730
330417.618249,376286.823165,0,730
330586.116606,376418.096124,0,730
330468.439207,376604.068249,0,730
330441.247296,376380.252963,0,730
330526.966178,376563.208224,0,730
330434.357133,376309.93729,0,730
330630.276016,376422.082985,0,730
330583.089272,376465.974423,0,730
330731.29894,376349.320121,0,730
330501.755911,376566.196217,0,730
330625.573278,376430.280827,0,730
330533.144118,376587.581494,0,730
330456.572725,376471.279052,0,730
330611.113477,376434.636915,0,730
330614.05164,376469.367004,0,730
330555.927605,376440.069562,0,730
330552.291826,376434.469609,0,730
330651.630824,376356.656974,0,730
330642.654209,376308.910068,0,730
330590.585105,376459.0703,0,730
330459.739832,376471.739973,0,730
330601.141269,376364.505724,0,730
330474.3009,376693.294662,0,730
330504.658593,376317.437656,0,730
330487.443183,376582.429195,0,730
330562.11063,376465.626725,0,730
330539.175457,376325.191305,0,730
330643.098577,376494.038517,0,730
330530.675435,376521.197234,0,730
330498.5193,376445.766177,0,730
330520.013402,376466.421883,0,730
330471.975225,376468.641077,0,730
330727.373411,376328.348885,0,730
330529.109625,376628.064546,0,730
330544.397958,376365.661269,0,730
330708.977327,376398.255066,0,730
330448.351809,376398.19078,0,730
330478.417774,376341.654745,0,730
330501.146083,376545.281055,0,730
330463.76985,376458.859652,0,730
330686.104411,376382.961647,0,730
330508.06858,376586.723186,0,730
330735.358246,376374.28824,0,730
330419.620142,376318.06133,0,730
330527.846294,376641.94425,0,730
330658.320121,376333.25565,0,730
330616.066516,376449.57123,0,730
330566.176337,376308.529671,0,730
330515.127495,376442.707205,0,730
330515.069341,376604.004141,0,730
330689.051985,376409.975239,0,730
330604.981404,376492.531939,0,730
330609.892369,376342.180891,0,730
330452.517333,376283.299735,0,730
330433.432449,376311.376503,0,730
330509.475041,376646.052649,0,730
330473.687766,376460.257246,0,730
330557.558325,376417.978035,0,730
330499.588323,376679.108985,0,730
330557.577545,376476.067937,0,730
330479.555136,376436.413823,0,730
330497.379463,376509.931246,0,730
330715.747679,376378.515857,0,730
330484.274322,376572.926129,0,730
330562.717158,376394.742554,0,730
330642.981238,376379.90405,0,730
330594.959654,376455.94054,0,730
330692.203574,376349.816648,0,730
330572.030825,376374.141286,0,730
330512.096497,376534.152203,0,730
330685.57075,376406.475774,0,730
330594.888725,376517.121908,0,730
330634.196863,376332.804057,0,730
330669.668272,376427.421693,0,730
330444.211663,376266.647408,0,730
330596.674968,376369.103839,0,730
330489.537965,376515.003579,0,730
330464.320808,376433.653835,0,730
330418.900331,376261.37057,0,730
330515.6011,376302.505194,0,730
330595.738094,376367.507777,0,730
330427.314575,376294.29242,0,730
330444.214445,376397.302655,0,730
330459.972455,376501.55044,0,730
330558.836913,376320.875322,0,730
330538.403214,376631.522541,0,730
330488.367027,376454.100207,0,730
330557.707013,376389.657808,0,730
330477.936504,376573.969538,0,730
330520.502454,376507.179492,0,730
330432.948301,376342.610749,0,730
330468.555928,376455.79116,0,730
330742.02292,376338.826458,0,730
330483.084329,376568.425229,0,730
330662.373542,376418.231668,0,730
330415.648187,376278.468689,0,730
330505.431475,376567.62984,0,730
330625.917461,376477.217231,0,730
330499.865063,376472.403502,0,730
330547.17247,376444.140386,0,730
330481.169905,376697.98405,0,730
330611.837917,376391.767847,0,730
330623.609776,376305.523679,0,730
330504.844263,376321.891448,0,730
330488.343009,376495.372964,0,730
330421.464084,376284.779379,0,730
330527.681234,376427.523155,0,730
330482.031316,376544.472813,0,730
330737.604665,376339.278675,0,730
330603.554659,376457.843269,0,730
330534.196444,376296.211481,0,730
330433.224637,376285.975766,0,730
330700.684303,376369.329889,0,730
330587.290888,376433.881455,0,730
330649.521608,376432.266467,0,730
330507.568721,376535.003152,0,730
330550.623643,376444.925303,0,730
330564.435431,376310.899941,0,730
330450.338363,376407.895085,0,730
330476.838664,376471.752095,0,730
330620.206768,376477.820998,0,730
330670.090277,376390.841119,0,730
330446.195037,376396.062707,0,730
330480.0543,376645.751966,0,730
330443.575401,376436.758671,0,730
330472.883803,376411.512558,0,730
330593.230814,376514.234144,0,730
330475.010049,376554.583588,0,730
330527.970933,376365.853273,0,730
330633.451673,376334.916874,0,730
330475.446371,376579.996027,0,730
330676.948873,376407.406371,0,730
330607.01648,376332.843419,0,730
330493.1097,376541.317038,0,730
330572.470216,376417.007488,0,730
330608.689968,376472.028013,0,730
330544.305597,376573.951148,0,730
330520.056562,376502.050395,0,730
330561.917642,376590.444934,0,730
330527.992006,376401.854091,0,730
330463.766842,376624.297626,0,730
330475.368744,376286.703164,0,730
330553.375301,376585.533236,0,730
330477.228355,376328.500316,0,730
330538.041977,376516.578618,0,730
330426.369494,376378.906791,0,730
330723.541448,376390.788264,0,730
330510.967081,376489.123676,0,730
330597.402967,376540.585328,0,730
330463.522239,376660.650037,0,730
330600.018269,376499.218543,0,730
330421.230523,376305.045488,0,730
330581.984718,376573.032863,0,730
330541.049811,376502.938834,0,730
330451.773494,376365.014067,0,730
330441.595841,376264.722906,0,730
330537.507801,376536.128927,0,730
330481.577063,376500.896337,0,730
330606.128698,376376.594911,0,730
330696.760819,376416.583423,0,730
330470.421422,376685.073822,0,730
330468.240346,376452.9713,0,730
330464.41056,376292.026953,0,730
330696.259703,376340.151764,0,730
330591.179064,376529.367498,0,730
330462.093515,376307.02024,0,730
330465.906834,376571.101082,0,730
330601.623816,376444.385733,0,730
330564.097641,376385.85626,0,730
330452.629402,376472.13481,0,730
330579.529833,376333.204588,0,730
330553.249479,376284.788041,0,730
330574.36306,376476.563007,0,730
330478.056936,376538.686419,0,730
330478.958097,376365.022318,0,730
330497.58613,376426.677142,0,730
330501.106424,376294.252966,0,730
330424.791763,376350.959714,0,730
330618.363875,376432.113278,0,730
330430.803257,376390.923823,0,730
330531.802105,376556.253563,0,730
330507.927815,376426.488881,0,730
330464.79388,376293.109841,0,730
330551.070364,376312.24481,0,730
330637.742817,376392.300551,0,730
330573.736169,376418.757992,0,730
330611.609971,376461.7509,0,730
330541.630945,376416.371553,0,730
330518.532175,376608.97734,0,730
330558.123588,376581.10612,0,730
330478.944424,376429.937002,0,730
330452.883845,376403.785792,0,730
330700.877151,376324.428034,0,730
330666.241254,376384.101631,0,730
330577.508866,376560.264301,0,730
330481.921244,376327.058507,0,730
330510.698344,376295.293377,0,730
330570.375719,376350.964283,0,730
330495.203259,376683.885707,0,730
330518.205829,376472.07232,0,730
330666.875809,376444.592336,0,730
330542.904683,376340.305273,0,730
330471.661361,376635.944691,0,730
330556.950852,376289.660342,0,730
330464.908108,376319.707173,0,730
330490.09703,376439.766517,0,730
330439.074026,376303.458144,0,730
330733.668228,376337.776767,0,730
330594.513846,376326.326397,0,730
330538.44981,376607.573473,0,730
330612.573253,376350.72078,0,730
330506.365898,376377.010625,0,730
330683.210542,376365.7228,0,730
330509.176706,376377.309442,0,730
330434.349033,376413.14981,0,730
330660.308932,376400.720073,0,730
330615.916523,376358.416804,0,730
330616.642715,376323.928441,0,730
330415.081426,376283.852636,0,730
330460.542448,376583.954244,0,730
330454.39865,376563.96175,0,730
330533.908397,376471.427469,0,730
330557.405711,376299.90159,0,730
330592.320579,376523.019885,0,730
330594.42301,376316.839432,0,730
330686.302127,376343.387031,0,730
330703.006611,376364.645308,0,730
330460.165184,376398.365624,0,730
330476.667266,376419.198433,0,730
330556.419864,376311.759619,0,730
330475.755215,376604.280325,0,730
330435.031753,376327.871283,0,730
330475.779014,376318.777215,0,730
330468.060985,376625.504739,0,730
330645.187024,376392.166073,0,730
330683.796848,376354.15326,0,730
330480.885422,376325.858282,0,730
330592.063003,376465.094793,0,730
330698.31397,376389.826364,0,730
330478.388169,376315.543501,0,730
330524.606508,376345.291084,0,730
330556.470467,376347.240858,0,730
330610.075096,376432.278026,0,730
330452.997271,376511.838369,0,730
330660.380521,376330.566654,0,730
330464.750913,376270.109876,0,730
330418.603302,376322.947716,0,730
330697.090714,376389.018726,0,730
330520.322818,376429.46302,0,730
330554.052385,376394.375968,0,730
330489.527629,376382.601345,0,730
330622.977842,376350.667352,0,730
330490.651613,376579.292664,0,730
330491.232192,376692.610417,0,730
330605.846268,376315.603845,0,730
330694.010256,376370.785818,0,730
330592.148742,376408.374592,0,730
330476.516517,376400.814872,0,730
330447.667145,376448.017633,0,730
330476.283748,376564.440154,0,730
330430.241678,376331.412438,0,730
330453.534133,376306.225626,0,730
330518.76471,376635.419989,0,730
330472.847895,376489.269848,0,730
330528.720264,376566.696973,0,730
330579.23702,376464.503939,0,730
330525.106847,376378.87206,0,730
330622.721143,376304.166155,0,730
330562.020261,376286.482631,0,730
330516.925887,376550.959928,0,730
330540.884192,376514.812401,0,730
330455.912691,376343.672924,0,730
330444.736241,376405.276722,0,730
330568.426952,376376.114729,0,730
330579.039807,376299.128709,0,730
330574.192441,376589.207209,0,730
330642.528453,376340.052084,0,730
330491.376786,376638.998555,0,730
330553.002459,376603.163584,0,730
330603.619029,376480.979651,0,730
330493.791403,376616.045641,0,730
330525.489033,376630.879261,0,730
330524.645514,376625.409615,0,730
330472.44331,376466.652083,0,730
330553.479995,376493.121601,0,730
330506.195634,376462.25657,0,730
330636.213495,376431.483952,0,730
330465.03829,376331.517489,0,730
330650.654721,376426.498367,0,730
330551.92462,376393.781382,0,730
330557.559451,376306.917275,0,730
330505.844218,376387.314248,0,730
330530.714139,376639.326425,0,730
330508.158203,376501.683653,0,730
330621.017491,376304.550653,0,730
330665.267351,376341.20643,0,730
330640.737235,376458.336361,0,730
330620.892855,376428.17768,0,730
330482.137362,376667.472588,0,730
330633.751757,376484.617208,0,730
330588.479328,376504.52482,0,730
330458.747542,376359.70718,0,730
330627.762563,376460.791088,0,730
330707.03381,376370.443741,0,730
330614.124672,376325.565858,0,730
330466.28244,376676.878967,0,730
330637.996456,376329.839881,0,730
330521.604009,376517.349888,0,730
330677.35773,376450.011513,0,730
330565.610673,376572.952358,0,730
330641.192276,376413.305018,0,730
330539.877836,376395.614593,0,730
330633.104125,376423.46878,0,730
330618.656178,376474.065976,0,730
330602.080408,376331.609225,0,730
330641.838713,376481.312607,0,730
330671.615386,376341.115677,0,730
330525.384111,376392.023788,0,730
330478.36634,376672.407659,0,730
330644.991285,376403.94519,0,730
330651.191025,376307.494828,0,730
330423.816779,376287.720147,0,730
330557.337534,376355.771183,0,730
330707.690573,376383.784497,0,730
330577.593655,376460.287873,0,730
330693.501826,376390.375769,0,730
330472.595928,376422.277285,0,730
330525.970352,376500.41415,0,730
330706.726952,376376.202386,0,730
330503.15843,376647.654193,0,730
330622.569979,376370.873006,0,730
330443.92136,376281.01354,0,730
330466.161613,376593.807012,0,730
330636.393139,376314.057853,0,730
330553.668356,376544.235221,0,730
330699.411189,376367.467153,0,730
330506.921508,376509.560417,0,730
330489.740346,376589.400146,0,730
330546.214949,376329.920608,0,730
330695.799701,376340.361772,0,730
330499.13792,376584.630445,0,730
330477.36042,376663.185,0,730
330555.821965,376330.760232,0,730
330548.94292,376570.199774,0,730
330646.933258,376447.223811,0,730
330560.038914,376387.79299,0,730
330469.740625,376620.582128,0,730
330530.662563,376558.196393,0,730
330444.605619,376397.674491,0,730
330601.597699,376518.494096,0,730
330461.114306,376639.861464,0,730
330557.822546,376576.307386,0,730
330579.225909,376296.489143,0,730
330439.98949,376398.433959,0,730
330542.693509,376465.268397,0,730
330443.034688,376491.346955,0,730
330591.489662,376479.96295,0,730
330684.545782,376325.801048,0,730
330461.493848,376445.442957,0,730
330522.582543,376512.990258,0,730
330658.009126,376333.511133,0,730
330484.937886,376528.803381,0,730
330539.95949,376477.077871,0,730
330484.258223,376606.148401,0,730
330498.8382,376296.517406,0,730
330620.654035,376471.959641,0,730
330507.709995,376388.699219,0,730
330503.508053,376515.479939,0,730
330505.137,376671.7114,0,730
330538.207597,376632.403568,0,730
330486.672889,376360.287459,0,730
330666.963117,376436.227631,0,730
330502.46812,376291.094437,0,730
330531.567992,376542.94558,0,730
330546.315041,376397.550387,0,730
330533.845246,376401.053294,0,730
330458.109127,376356.359877,0,730
330592.344721,376328.168147,0,730
330476.39193,376706.099191,0,730
330467.676392,376541.977207,0,730
330552.132624,376345.684112,0,730
330558.603284,376355.98866,0,730
330676.90295,376313.936781,0,730
330618.438445,376302.759008,0,730
330466.746279,376432.914154,0,730
330431.600673,376417.406019,0,730
330651.59874,376370.079266,0,730
330496.866196,376323.765462,0,730
330667.10008,376333.680278,0,730
330630.137477,376377.660983,0,730
330586.158732,376502.89568,0,730
330523.197928,376428.753355,0,730
330542.919693,376319.121889,0,730
330516.476681,376329.994278,0,730
330586.814095,376307.673673,0,730
330675.983623,376448.387044,0,730
330458.058111,376429.517677,0,730
330599.583695,376404.328878,0,730
330645.499167,376390.582612,0,730
330529.118654,376583.856038,0,730
330474.435404,376708.329244,0,730
330591.098121,376360.437234,0,730
330468.550955,376562.016768,0,730
330504.255663,376630.835759,0,730
330461.733732,376295.458133,0,730
330592.966894,376392.950584,0,730
330493.554419,376655.607748,0,730
330568.22296,376469.474346,0,730
330649.814443,376488.522388,0,730
330752.798666,376332.650575,0,730
330536.785472,376372.848262,0,730
330529.985206,376530.449433,0,730
330521.941778,376523.408442,0,730
330586.157403,376437.466735,0,730
330589.915695,376375.580905,0,730
330467.66117,376481.568289,0,730
330504.775718,376305.329178,0,730
330438.063672,376271.195773,0,730
330458.605619,376630.897662,0,730
330574.755329,376553.243052,0,730
330626.473744,376325.312822,0,730
330527.928007,376407.133276,0,730
330573.698826,376538.097254,0,730
330732.900119,376365.732645,0,730
330636.558435,376322.862074,0,730
330539.335725,376483.637545,0,730
330465.3468,376340.270415,0,730
330563.736367,376548.337622,0,730
330538.570069,376489.754344,0,730
330646.473613,376412.070864,0,730
330584.460575,376428.010565,0,730
330592.871616,376540.44919,0,730
330575.507869,376350.127303,0,730
330527.738249,376328.471299,0,730
330696.600369,376335.890436,0,730
330510.312115,376369.928686,0,730
330473.618907,376670.172185,0,730
330594.378967,376534.005818,0,730
330589.572572,376318.248037,0,730
330477.081126,376363.901153,0,730
330742.902753,376362.449513,0,730
330679.799033,376330.866911,0,730
330605.347906,376442.686322,0,730
330590.914488,376545.247552,0,730
330549.62983,376459.292326,0,730
330587.150144,376463.406733,0,730
330647.023641,376457.90218,0,730
330427.982343,376365.626052,0,730
330527.7472,376298.610241,0,730
330476.844458,376440.152746,0,730
330573.943832,376486.994101,0,730
330485.059582,376486.002759,0,730
330654.167709,376441.834957,0,730
330546.505728,376302.76128,0,730
330618.477877,376487.686893,0,730
330486.154387,376493.542778,0,730
330456.446666,376574.118607,0,730
330469.414299,376420.969802,0,730
330707.086951,376403.739413,0,730
330599.038083,376533.470554,0,730
330658.137788,376431.300575,0,730
330559.520717,376522.013304,0,730
330559.666986,376491.49178,0,730
330462.822393,376404.251123,0,730
330567.93885,376397.550517,0,730
330507.729066,376536.837836,0,730
330495.567144,376475.298821,0,730
330617.739908,376401.360703,0,730
330479.814219,376553.852942,0,730
330469.062252,376496.740468,0,730
330445.213134,376496.224914,0,730
330561.846938,376343.007755,0,730
330453.256886,376558.420678,0,730
330533.130647,376403.924661,0,730
330541.223044,376584.489802,0,730
330458.802187,376429.547006,0,730
330526.065064,376569.321912,0,730
330511.365121,376363.360711,0,730
330417.205985,376278.121857,0,730
330471.37007,376650.568126,0,730
330467.329127,376269.523747,0,730
330519.772609,376622.29042,0,730
330549.575388,376420.178691,0,730
330555.447854,376537.541125,0,730
330716.807365,376358.611385,0,730
330549.654827,376446.694208,0,730
330633.936022,376400.680365,0,730
330466.007556,376559.232526,0,730
330447.447231,376439.16116,0,730
330485.961504,376606.757099,0,730
330532.636275,376366.88204,0,730
330532.275629,376601.994148,0,730
330464.793484,376662.549405,0,730
330566.009612,376288.304477,0,730
330465.038835,376346.136038,0,730
330707.992681,376405.602281,0,730
330463.001754,376656.588873,0,730
330464.992735,376354.535644,0,730
330590.397515,376502.37847,0,730
330426.158972,376272.6499,0,730
330711.956758,376364.803777,0,730
330597.822618,376335.720122,0,730
330457.611175,376544.418393,0,730
330619.429231,376512.578846,0,730
330688.043427,376377.661662,0,730
330456.026022,376533.13066,0,730
330521.866911,376551.66722,0,730
330633.946163,376367.304021,0,730
330564.118847,376380.850922,0,730
330424.574754,376333.202186,0,730
330482.786814,376437.040357,0,730
330606.156364,376361.304274,0,730
330469.048851,376552.021989,0,730
330595.832458,376537.668905,0,730
330493.764364,376583.075241,0,730
330460.518127,376577.643677,0,730
330579.408169,376420.994791,0,730
330479.056842,376409.656945,0,730
330612.729024,376414.372978,0,730
330588.587735,376471.178512,0,730
330463.7312,376315.581156,0,730
330503.094269,376671.49414,0,730
330462.397751,376364.172913,0,730
330514.552774,376457.888832,0,730
330441.770026,376343.836768,0,730
330534.495504,376470.203438,0,730
330620.231776,376340.324172,0,730
330530.817196,376317.067373,0,730
330607.86772,376352.538726,0,730
330696.994276,376369.107619,0,730
330416.469723,376295.411462,0,730
330497.41185,376411.785068,0,730
330600.828532,376446.404494,0,730
330547.060907,376579.255346,0,730
330717.718314,376334.269944,0,730
330569.29467,376442.413396,0,730
330445.072658,376429.523105,0,730
330520.175169,376381.364966,0,730
330469.602064,376277.971323,0,730
330631.085544,376359.793031,0,730
330603.880049,376378.500606,0,730
330720.98669,376393.338759,0,730
330553.83789,376546.683173,0,730
330483.590917,376496.59666,0,730
330561.686385,376450.646315,0,730
330453.535698,376350.768291,0,730
330537.776058,376349.075883,0,730
330456.724964,376532.627563,0,730
330503.988782,376276.345667,0,730
330611.592331,376531.439291,0,730
330546.723414,376475.737846,0,730
330500.83281,376464.394,0,730
330477.49902,376435.996861,0,730
330562.129627,376590.738334,0,730
330516.519629,376340.64359,0,730
330673.628997,376443.186874,0,730
330495.274585,376657.61537,0,730
330438.751899,376295.161206,0,730
330598.162621,376354.291891,0,730
330467.693818,376333.876123,0,730
330562.475219,376454.696285,0,730
330448.473678,376273.429136,0,730
330477.689474,376291.484178,0,730
330506.434478,376550.491948,0,730
330560.606951,376329.801807,0,730
330552.744243,376473.013575,0,730
330545.976137,376519.052761,0,730
330515.984103,376405.013511,0,730
330724.835944,376338.751378,0,730
330433.037087,376368.469588,0,730
330678.682701,376359.806539,0,730
330589.728265,376520.197155,0,730
330501.220425,376621.84381,0,730
330434.141959,376354.320656,0,730
330485.465675,376324.225839,0,730
330504.72658,376575.712155,0,730
330485.481398,376370.426137,0,730
330650.515386,376411.035551,0,730
330680.35242,376375.261149,0,730
330525.245088,376346.320362,0,730
330505.196332,376680.795506,0,730
330631.4077,376475.717106,0,730
330463.50709,376657.989344,0,730
330463.736651,376400.111159,0,730
330525.614945,376354.276127,0,730
330652.007342,376482.961891,0,730
330481.398981,376564.790356,0,730
330470.772479,376700.956967,0,730
330460.661541,376297.668465,0,730
330561.975777,376300.393058,0,730
330564.289256,376584.586871,0,730
330582.466448,376391.961727,0,730
330612.928112,376503.714294,0,730
330688.159761,376339.932253,0,730
330472.344326,376349.314493,0,730
330583.722233,376520.588017,0,730
330516.043439,376482.693276,0,730
330587.320622,376318.982004,0,730
330672.502424,376413.940489,0,730
330515.703248,376590.868633,0,730
330556.020568,376371.475098,0,730
330493.111078,376618.512514,0,730
330464.607643,376555.300525,0,730
330474.958883,376562.802879,0,730
330484.364499,376305.069346,0,730
330508.141613,376500.172075,0,730
330578.532774,376301.395825,0,730
330585.771447,376512.645231,0,730
330537.701281,376495.72524,0,730
330460.779214,376638.083709,0,730
330463.595991,376623.683474,0,730
330526.564792,376363.576572,0,730
330528.808658,376557.847011,0,730
330662.027202,376459.092147,0,730
330440.960453,376331.966284,0,730
330578.019208,376382.793549,0,730
330433.862197,376283.331051,0,730
330552.291921,376590.467784,0,730
330641.044109,376335.18827,0,730
330446.879008,376434.381052,0,730
330478.336874,376383.215298,0,730
330437.455254,376409.71164,0,730
330611.120173,376432.801608,0,730
330580.670537,376509.126726,0,730
330602.932929,376479.852669,0,730
330504.251993,376530.524991,0,730
330437.861419,376414.750234,0,730
330618.217071,376503.990309,0,730
330579.119495,376328.64501,0,730
330460.372816,376375.631614,0,730
330499.764228,376577.002453,0,730
330536.310774,376558.5659,0,730
330587.306321,376448.390131,0,730
330484.88512,376324.618615,0,730
330511.175556,376532.015042,0,730
330689.288339,376421.487312,0,730
330468.884454,376397.157698,0,730
330448.220391,376464.98326,0,730
330547.785804,376486.958113,0,730
330575.252683,376389.485172,0,730
330522.338813,376471.1677,0,730
330509.657823,376397.699753,0,730
330458.570037,376290.43097,0,730
330640.845117,376487.907312,0,730
330455.270604,376437.483444,0,730
330523.640037,376439.820534,0,730
330615.34386,376371.410514,0,730
330623.343085,376394.972405,0,730
330473.347179,376561.989583,0,730
330698.377045,376392.027152,0,730
330569.166918,376422.883172,0,730
330527.481632,376391.699182,0,730
330523.200595,376452.674937,0,730
330521.588544,376485.959529,0,730
330605.74064,376298.568564,0,730
330531.38081,376606.081632,0,730
330613.61733,376514.809064,0,730
330527.970436,376494.113933,0,730
330567.014914,376588.899144,0,730
330462.009083,376416.110251,0,730
330632.378555,376353.709058,0,730
330659.71698,376431.33925,0,730
330556.178772,376469.02457,0,730
330583.506974,376420.607663,0,730
330574.699123,376501.178364,0,730
330464.611958,376423.522973,0,730
330462.930835,376349.336608,0,730
330545.093908,376416.016613,0,730
330619.787698,376457.349981,0,730
330439.519539,376274.829339,0,730
330694.804487,376416.870558,0,730
330454.90015,376602.370129,0,730
330578.418652,376581.700105,0,730
330499.040754,376352.429346,0,730
330587.757526,376524.701384,0,730
330737.800287,376371.692082,0,730
330644.482148,376403.0268,0,730
330624.829056,376325.19187,0,730
330589.611292,376296.913549,0,730
330550.248539,376453.153971,0,730
330618.697251,376381.43701,0,730
330446.611226,376440.132518,0,730
330554.559832,376439.040461,0,730
330600.644136,376360.028242,0,730
330447.547625,376370.996362,0,730
330499.085645,376295.031555,0,730
330565.482686,376325.898474,0,730
330714.874553,376391.878772,0,730
330445.978353,376422.418911,0,730
330586.580418,376336.703918,0,730
330484.377935,376471.740184,0,730
330664.150875,376391.760672,0,730
330529.188979,376524.369141,0,730
330561.562397,376521.378271,0,730
330474.143947,376326.956818,0,730
330435.897743,376292.630383,0,730
330464.986193,376514.846396,0,730
330652.437648,376419.191077,0,730
330517.80895,376416.078482,0,730
330538.410754,376348.238389,0,730
330458.556059,376395.88087,0,730
330588.755487,376414.777474,0,730
330425.4809,376280.398919,0,730
330433.66373,376276.600575,0,730
330673.704389,376394.472051,0,730
330519.29911,376658.945281,0,730
330477.069654,376402.482892,0,730
330527.252624,376329.114961,0,730
330659.153165,376391.197099,0,730
330463.045213,376355.541789,0,730
330594.705519,376311.389517,0,730
330535.822496,376621.245976,0,730
330601.080271,376363.495585,0,730
330544.113584,376581.856856,0,730
330508.479187,376315.87562,0,730
330659.198687,376334.869282,0,730
330507.856287,376356.571571,0,730
330475.755746,376324.090199,0,730
330497.918915,376617.763503,0,730
330533.178438,376493.465392,0,730
330470.337194,376495.947895,0,730
330754.988854,376338.11764,0,730
330613.633914,376419.818621,0,730
330468.860768,376568.353266,0,730
330452.474139,376294.93422,0,730
330627.117549,376495.360836,0,730
330711.229515,376387.782192,0,730
330570.888249,376294.820045,0,730
330666.450745,376319.307612,0,730
330452.809924,376378.207448,0,730
330660.282192,376441.697733,0,730
330608.792854,376412.813409,0,730
330600.859532,376351.068494,0,730
330500.933957,376331.385498,0,730
330650.808651,376376.751766,0,730
330481.926316,376296.009988,0,730
330465.272118,376556.731913,0,730
330657.991611,376467.830506,0,730
330503.508008,376589.854448,0,730
330651.885001,376320.408497,0,730
330506.694256,376353.758002,0,730
330616.354966,376375.008816,0,730
330492.533359,376295.496705,0,730
330546.316544,376344.063032,0,730
330456.02975,376282.955294,0,730
330581.315256,376548.15955,0,730
330715.145592,376325.706202,0,730
330553.3005,376596.731902,0,730
330485.189986,376554.768357,0,730
330559.428138,376511.091705,0,730
330568.53038,376517.754061,0,730
330646.305557,376352.769112,0,730
330503.79814,376428.684043,0,730
330546.11698,376603.969161,0,730
330635.206741,376368.200806,0,730
330610.723143,376430.421499,0,730
330601.709634,376470.658913,0,730
330693.796691,376421.569848,0,730
330484.503806,376333.561202,0,730
330577.341362,376560.837177,0,730
330588.589201,376510.216932,0,730
330546.447135,376408.218448,0,730
330517.384926,376372.283375,0,730
330594.649865,376468.295408,0,730
330532.787557,376442.143276,0,730
330490.588484,376666.645443,0,730
330619.633888,376391.868813,0,730
330587.359787,376543.353628,0,730
330619.123866,376422.418718,0,730
330466.993599,376477.553643,0,730
330597.568651,376531.727709,0,730
330541.740282,376500.168343,0,730
330516.717131,376628.10632,0,730
330658.910755,376373.602073,0,730
330461.359293,376343.537019,0,730
330544.884447,376370.990246,0,730
330456.028189,376535.315716,0,730
330562.194137,376528.285055,0,730
330458.162624,376501.762756,0,730
330545.701198,376458.95554,0,730
330495.094122,376273.900029,0,730
330579.95724,376551.410003,0,730
330626.181053,376406.219552,0,730
330467.679213,376432.54231,0,730
330748.419447,376348.765679,0,730
330481.422507,376552.591591,0,730
330503.331326,376547.239573,0,730
330539.14339,376411.442205,0,730
330701.826058,376342.797815,0,730
330508.006398,376414.013702,0,730
330479.290387,376505.845033,0,730
330631.1607,376439.019102,0,730
330518.700881,376340.904852,0,730
330510.347758,376370.556696,0,730
330497.666466,376538.573508,0,730
330540.697854,376439.294907,0,730
330470.525812,376406.695116,0,730
330643.936845,376405.570647,0,730
330514.39459,376439.46964,0,730
330428.569683,376332.922812,0,730
330521.912858,376319.962991,0,730
330508.844337,376445.170459,0,730
330472.007263,376686.887032,0,730
330439.812743,376455.913016,0,730
330578.64846,376295.590812,0,730
330582.482035,376522.76055,0,730
330638.177565,376389.530224,0,730
330527.690963,376518.932528,0,730
330519.44103,376414.948971,0,730
330714.937729,376364.152739,0,730
330497.387773,376588.194772,0,730
330491.158399,376447.8006,0,730
330521.858479,376365.598974,0,730
330526.456342,376500.468969,0,730
330570.883789,376329.077383,0,730
330677.629031,376386.453818,0,730
330545.777005,376582.7386,0,730
330653.853152,376326.580512,0,730
330489.285887,376339.902461,0,730
330579.369933,376438.43273,0,730
330569.347286,376319.602684,0,730
330680.271594,376444.019105,0,730
330567.821942,376419.308317,0,730
330690.654979,376320.776069,0,730
330475.263523,376395.393024,0,730
330584.985423,376460.331944,0,730
330622.241335,376456.509299,0,730
330524.78765,376557.714491,0,730
330701.544988,376402.190489,0,730
330528.080122,376305.677435,0,730
330672.974556,376348.065289,0,730
330582.297537,376463.4112,0,730
330640.210921,376494.093986,0,730
330647.48748,376446.492746,0,730
330722.92427,376382.417682,0,730
330526.501588,376355.626033,0,730
330551.463753,376606.655362,0,730
330677.699907,376357.909288,0,730
330706.990086,376323.608109,0,730
330481.636789,376434.022668,0,730
330450.938776,376274.778291,0,730
330540.120816,376588.489148,0,730
330507.935651,376431.353423,0,730
330479.511661,376269.904394,0,730
330683.695779,376401.786925,0,730
330545.168908,376480.635185,0,730
330642.596893,376447.81534,0,730
330557.840383,376549.19012,0,730
330484.413231,376391.886267,0,730
330727.318685,376337.64288,0,730
330539.767324,376547.768525,0,730
330549.951707,376358.892037,0,730
330474.687077,376269.279511,0,730
330445.338906,376421.914941,0,730
330593.670947,376536.627065,0,730
330672.345867,376366.885718,0,730
330469.041326,376295.947877,0,730
330521.537224,376332.652484,0,730
330521.168277,376394.261292,0,730
330645.349884,376473.568449,0,730
330565.894694,376342.500568,0,730
330471.583777,376310.397121,0,730
330506.403855,376520.229748,0,730
330569.780594,376547.916122,0,730
330577.864154,376408.066977,0,730
330631.632527,376487.104089,0,730
330656.69119,376456.332119,0,730
330566.367476,376578.577702,0,730
330668.423707,376341.193892,0,730
330574.904244,376497.489557,0,730
330599.142481,376516.457991,0,730
330473.267298,376537.735646,0,730
330541.673495,376602.066294,0,730
330533.703627,376463.949796,0,730
330611.27222,376450.834545,0,730
330607.634725,376461.989869,0,730
330559.743205,376479.596796,0,730
330693.416435,376402.461041,0,730
330436.100676,376299.565573,0,730
330437.238622,376325.844681,0,730
330562.674069,376355.849648,0,730
330455.384633,376594.212804,0,730
330553.982439,376458.057304,0,730
330574.257615,376512.572009,0,730
330700.651283,376368.347238,0,730
330560.945379,376541.849616,0,730
330458.729804,376376.238446,0,730
330725.305466,376352.939113,0,730
330524.337456,376598.315613,0,730
330521.988221,376630.812659,0,730
330434.299045,376330.650556,0,730
330547.968224,376343.720297,0,730
330663.041046,376392.05019,0,730
330710.606043,376358.022449,0,730
330566.346646,376367.089582,0,730
330456.480003,376413.666011,0,730
330442.512846,376464.367336,0,730
330454.984375,376533.608749,0,730
330583.609711,376513.287166,0,730
330474.034982,376338.069435,0,730
330718.980604,376351.662359,0,730
330556.856618,376367.393135,0,730
330567.401369,376328.216727,0,730
330570.543491,376586.470864,0,730
330574.973887,376370.062214,0,730
330487.584672,376459.445549,0,730
330522.118716,376404.30846,0,730
330569.171906,376486.796018,0,730
330592.633179,376499.428146,0,730
330545.694104,376528.173223,0,730
330423.96856,376350.590289,0,730
330608.762541,376508.997628,0,730
330615.212793,376497.517844,0,730
330727.668202,376352.044435,0,730
330452.119635,376494.673714,0,730
330552.336267,376563.04816,0,730
330487.502833,376366.221299,0,730
330539.565451,376287.12541,0,730
330692.386304,376332.138017,0,730
330459.677616,376390.148276,0,730
330456.09214,376367.469992,0,730
330576.162955,376367.28621,0,730
330446.371124,376364.547497,0,730
330649.070811,376383.260544,0,730
330499.145147,376427.630817,0,730
330420.241645,376309.073369,0,730
330530.325317,376323.577656,0,730
330434.585045,376400.207936,0,730
330463.554013,376547.574057,0,730
330482.254067,376324.875064,0,730
330437.039458,376277.199363,0,730
330530.168866,376335.740569,0,730
330472.336953,376633.729022,0,730
330482.07647,376586.59531,0,730
330589.086769,376420.286253,0,730
330582.242183,376307.595023,0,730
330496.274153,376384.700179,0,730
330574.242168,376397.206006,0,730
330474.253664,376434.733277,0,730
330549.657512,376414.638072,0,730
330495.303384,376648.286359,0,730
330612.69222,376526.57672,0,730
330632.403863,376452.941829,0,730
330463.959018,376379.287683,0,730
330597.486763,376359.89641,0,730
330647.856117,376391.994221,0,730
330643.204784,376371.271725,0,730
330553.702139,376348.566397,0,730
330655.826186,376410.620927,0,730
330656.000619,376428.494782,0,730
330492.703543,376640.349479,0,730
330538.306298,376336.458661,0,730
330624.843382,376313.330726,0,730
330565.266394,376327.476655,0,730
330588.076018,376333.541337,0,730
330650.817955,376329.663723,0,730
330448.338074,376317.464042,0,730
330492.892999,376313.764831,0,730
330494.758162,376545.202652,0,730
330421.932285,376329.636756,0,730
330535.037419,376622.627183,0,730
330719.413912,376359.558567,0,730
330461.83904,376592.125455,0,730
330437.437029,376417.684794,0,730
330716.850764,376379.815587,0,730
330563.871608,376419.462866,0,730
330585.963461,376317.264103,0,730
330494.995887,376675.361052,0,730
330502.254665,376325.373453,0,730
330507.506521,376274.528789,0,730
330684.163761,376349.689267,0,730
330667.110361,376354.754211,0,730
330445.130596,376435.764316,0,730
330427.416743,376279.021328,0,730
330650.054446,376415.164149,0,730
330475.07538,376306.341742,0,730
330562.511938,376439.247242,0,730
330606.966951,376450.181857,0,730
330588.107097,376357.284288,0,730
330492.498885,376485.804722,0,730
330489.081269,376517.559809,0,730
330469.239699,376703.829263,0,730
330582.357639,376304.879015,0,730
330440.204166,376352.719254,0,730
330462.08395,376474.132348,0,730
330635.078164,376340.257524,0,730
330423.299462,376342.620879,0,730
330466.164414,376306.465705,0,730
330716.764245,376388.405617,0,730
330649.921735,376366.304443,0,730
330508.108848,376609.774499,0,730
330692.54517,376400.688999,0,730
330588.365973,376462.128055,0,730
330540.08146,376476.467287,0,730
330539.63544,376610.203151,0,730
330666.651434,376395.792355,0,730
330587.596885,376322.595754,0,730
330421.634353,376283.756849,0,730
330530.371208,376415.968434,0,730
330585.520042,376534.330047,0,730
330702.07918,376400.871233,0,730
330484.030803,376404.697728,0,730
330615.142962,376354.534806,0,730
330587.182468,376556.469205,0,730
330586.92604,376562.198892,0,730
330447.4981,376543.729668,0,730
330582.171438,376403.527051,0,730
330612.450276,376427.640903,0,730
330642.334298,376333.539489,0,730
330555.32568,376446.941435,0,730
330643.270099,376324.190815,0,730
330559.852999,376318.296636,0,730
330617.488371,376464.509476,0,730
330443.979318,376487.734544,0,730
330581.439308,376556.85282,0,730
330502.092227,376553.327924,0,730
330572.756075,376453.730177,0,730
330615.838142,376431.6793,0,730
330540.076225,376315.919932,0,730
330605.337565,376494.939772,0,730
330662.139655,376442.011585,0,730
330603.452802,376503.352326,0,730
330450.386206,376465.355002,0,730
330426.906084,376372.972289,0,730
330503.791684,376646.977477,0,730
330416.256206,376270.664905,0,730
330528.711386,376582.265224,0,730
330624.575281,376373.610698,0,730
330529.70176,376371.523999,0,730
330606.702769,376469.949535,0,730
330502.376557,376662.34164,0,730
330543.070576,376331.499967,0,730
330706.03526,376412.223926,0,730
330550.523493,376370.4638,0,730
330509.138731,376436.341922,0,730
330535.882926,376510.338517,0,730
330507.710511,376596.981331,0,730
330513.696684,376545.50744,0,730
330531.548145,376563.651208,0,730
330642.972814,376355.963316,0,730
330462.564117,376495.526882,0,730
330500.726599,376584.870429,0,730
330447.936513,376543.908949,0,730
330587.659288,376330.45648,0,730
330567.217981,376451.430659,0,730
330604.795714,376416.285513,0,730
330489.625005,376279.091175,0,730
330613.409892,376493.05144,0,730
330498.066948,376370.019246,0,730
330754.756267,376346.29221,0,730
330588.551874,376466.19794,0,730
330472.6213,376457.115797,0,730
330435.872119,376390.78852,0,730
330440.563285,376415.1685,0,730
330567.258831,376549.500999,0,730
330609.730555,376330.924237,0,730
330609.438201,376479.839313,0,730
330508.711128,376630.796452,0,730
330509.847349,376610.136424,0,730
330585.911341,376418.782971,0,730
330709.236502,376331.893789,0,730
330440.320188,376330.541905,0,730
330449.429134,376549.284479,0,730
330493.722683,376469.3864,0,730
330579.53387,376365.229015,0,730
330629.939369,376474.072589,0,730
330420.715154,376263.383945,0,730
330457.025251,376321.913227,0,730
330707.396532,376323.398763,0,730
330538.914254,376489.153332,0,730
330597.693937,376329.225855,0,730
330599.235033,376496.612283,0,730
330478.313914,376663.134708,0,730
330647.643888,376460.085146,0,730
330573.420268,376524.473007,0,730
330525.716637,376440.112328,0,730
330531.50541,376625.634964,0,730
330599.085027,376346.625193,0,730
330550.732994,376290.108999,0,730
330463.105079,376402.344126,0,730
330625.068895,376399.838033,0,730
330488.706252,376696.856185,0,730
330476.811565,376331.43916,0,730
330669.443681,376402.016995,0,730
330679.322345,376322.59336,0,730
330570.016532,376345.397166,0,730
330576.899007,376459.543566,0,730
330431.680046,376347.991673,0,730
330545.556761,376562.570172,0,730
330619.623246,376303.747893,0,730
330548.811715,376362.855624,0,730
330603.347826,376315.139882,0,730
330475.991893,376328.340226,0,730
330499.038672,376443.743176,0,730
330546.048008,376286.881158,0,730
330699.57668,376362.837255,0,730
330648.406954,376410.549185,0,730
330706.983688,376340.499814,0,730
330523.246203,376528.419079,0,730
330518.619173,376526.530261,0,730
330454.147054,376552.320467,0,730
330595.06573,376421.143757,0,730
330499.568145,376570.595495,0,730
330580.316313,376577.453187,0,730
330594.940448,376445.10235,0,730
330579.942459,376561.365577,0,730
330587.469149,376394.839184,0,730
330569.055265,376327.159716,0,730
330602.511196,376476.487106,0,730
330433.065475,376331.039178,0,730
330441.181713,376281.370389,0,730
330546.000471,376385.209319,0,730
330538.486179,376458.381331,0,730
330591.826119,376391.867085,0,730
330456.599843,376314.809846,0,730
330505.63965,376329.40944,0,730
330460.741634,376312.243159,0,730
330555.609881,376556.813581,0,730
330501.983884,376572.002989,0,730
330497.44974,376679.814008,0,730
330521.057307,376470.945186,0,730
330625.021755,376412.869239,0,730
330603.615919,376473.401813,0,730
330518.761045,376389.270276,0,730
330597.103292,376532.640825,0,730
330680.217752,376416.593078,0,730
330599.860224,376341.443555,0,730
330602.526824,376345.529019,0,730
330499.414158,376657.2181,0,730
330624.81986,376427.583171,0,730
330680.454434,376402.989634,0,730
330593.697234,376544.24913,0,730
330590.937604,376535.573396,0,730
330508.100892,376298.209043,0,730
330525.121574,376553.564165,0,730
330653.974783,376355.478238,0,730
330522.868297,376589.77081,0,730
330515.415748,376290.567169,0,730
330711.621264,376352.054587,0,730
330571.957653,376445.697466,0,730
330509.16873,376414.759488,0,730
330569.039175,376328.404847,0,730
330690.234935,376327.939466,0,730
330454.398142,376583.979265,0,730
330511.209424,376401.694334,0,730
330618.965499,376456.651932,0,730
330717.081286,376334.357198,0,730
330505.052889,376640.605829,0,730
330712.086495,376365.90382,0,730
330678.163511,376434.22336,0,730
330589.938603,376514.754339,0,730
330539.711347,376546.904609,0,730
330619.357707,376364.696422,0,730
330599.510091,376365.169092,0,730
330482.951421,376394.485516,0,730
330497.311076,376386.940909,0,730
330454.458488,376334.893476,0,730
330491.773434,376452.289957,0,730
330589.48263,376429.211826,0,730
330457.912614,376545.70963,0,730
330615.061615,376484.459774,0,730
330523.384692,376551.456598,0,730
330515.214485,376364.698791,0,730
330449.236089,376523.371846,0,730
330741.177033,376347.974707,0,730
330503.865592,376667.793314,0,730
330470.020994,376278.901695,0,730
330418.438334,376303.567765,0,730
330617.506153,376375.658797,0,730
330607.967787,376408.208132,0,730
330475.610203,376290.462529,0,730
330476.142946,376705.403409,0,730
330521.660378,376295.978143,0,730
330539.159326,376397.093813,0,730
330541.151642,376475.332281,0,730
330535.551474,376473.904285,0,730
330479.531408,376675.511845,0,730
330488.289942,376532.371833,0,730
330616.15676,376310.938396,0,730
330464.008,376315.104516,0,730
330703.910145,376344.564486,0,730
330518.591672,376534.587669,0,730
330529.158503,376342.850658,0,730
330567.734251,376300.516243,0,730
330514.811911,376506.972416,0,730
330539.360973,376504.277251,0,730
330607.111853,376469.52746,0,730
330718.433881,376329.78326,0,730
330459.437204,376398.71863,0,730
330463.589614,376437.985645,0,730
330511.661408,376418.310784,0,730
330493.483836,376561.859404,0,730
330511.253418,376646.835375,0,730
330667.895034,376425.36162,0,730
330459.914213,376454.27232,0,730
330490.889622,376669.955064,0,730
330506.18187,376582.727787,0,730
330536.651448,376292.731939,0,730
330618.372396,376390.736744,0,730
330492.960531,376314.493143,0,730
330597.821074,376446.785233,0,730
330506.55217,376296.744314,0,730
330463.456261,376437.485156,0,730
330466.686779,376375.933807,0,730
330499.3837,376345.657819,0,730
330529.389134,376297.357253,0,730
330439.309653,376447.825028,9,730
330516.753254,376440.198532,41,730
330642.596331,376491.252572,66,730
330436.267682,376394.263782,75,730
330542.399289,376573.513839,76,730
330489.474454,376275.910235,100,730
330642.596331,376491.252572,101,730
330491.609122,376500.813974,124,730
330596.873972,376344.868353,129,730
330562.143005,376525.984401,159,730
330651.933789,376406.900498,166,730
330441.222942,376334.479592,194,730
330489.474454,376275.910235,215,730
330574.512685,376502.741751,237,730
330541.622376,376286.991677,322,730
330542.399032,376595.165004,332,730
330630.111339,376503.674866,352,730
330441.222942,376334.479592,428,730
330450.592391,376557.120608,492,730
330545.304115,376618.327002,501,730
330470.603032,376336.375065,552,730
330721.223962,376331.579903,574,730
330558.087643,376604.297186,578,730
330468.427038,376369.772475,579,730
330478.690998,376443.012516,581,730
330588.081014,376524.302037,606,730
330495.910938,376542.296806,650,730
330599.801006,376457.1249,681,730
330697.22743,376365.59551,684,730
330469.202881,376490.216244,686,730
330601.873921,376409.111819,690,730
330545.304115,376618.327002,691,730
330677.990609,376321.245749,719,730
