330718.836864,379960.419616,0,289
330754.718446,380048.236965,0,297
330744.479413,379928.526404,0,730
330785.36897,380009.321842,0,730
330553.363528,380065.805134,0,214
330529.410268,379914.551881,0,730
330695.984444,380092.215734,0,673
330797.462394,380028.281629,0,488
330638.18684,380014.476775,0,730
330687.084804,379943.108863,0,234
330594.962838,379980.517987,0,103
330806.805295,380037.050256,0,730
330603.642198,380107.856298,0,474
330668.647,380064.857038,0,730
330770.139361,379904.188738,0,730
330732.58599,379982.896507,0,730
330564.762247,379959.373355,0,730
330815.965698,380085.840714,0,730
330557.674487,379890.45078,0,564
330785.082752,380107.993484,0,730
330553.015152,380042.778172,0,730
330671.419631,380039.027945,0,307
330705.789864,379829.886849,0,340
330684.51324,379845.72997,0,367
330741.337818,379875.84714,0,730
330629.856367,380097.446517,0,730
330680.570233,379998.868079,0,435
330778.100033,379901.264516,0,194
330527.458892,380105.43158,0,571
330614.011599,379906.322311,0,727
330737.968761,380019.71635,0,730
330614.611932,379916.575442,0,304
330749.680793,380164.215776,0,730
330527.129975,379999.819397,0,730
330616.181019,379948.88587,0,414
330613.736725,380143.254398,0,730
330672.569854,380091.224076,0,730
330694.727091,380080.173341,0,705
330535.134748,379982.232276,0,14
330713.671602,379888.448143,0,270
330586.096513,379904.073624,0,657
330620.244288,380020.993675,0,632
330591.975668,379859.451372,0,730
330747.762063,379995.582394,0,429
330628.196568,379869.411069,0,730
330690.268733,380008.239506,0,730
330744.002447,379835.747228,0,730
330746.035075,380140.454775,0,730
330782.328636,380122.784428,0,730
330706.35074,380112.912811,0,605
330762.104139,379874.148945,0,730
330529.041191,380010.081491,0,556
330623.648348,380137.28178,0,616
330624.858419,379830.861329,0,624
330535.340963,379880.497837,0,656
330730.400306,380140.906252,0,730
330747.850275,379923.135756,0,250
330742.800242,379930.225027,0,730
330701.023782,379932.18568,0,730
330677.751401,379827.030781,0,730
330814.915289,380182.643995,0,156
330789.843624,379975.05871,0,730
330533.586049,380079.977849,0,617
330590.534411,379956.070359,0,730
330698.553969,380113.768062,0,179
330652.774522,379888.662687,0,730
330641.78812,379896.135755,0,679
330657.013484,379838.39788,0,730
330566.50303,379825.229163,0,301
330716.532251,380032.552886,0,730
330633.923735,380059.675269,0,730
330576.726374,380087.042605,0,730
330683.493282,379908.787749,0,586
330803.934402,379972.851655,0,155
330730.363082,379900.175285,0,730
330797.495543,380132.525035,0,483
330529.832045,379943.650416,0,730
330630.299543,379869.561502,0,566
330758.13496,380045.192427,0,696
330670.860241,379889.924995,0,196
330751.848022,380047.747275,0,639
330712.978182,379962.512108,0,730
330741.797029,380069.681333,0,720
330674.833841,379956.265012,0,11
330730.455422,379994.142102,0,730
330629.667989,379873.741499,0,423
330579.934643,379878.538235,0,730
330829.400119,380182.825697,0,684
330712.689772,379842.579255,0,610
330743.569479,380005.176461,0,730
330670.653569,380060.069829,0,612
330730.232772,379943.581574,0,177
330797.510817,379937.205072,0,105
330686.427089,379927.147611,0,96
330781.34131,379960.928857,0,264
330584.245889,379888.54147,0,730
330730.275127,379977.33825,0,582
330583.575971,379856.385733,0,730
330716.581358,380048.748618,0,730
330583.901503,379939.296266,0,730
330630.057455,379976.663135,0,730
330637.171993,380100.563473,0,291
330656.0672,380062.347606,0,546
330806.787327,380091.239556,0,730
330590.081276,380100.919586,0,316
330648.29171,380146.742819,0,730
330564.731207,380012.814338,0,730
330666.981098,379877.128316,0,730
330647.802595,379918.673914,0,730
330630.813701,379848.506236,0,667
330532.498842,380028.890026,0,730
330696.732368,379898.995162,0,376
330573.565597,379901.172434,0,638
330721.056455,380149.623207,0,352
330553.82843,380137.422631,0,257
330577.297484,379975.774755,0,579
330748.045155,379978.910427,0,730
330748.021889,380089.09666,0,730
330522.46569,380092.399716,0,521
330641.196478,379912.715457,0,730
330747.196759,380021.46231,0,730
330743.005526,379841.872557,0,526
330711.464361,379828.568019,0,730
330572.720188,380048.041748,0,95
330769.339707,380027.583878,0,730
330726.599314,380059.503152,0,263
330781.439959,379979.386159,0,730
330754.129941,379848.585874,0,730
330812.284422,380040.1255,0,730
330708.706283,380039.377464,0,730
330798.10844,379999.785408,0,674
330656.487846,380074.919847,0,730
330744.048234,379899.782617,0,349
330541.077004,379992.482307,0,730
330531.273067,379873.644013,0,299
330738.875274,380118.45623,0,634
330599.947465,379989.030952,0,559
330660.645465,379893.077148,0,468
330596.339873,380035.786596,0,730
330743.037181,379901.05143,0,730
330768.503227,380175.484068,0,72
330571.326907,379949.866938,0,658
330546.472407,379871.695226,0,567
330681.380736,379905.069664,0,470
330671.621437,379982.649028,0,332
330542.048162,379968.853132,0,730
330652.130437,379948.141115,0,730
330718.062774,379940.498234,0,210
330529.463138,379834.742285,0,730
330556.396929,379830.753146,0,386
330743.059769,379911.67033,0,730
330744.515923,379936.299233,0,730
330639.928132,380083.812281,0,150
330574.558219,380057.594476,0,730
330792.684845,380096.062046,0,730
330573.832725,379938.378532,0,730
330713.525947,379913.880801,0,604
330803.859333,379985.539204,0,553
330741.054799,379979.161383,0,269
330752.909181,380150.229914,0,730
330657.845842,379947.504345,0,417
330717.545943,380042.73367,0,730
330621.656904,380073.765031,0,699
330556.529816,380057.085234,0,192
330687.517577,380042.752119,0,730
330751.472221,379916.159562,0,157
330583.874634,380013.120196,0,125
330568.581231,380010.821609,0,730
330701.550886,379979.512534,0,345
330627.037413,380149.575614,0,730
330579.940851,379957.980486,0,102
330734.1988,379934.742775,0,730
330534.149576,379926.046061,0,730
330616.722533,380134.081337,0,435
330762.533966,379889.851163,0,730
330715.607798,379981.293256,0,438
330818.671063,380039.103996,0,730
330541.907646,379904.499551,0,187
330556.83296,380019.840116,0,335
330796.045293,380119.882586,0,589
330584.964674,380039.240383,0,142
330813.574208,380044.44881,0,730
330575.024223,380105.065319,0,730
330674.076927,379840.340212,0,229
330721.758453,380001.361653,0,665
330769.434174,379971.191725,0,458
330691.70649,380057.646947,0,491
330611.882416,379875.860319,0,339
330697.978211,380040.073147,0,730
330824.20632,380078.063753,0,391
330749.378521,379970.781891,0,730
330706.6875,380097.259402,0,730
330626.613244,380010.950026,0,487
330719.781587,380126.595726,0,192
330627.143126,379864.425227,0,730
330629.096827,379885.067163,0,727
330560.964131,380130.941114,0,390
330714.22018,380134.677706,0,730
330808.035327,380101.22701,0,730
330630.244686,379956.860546,0,29
330783.313175,379955.178079,0,63
330707.34021,380110.803347,0,730
330765.664247,380011.348563,0,613
330634.158709,380098.964157,0,621
330830.693769,380131.670089,0,730
330809.079417,379952.640246,0,146
330787.40815,380085.874768,0,211
330731.66258,379950.136081,0,728
330778.875525,379926.558889,0,691
330810.204352,380081.579295,0,592
330573.651898,380043.504006,0,730
330547.860117,380078.17886,0,730
330570.481578,380108.342956,0,567
330661.057969,380031.164783,0,730
330628.434356,379877.476063,0,730
330736.543443,379899.836533,0,536
330735.506157,379963.234503,0,189
330828.548502,380111.730747,0,249
330711.179362,379948.941067,0,659
330717.219828,380092.006676,0,730
330753.107542,380070.429478,0,730
330561.604667,380079.8539,0,662
330788.183928,380133.490417,0,692
330602.530069,379895.750565,0,275
330696.110862,380134.207395,0,57
330722.343315,380066.067599,0,723
330732.3117,379851.81999,0,730
330545.842539,380122.975457,0,730
330683.810802,379977.608219,0,730
330827.574105,380143.646962,0,669
330557.750595,380026.52351,0,124
330712.35589,380136.7812,0,730
330791.589134,379832.789003,0,187
330782.55214,379886.363286,0,218
330578.363591,380130.963519,0,547
330687.095723,380057.182817,0,131
330578.268651,380130.249419,0,730
330653.898407,380053.873069,0,730
330746.129132,380049.366011,0,730
330647.905899,379950.670925,0,266
330539.232592,379961.179626,0,730
330667.550024,379931.95625,0,86
330616.995732,379866.794679,0,507
330797.580229,380131.665833,0,730
330708.382156,380142.066856,0,730
330694.73254,380123.325375,0,549
330588.640749,380080.515512,0,345
330561.944468,379853.812175,0,730
330729.236085,380046.602606,0,156
330781.786586,379895.678292,0,353
330786.802018,380176.779537,0,154
330566.109283,379899.114717,0,730
330669.827989,379946.98719,0,526
330712.111226,379903.120024,0,166
330770.633841,379960.975991,0,730
330623.440913,380045.863375,0,597
330689.369612,379970.082926,0,557
330785.866448,379906.487918,0,730
330675.853489,379889.805532,0,499
330649.883303,379966.012812,0,560
330768.982798,380033.094047,0,351
330631.438891,379965.083256,0,730
330717.44507,380061.358095,0,18
330727.861575,379889.17436,0,710
330635.288602,380062.139218,0,486
330581.614581,380005.233305,0,730
330716.321643,380055.23688,0,730
330691.795688,380035.611778,0,730
330809.223416,379954.252901,0,36
330558.492995,380109.091164,0,373
330538.575414,379992.950537,0,182
330661.088164,380038.22957,0,730
330614.263941,379877.438218,0,226
330810.196963,379966.445729,0,254
330736.913249,379916.559461,0,709
330563.571932,380104.92402,0,730
330554.809718,380056.256235,0,233
330591.043094,379841.919754,0,310
330814.836364,380063.217983,0,730
330826.500203,380153.946733,0,730
330566.486173,379984.412525,0,500
330644.080214,379965.108504,0,730
330791.244524,379847.989273,0,730
330781.641802,379978.461403,0,730
330630.545085,380155.420747,0,528
330748.605919,379948.615743,0,730
330620.207339,379984.822174,0,119
330648.636956,379904.582002,0,730
330599.310136,380115.613901,0,672
330773.507069,379882.29396,0,730
330526.159299,379913.257728,0,730
330631.481695,379878.238021,0,509
330546.788121,380020.868496,0,730
330597.740891,379967.983107,0,644
330674.965625,380074.239494,0,51
330802.647557,380030.768531,0,539
330524.989714,380070.233053,0,730
330541.10082,379940.253576,0,688
330736.868261,379868.549547,0,730
330545.110721,379919.313906,0,705
330745.014482,379974.42706,0,268
330669.460398,379963.199319,0,730
330597.279782,380094.791671,0,536
330615.416862,379925.925728,0,730
330547.801415,379929.095419,0,376
330573.182201,379903.603243,0,492
330670.124343,379850.199612,0,730
330728.033736,379855.471673,0,649
330653.36733,380101.950692,0,235
330740.2383,380000.383126,0,5
330730.151111,379911.650039,0,730
330815.694895,380084.219862,0,730
330655.821921,380056.873867,0,730
330567.377334,379833.717899,0,730
330759.41673,380170.756652,0,654
330674.843129,379909.100239,0,163
330694.14057,379832.114148,0,730
330634.289099,380067.429154,0,730
330529.365941,380101.32966,0,730
330723.307936,379931.683252,0,50
330601.587476,379822.56362,0,730
330797.715662,379928.051782,0,690
330550.050776,380140.67814,0,730
330748.156563,380160.873855,0,673
330651.08722,379862.741971,0,284
330538.361843,379865.623029,0,449
330746.341142,380094.520106,0,173
330643.110376,380019.508596,0,400
330804.001642,380037.115262,0,730
330532.427785,379846.72502,0,724
330688.864465,379824.148753,0,359
330763.31477,380131.483737,0,334
330786.620787,379951.466004,0,658
330617.103747,379952.150976,0,103
330726.99145,379899.229433,0,521
330610.978599,380107.651282,0,335
330545.053358,379963.415382,0,674
330735.544697,379987.056034,0,122
330550.254485,380059.105797,0,252
330600.759234,379977.864212,0,362
330548.247761,380129.897271,0,400
330675.272853,379951.076,0,582
330659.939597,380068.627745,0,730
330798.616544,379980.44052,0,614
330783.793023,380042.698681,0,730
330730.471695,380094.288914,0,730
330666.017139,380156.515545,0,730
330797.978413,379894.195682,0,730
330565.50792,380083.131758,0,730
330788.455308,379954.966715,0,730
330809.493403,380053.435114,0,730
330551.143888,379824.332087,0,730
330787.887402,379940.472622,0,669
330641.620403,379983.26135,0,657
330716.460517,380008.951636,0,730
330810.722138,380131.279416,0,354
330678.697378,379867.027329,0,730
330702.085171,380039.17985,0,184
330691.250931,380028.255961,0,730
330694.642348,379929.684259,0,730
330740.950029,380022.809544,0,730
330576.057134,379992.694579,0,417
330532.627477,379884.260006,0,424
330747.611418,380033.570944,0,440
330752.457442,379907.587461,0,287
330813.151401,379967.002444,0,730
330528.740092,379906.478747,0,730
330730.979556,380053.40504,0,730
330756.191652,379970.865142,0,324
330593.005028,380038.828793,0,730
330718.555038,380040.578831,0,730
330559.091624,379890.844273,0,323
330583.470606,379955.03464,0,730
330801.181011,379969.287692,0,342
330829.317083,380158.170621,0,730
330717.062205,380066.965039,0,238
330613.85927,379834.118897,0,207
330631.112993,380130.380051,0,730
330784.771151,379944.204029,0,563
330786.370756,379840.054432,0,360
330597.081357,379872.450955,0,730
330652.307866,380125.220765,0,660
330578.547194,379960.297507,0,633
330785.200981,379921.701029,0,494
330690.10826,380025.038976,0,730
330721.848896,379894.665849,0,730
330772.696735,379899.705295,0,730
330795.327116,379907.007496,0,94
330642.145131,379900.453542,0,603
330793.350692,380135.323414,0,730
330633.446263,380142.113692,0,353
330579.405416,380108.445746,0,86
330538.450745,380092.130283,0,596
330595.500093,380098.101535,0,201
330729.570599,380106.896888,0,730
330629.725351,380107.53833,0,730
330730.266286,380015.000129,0,10
330698.033894,380096.684249,0,730
330767.14006,379888.281562,0,730
330658.398631,380093.982267,0,246
330785.35518,380075.365012,0,730
330804.971521,379944.703663,0,250
330549.803587,379989.504861,0,303
330607.289978,380094.316518,0,181
330526.892045,379834.856858,0,730
330709.978754,380106.807164,0,730
330637.753837,379841.57523,0,730
330565.863434,380123.521469,0,506
330543.832541,379953.062485,0,591
330792.934574,379856.521758,0,730
330524.830987,380029.103246,0,730
330701.524538,379869.078593,0,730
330582.9778,380134.447329,0,730
330770.486178,380032.287422,0,730
330572.538717,380025.145094,0,384
330716.418992,379989.404821,0,572
330653.727597,379937.942225,0,279
330667.26979,380123.80893,0,177
330522.378298,380049.779294,0,730
330641.422258,379854.542114,0,730
330734.457794,379912.079002,0,358
330634.01976,380060.524077,0,27
330558.185237,379875.235401,0,730
330657.331635,379858.952343,0,730
330764.83591,380005.564329,0,625
330645.568257,379862.553007,0,685
330602.703003,379938.079039,0,730
330527.394069,380017.599094,0,730
330767.69771,379978.457694,0,730
330561.837648,379957.236652,0,730
330648.363065,380057.038557,0,562
330783.599286,380027.740617,0,730
330773.434183,379944.686986,0,678
330577.974132,380098.605142,0,730
330771.429356,379909.509739,0,730
330569.915521,379914.118699,0,730
330648.902807,379852.012598,0,730
330585.129971,380028.236938,0,107
330683.271754,379879.892051,0,631
330709.013133,379974.2456,0,281
330743.099399,379857.196843,0,393
330619.495435,380043.242264,0,730
330740.232797,379851.197169,0,383
330650.679851,379909.996342,0,255
330731.425022,380095.823529,0,730
330800.036434,379927.00846,0,730
330700.624333,379906.727922,0,730
330554.505093,379893.621108,0,71
330711.994715,380076.935894,0,640
330614.196145,379927.69282,0,99
330767.643418,379904.744845,0,730
330529.653026,380081.636883,0,330
330562.276397,379987.43369,0,211
330629.531087,380093.588954,0,730
330534.048288,379827.312557,0,730
330802.285554,380097.186366,0,730
330571.101907,379911.473685,0,730
330786.939423,380100.867296,0,602
330662.17621,379830.714354,0,730
330786.939788,380101.475768,0,730
330763.707567,380076.557309,0,730
330772.835885,380157.116913,0,22
330592.664456,380122.34745,0,730
330645.503753,379897.29008,0,730
330537.423412,379953.598347,0,558
330623.229303,379865.589936,0,293
330679.533852,380094.130523,0,730
330712.927028,379901.868303,0,366
330663.334053,380031.284911,0,384
330722.685474,379953.948522,0,730
330616.058041,379879.139288,0,499
330702.687742,379991.968588,0,653
330760.15727,380121.245171,0,290
330554.476167,380056.568526,0,605
330735.522211,379963.817796,0,726
330603.489453,380099.012768,0,466
330713.426007,380147.844513,0,490
330586.784306,380094.812888,0,568
330697.009288,380099.841126,0,180
330744.820602,380122.660487,0,620
330597.372628,379835.542273,0,730
330530.487902,379985.987522,0,319
330703.163696,380032.525689,0,730
330635.28544,379897.224215,0,689
330784.264535,379934.013481,0,730
330618.064146,379898.09367,0,730
330610.419001,380154.319964,0,730
330806.5174,379969.583206,0,730
330535.277321,379859.060015,0,677
330680.485453,380023.36473,0,368
330582.081242,380078.780195,0,730
330792.590386,380025.650861,0,485
330605.08551,380122.329045,0,531
330773.388402,380027.667815,0,542
330785.879672,380171.458803,0,405
330542.119802,379947.298069,0,730
330532.398528,379853.755703,0,651
330590.455306,379844.404008,0,730
330651.373012,380106.383177,0,730
330597.222957,379832.642363,0,730
330775.666443,380169.359775,0,730
330825.633461,380158.407701,0,439
330792.102253,380122.101943,0,661
330585.400991,379910.113238,0,730
330763.719341,380142.003171,0,730
330568.505589,380071.685349,0,693
330730.372202,379889.853036,0,405
330709.023541,380047.951041,0,730
330729.739583,380049.667921,0,572
330602.737155,380148.267305,0,730
330606.34396,380118.465015,0,730
330692.468162,380096.636585,0,512
330725.105692,379993.086334,0,398
330755.202948,380010.112811,0,432
330789.687528,380053.168838,0,730
330779.807156,379937.697358,0,730
330527.484519,380043.718247,0,612
330652.858308,380080.537028,0,730
330697.192925,379968.158151,0,730
330573.387094,379904.346278,0,264
330789.208568,379941.347739,0,504
330768.187749,380041.830342,0,313
330747.142204,379883.960588,0,306
330580.948614,380095.311545,0,512
330769.046092,380049.709391,0,697
330770.930992,379920.91805,0,333
330594.764156,380064.393169,0,198
330611.165435,379832.090244,0,730
330579.785402,379967.956582,0,357
330799.725079,380045.230569,0,74
330668.928845,379960.915881,0,252
330704.982224,379975.984023,0,544
330711.359325,379972.986356,0,346
330571.137732,379827.437669,0,195
330649.087519,379941.75299,0,707
330684.7025,379912.996675,0,638
330796.307334,379950.681185,0,450
330623.24044,379851.950799,0,614
330782.374714,380011.734475,0,120
330649.404019,379988.26501,0,730
330539.796115,379859.951665,0,573
330631.933722,379843.378943,0,730
330553.406783,379854.526202,0,548
330543.986079,380003.481489,0,730
330810.049671,380080.855739,0,730
330697.651465,379970.102948,0,627
330690.486227,379919.341052,0,730
330701.421442,379892.851226,0,363
330750.88669,379965.635281,0,730
330530.790253,379850.636721,0,560
330547.974057,379960.643927,0,730
330565.333088,379832.208262,0,730
330788.484575,380018.206786,0,730
330572.921513,379842.064345,0,551
330730.382992,379992.7601,0,493
330532.955897,379917.177889,0,393
330601.292902,379868.320773,0,730
330569.441448,379829.456133,0,730
330591.966392,380083.562943,0,387
330669.165657,379857.809742,0,730
330697.939941,379894.335622,0,530
330550.67096,380141.483778,0,683
330588.468259,379896.186058,0,326
330664.959119,380058.370103,0,730
330639.346144,380021.914298,0,430
330800.485376,380052.361927,0,730
330794.451667,380102.221628,0,39
330693.268451,379903.725766,0,331
330607.710083,379982.144642,0,730
330683.610679,379903.698536,0,730
330805.602223,380115.087442,0,730
330594.862622,379923.930944,0,730
330704.367463,379889.022238,0,443
330637.441285,379879.983961,0,176
330594.170403,380022.254327,0,730
330633.826201,379867.672711,0,82
330757.478205,380088.441486,0,730
330732.21899,380031.314919,0,161
330589.051415,380081.910788,0,704
330556.575287,379837.076422,0,730
330768.228212,380082.875614,0,108
330732.331213,380083.153554,0,730
330780.741522,379977.63907,0,578
330537.416225,379980.166285,0,730
330562.836889,380008.913222,0,730
330592.690609,379824.79253,0,730
330641.707468,379877.631795,0,481
330782.306471,380088.138683,0,558
330598.067845,380035.241181,0,730
330694.291066,379888.447738,0,675
330772.065976,380015.986901,0,158
330704.76734,380135.343333,0,473
330543.947004,379970.203832,0,428
330534.481131,380107.871104,0,119
330614.630045,380006.940009,0,730
330616.803914,379991.436378,0,221
330799.037178,380038.979292,0,397
330552.90336,379820.863756,0,460
330686.514492,379913.716239,0,235
330787.653894,379978.283605,0,205
330696.060707,379971.527622,0,721
330560.245188,379931.030293,0,730
330723.38692,379964.675539,0,475
330705.430962,380098.329105,0,575
330662.88028,380073.417627,0,73
330673.196453,379887.221293,0,559
330606.54547,379960.111694,0,730
330644.980253,379854.065758,0,445
330720.04032,379825.599271,0,730
330651.178405,379940.958133,0,730
330653.691285,379898.94139,0,730
330809.807897,380097.438418,0,552
330689.962383,380032.559604,0,140
330693.208176,379898.416795,0,537
330784.350939,379895.986975,0,730
330657.344113,380156.675362,0,730
330702.810565,379981.60949,0,730
330619.19121,380098.877325,0,730
330661.489203,380095.949368,0,730
330717.775688,380076.544085,0,302
330784.142407,379853.377847,0,730
330543.70707,379954.146392,0,148
330746.560462,379945.200964,0,98
330721.313268,380124.87925,0,284
330733.285593,379915.318613,0,730
330814.131984,380072.283477,0,730
330748.630298,379876.822163,0,730
330784.551424,380131.305228,0,541
330682.116994,380017.350294,0,730
330672.078483,379944.641109,0,730
330557.928666,379893.878661,0,16
330817.118139,380137.234575,0,730
330564.909348,379873.118141,0,730
330637.331036,379938.571409,0,138
330604.518079,380014.521069,0,420
330560.871435,379980.647772,0,730
330661.409037,379942.773165,0,633
330612.259776,379941.482007,0,730
330674.776783,379918.219998,0,730
330561.201777,380083.392812,0,433
330642.577034,380060.142882,0,730
330689.659401,379976.313619,0,730
330666.07771,379906.52569,0,730
330569.554827,379829.348674,0,730
330787.743446,380089.838306,0,37
330680.370897,379975.416053,0,730
330649.137435,380141.609611,0,597
330573.660547,379847.587397,0,132
330678.906131,379831.204016,0,730
330769.940141,379876.422582,0,245
330678.312549,379873.466569,0,396
330655.891958,379885.559242,0,134
330797.284356,379992.941594,0,730
330634.419046,379831.128911,0,730
330579.231535,380022.800577,0,643
330539.285797,380074.147038,0,730
330785.839856,380170.144776,0,730
330663.032309,379950.917806,0,730
330692.045283,380021.79561,0,388
330738.248802,380112.720324,0,369
330779.094574,380001.768661,0,649
330834.119737,380184.455498,0,730
330559.869273,379842.222052,0,730
330727.043098,379984.14086,0,283
330625.039256,380092.894945,0,599
330660.300523,380020.909373,0,730
330621.500717,380106.840506,0,601
330658.940171,380073.41406,0,730
330730.115723,379867.335216,0,730
330605.910504,380112.422765,0,183
330717.427552,380124.098978,0,730
330593.906116,380099.216197,0,730
330589.827351,379873.102449,0,648
330826.840819,380092.31602,0,730
330658.95915,379911.853128,0,650
330736.746284,380029.960499,0,730
330574.653603,380072.576053,0,730
330558.029161,379982.179235,0,730
330714.742305,380157.890443,0,595
330526.351608,380128.639053,0,730
330673.686948,379839.993474,0,442
330570.204616,379927.022124,0,730
330716.685203,379840.510829,0,730
330743.45936,380072.15702,0,525
330559.777823,379935.54964,0,123
330577.267259,379856.617333,0,730
330622.921477,379920.762604,0,720
330574.002367,379891.709532,0,618
330601.136953,380042.691085,0,730
330567.928533,380146.808465,0,280
330706.00856,380011.85759,0,730
330582.052594,380101.572321,0,730
330679.771164,380093.035628,0,356
330720.006589,379962.469269,0,730
330546.664675,379963.756928,0,683
330627.375067,379996.351284,0,458
330798.681651,379993.944789,0,730
330603.904422,379986.543989,0,568
330664.263764,379891.771465,0,19
330565.323389,380063.59335,0,730
330533.449307,379948.513656,0,730
330796.534187,380108.360976,0,730
330775.48068,380143.726,0,623
330614.769692,379880.438147,0,730
330751.233001,380148.277297,0,730
330619.587708,380032.184491,0,524
330663.152695,379943.302345,0,730
330590.220286,380050.196274,0,511
330630.49208,379998.271303,0,730
330606.549316,380040.864676,0,497
330763.600222,380150.917565,0,730
330715.586749,379857.191719,0,133
330707.614867,379916.040263,0,247
330727.032407,379945.239724,0,360
330542.114928,380092.882927,0,258
330752.806846,379918.115141,0,730
330619.644556,380037.007573,0,730
330714.443409,379873.048374,0,730
330550.517276,379910.036021,0,578
330526.214297,379930.614696,0,730
330551.591646,379831.923362,0,730
330625.492209,380028.609504,0,730
330627.370075,379980.331959,0,117
330717.611479,380154.498557,0,730
330550.45947,380038.104922,0,730
330821.058406,380164.197979,0,679
330624.236322,379826.205984,0,642
330722.040359,380060.278613,0,402
330809.625835,379960.949238,0,730
330689.542356,380045.185243,0,39
330542.062568,379919.899301,0,729
330614.612477,379891.819842,0,282
330674.879549,380103.388862,0,607
330718.372458,380035.337277,0,730
330785.754832,379928.701705,0,716
330566.382725,379860.884217,0,129
330678.003972,380108.899123,0,77
330558.529693,379917.062895,0,730
330755.813971,379949.076454,0,295
330598.777641,379975.412293,0,730
330546.18606,379994.739209,0,636
330531.560657,379967.112312,0,730
330721.474444,379938.775278,0,730
330577.542068,379843.960839,0,730
330639.613831,379832.127648,0,538
330684.39659,380002.414202,0,135
330555.967732,379977.542616,0,349
330721.815602,379871.711914,0,708
330625.644739,379867.30991,0,601
330735.912972,379884.28111,0,730
330750.216959,379931.871021,0,299
330667.184432,380153.547964,0,730
330747.108391,379860.955237,0,730
330795.503618,380055.616505,0,490
330800.888298,379904.835931,0,730
330771.9116,379857.32732,0,454
330819.996754,380171.077804,0,81
330646.801003,379844.04162,0,730
330554.595664,379868.897814,0,630
330733.86675,379953.255194,0,730
330585.464806,380023.722517,0,730
330689.646776,380060.471868,0,161
330664.518301,379844.836995,0,730
330712.168824,380092.985918,0,476
330639.710742,380030.935403,0,274
330599.42854,379983.410627,0,306
330550.205225,379872.929898,0,25
330732.915442,380126.224974,0,447
330618.885595,380007.144722,0,730
330685.971599,380156.382387,0,623
330674.240187,379920.450483,0,698
330623.160949,380019.576613,0,730
330663.743714,379924.85767,0,321
330531.422488,379864.891107,0,204
330552.636643,380119.972369,0,730
330622.586022,380077.688855,0,706
330816.755554,380021.22581,0,533
330742.893284,379931.559037,0,223
330636.718495,379846.020626,0,730
330801.510218,380119.30625,0,573
330702.12519,379911.90602,0,730
330751.887556,380100.774231,0,8
330553.551105,379821.129717,0,180
330669.301676,379836.374815,0,609
330775.352295,379843.997513,0,730
330699.137267,380129.969278,0,730
330754.684403,379961.311702,0,294
330654.710055,379915.98898,0,721
330699.410418,380120.100307,0,496
330725.948988,380018.184932,0,730
330543.750385,380034.057611,0,730
330740.840725,379885.864887,0,730
330723.683687,379908.138446,0,580
330773.380818,380017.855623,0,730
330716.153428,379971.386829,0,565
330634.676491,379859.788318,0,655
330655.380743,379845.467501,0,251
330564.803249,379932.253862,0,470
330814.256723,380068.226819,0,407
330638.340216,379845.157719,0,730
330714.142245,379967.732274,0,730
330759.901995,380129.933616,0,730
330793.465003,379953.148335,0,730
330804.06767,380051.74931,0,730
330533.096516,380029.333696,0,520
330753.299539,380002.377493,0,79
330668.859757,379892.779508,0,194
330549.160995,380042.111441,0,730
330672.081965,379990.53539,0,730
330535.866503,380065.55082,0,730
330591.402506,380055.744547,0,498
330533.98533,379884.768776,0,38
330760.165975,379929.163816,0,718
330735.038531,379914.383706,0,65
330666.340671,380068.742219,0,545
330775.247562,379857.164708,0,175
330654.39543,379831.358577,0,730
330681.879828,380082.738116,0,730
330683.187644,380159.761146,0,513
330796.550342,380037.66733,0,587
330585.138618,379957.083614,0,730
330672.840176,379838.93609,0,310
330737.242203,380002.051107,0,30
330606.832023,380117.854756,0,730
330673.644174,379891.544886,0,150
330730.791886,380088.10092,0,340
330653.793902,380101.444475,0,441
330718.807784,379860.580259,0,453
330828.916674,380100.584123,0,730
330643.041031,379933.630923,0,305
330779.901969,379951.875505,0,730
330581.684613,380025.09538,0,584
330577.78888,380128.07009,0,730
330632.736321,379944.084025,0,730
330683.787086,379937.366425,0,730
330652.913978,380154.59207,0,395
330688.930611,380058.017188,0,730
330562.606796,380099.72339,0,730
330735.09506,380128.337204,0,401
330741.948357,380147.090281,0,446
330765.627315,379988.015609,0,110
330714.173467,380152.960813,0,730
330790.98155,380082.321458,0,646
330555.78714,379972.925109,0,51
330769.00052,379979.183914,0,730
330744.329138,379917.695057,0,593
330811.665925,380113.400109,0,367
330672.461862,380039.675395,0,730
330541.718692,380054.44866,0,660
330559.439424,379892.015634,0,637
330620.376264,380093.773292,0,684
330617.666127,379947.991665,0,514
330654.545521,379969.300324,0,730
330548.078065,379949.529407,0,730
330588.365283,379915.472766,0,9
330740.397382,380112.302348,0,730
330526.761245,379954.979631,0,517
330611.229973,379911.992715,0,282
330742.900051,379878.560058,0,730
330650.266529,379988.792507,0,730
330679.282525,379833.310151,0,730
330549.348327,380035.44435,0,167
330552.083961,379900.074015,0,655
330645.883071,379853.912267,0,262
330663.23295,380159.750608,0,730
330613.950752,379971.267421,0,730
330585.314595,380148.976945,0,298
330757.5412,380129.622714,0,730
330606.972735,379838.021704,0,570
330794.91768,379872.772404,0,730
330583.628943,380002.76776,0,409
330574.958602,380085.572416,0,403
330752.556585,380138.003941,0,730
330673.240598,380107.734888,0,224
330706.533448,379932.116094,0,730
330791.229353,380034.623307,0,730
330805.864304,380002.222806,0,675
330600.977766,379864.582094,0,730
330696.998375,380048.773626,0,647
330717.233128,379828.709713,0,492
330629.765375,380029.219345,0,629
330565.001602,380081.879162,0,730
330587.764829,379914.394388,0,314
330800.736511,379998.716256,0,491
330820.944872,380100.191975,0,527
330534.046029,379899.960894,0,730
330824.967184,380098.564257,0,730
330674.703681,380005.020366,0,730
330566.55214,380002.10176,0,441
330678.637959,380070.03028,0,730
330675.865674,379869.408402,0,61
330804.326072,380004.758897,0,706
330723.268988,380025.399856,0,730
330561.138554,380026.51931,0,730
330809.08273,380041.859437,0,730
330762.688909,379963.687439,0,730
330637.183039,380095.177121,0,260
330553.301296,380058.15918,0,730
330543.112452,379917.838788,0,730
330674.345079,380160.260569,0,730
330544.743059,380140.012165,0,117
330813.739481,380093.841249,0,626
330550.932884,380119.24247,0,730
330817.768891,380064.453014,0,730
330534.745313,380063.084315,0,171
330618.256699,379918.667732,0,489
330679.770724,379972.740154,0,730
330760.01607,380068.094024,0,730
330732.339567,379976.48384,0,195
330587.075221,380037.031442,0,545
330783.109343,380032.03347,0,644
330685.715495,380018.768727,0,348
330822.134875,380106.635634,0,671
330523.880804,380059.902427,0,730
330729.108921,379958.994393,0,461
330691.101725,380025.605354,0,730
330769.873398,379920.217661,0,728
330699.548757,379864.386703,0,717
330662.920576,379937.92816,0,659
330683.013366,379986.773346,0,730
330643.643036,379836.71866,0,581
330753.254961,379829.623309,0,730
330782.513608,379840.745275,0,693
330799.619855,380171.206245,0,351
330574.034955,380121.274933,0,730
330777.578288,380143.501213,0,106
330533.861204,379944.882455,0,730
330826.749568,380108.964731,0,730
330642.666464,379869.884346,0,305
330713.212287,380137.494881,0,730
330577.049774,379987.140839,0,501
330594.341429,379857.750057,0,697
330803.033779,380071.833747,0,126
330592.743467,380025.896978,0,125
330766.517814,379927.809618,0,730
330760.683418,380158.626,0,631
330796.787114,379957.097098,0,238
330731.577015,379936.236814,0,583
330753.016646,379856.229529,0,691
330558.087735,379882.96612,0,53
330538.8145,380090.989973,0,164
330675.620317,379964.250946,0,730
330619.798127,380082.872935,0,730
330816.884419,380101.111225,0,730
330775.132788,379922.835697,0,730
330566.940322,380001.175875,0,59
330582.605233,380090.395401,0,718
330626.112289,379977.918013,0,615
330536.210345,380139.08208,0,730
330750.969982,380035.539869,0,643
330743.139857,379865.683313,0,730
330689.791703,379998.025169,0,730
330606.338515,380137.270921,0,594
330681.606646,379935.606109,0,681
330548.296162,379973.779037,0,690
330540.612077,379976.550944,0,182
330604.9081,379930.833565,0,511
330687.978202,380030.572467,0,227
330725.61502,379956.250914,0,22
330693.294851,379860.776529,0,202
330635.444613,380047.396943,0,639
330562.07475,379992.75452,0,680
330719.569129,380047.447969,0,730
330641.358986,379953.096434,0,695
330746.129223,379896.871512,0,330
330754.024286,379902.39709,0,137
330612.235029,380128.225477,0,327
330781.904933,379852.179028,0,730
330754.4944,379952.317607,0,730
330594.047633,380064.20313,0,730
330546.82369,380097.860103,0,498
330523.994945,379818.251957,0,544
330630.480596,380130.719557,0,730
330702.786417,379865.975369,0,108
330588.264638,379865.761691,0,176
330731.721262,380162.396453,0,535
330637.991899,379957.73905,0,47
330576.881375,380004.098902,0,712
330529.014802,380003.10678,0,281
330741.037689,379969.422788,0,534
330633.148572,380076.568857,0,730
330621.738065,380106.777555,0,714
330756.494746,379938.700947,0,561
330713.414255,379886.43833,0,730
330737.862842,380172.073327,0,585
330621.598381,380011.007496,0,16
330526.47405,380122.793394,0,139
330633.585635,380133.634373,0,480
330756.971453,379979.332447,0,730
330778.836269,380120.675559,0,530
330600.933851,379908.31561,0,618
330716.909979,380148.690358,0,730
330781.950419,380109.526751,0,326
330530.224203,380102.217227,0,503
330772.997992,380019.654697,0,372
330789.803961,380051.980165,0,730
330655.358674,380069.329049,0,730
330570.568316,380128.067028,0,730
330657.870562,379906.187681,0,730
330526.208998,380059.103682,0,730
330765.068808,380108.546153,0,419
330653.613307,380099.137165,0,730
330522.27005,379836.543734,0,730
330623.192776,380015.410311,0,730
330711.910351,380083.720549,0,598
330599.350874,379958.92253,0,730
330729.199192,380006.73771,0,730
330657.633241,379898.440448,0,301
330677.118211,380142.958691,0,209
330591.70035,379953.081503,0,730
330778.246718,379897.634331,0,432
330570.29045,379914.692781,0,438
330649.722151,379972.645191,0,242
330809.882373,380139.103268,0,730
330629.585919,379965.801276,0,730
330780.03448,379894.104717,0,586
330784.364161,380039.467211,0,730
330783.877108,379865.952987,0,725
330640.21374,380043.065466,0,540
330818.642099,380078.806399,0,319
330730.326579,380121.291712,0,730
330823.310511,380158.436648,0,325
330727.70366,380053.039301,0,359
330528.47321,380128.288874,0,528
330545.949959,380010.180234,0,730
330680.146031,379841.332562,0,687
330632.415932,379893.7547,0,730
330625.605797,380104.497411,0,730
330595.769437,380137.904605,0,668
330781.38294,379936.619407,0,730
330751.735026,380037.927071,0,469
330765.009729,380030.986832,0,730
330620.108693,379977.797933,0,555
330525.100853,380037.431618,0,730
330594.87124,380011.20725,0,730
330732.824882,380082.66371,0,730
330733.515738,379954.457262,0,606
330556.718085,379974.535245,0,730
330712.103531,380163.392672,0,565
330671.957864,380016.287965,0,730
330655.885359,379936.912107,0,664
330779.330251,380013.892273,0,730
330652.002692,379925.751262,0,647
330556.733933,379861.874591,0,663
330569.997698,379937.153159,0,730
330711.556879,380045.541373,0,730
330763.56917,380001.195686,0,328
330581.249884,379952.887144,0,730
330811.43869,379956.549325,0,730
330827.752778,380131.353229,0,730
330594.274666,380078.288831,0,112
330763.763723,379949.362917,0,466
330719.340518,379880.135477,0,316
330607.848352,380091.340362,0,241
330589.694189,380083.035475,0,730
330766.393087,380097.495806,0,461
330659.977247,379858.413029,0,271
330794.029825,379986.048666,0,730
330706.247944,380037.962572,0,272
330764.300207,380141.154402,0,725
330612.68319,379831.363919,0,507
330830.39758,380127.244756,0,730
330546.148968,379860.753518,0,730
330682.511972,379999.406161,0,650
330653.294319,380027.042245,0,730
330736.075105,380095.823324,0,730
330704.095945,379859.24472,0,382
330568.049616,379875.242292,0,462
330541.904837,380087.537593,0,377
330589.384995,379957.974466,0,635
330590.205593,379967.270156,0,730
330562.728,379947.331286,0,730
330745.87131,380160.242953,0,730
330659.120442,380117.343187,0,602
330580.586691,380015.401616,0,730
330744.001359,379842.958363,0,479
330576.045838,379850.304218,0,730
330564.388492,379846.250581,0,730
330638.49556,379874.520237,0,730
330568.74623,380019.59665,0,730
330582.917381,379968.496084,0,576
330566.327304,379842.293136,0,730
330765.28494,379894.961105,0,84
330593.66071,380004.505198,0,730
330790.418598,380034.212426,0,34
330755.674977,380048.743877,0,730
330822.125092,380151.103948,0,730
330649.573286,379936.244429,0,346
330787.761264,379835.120363,0,709
330756.736121,379981.712123,0,279
330597.002693,380083.944912,0,236
330832.92519,380168.639257,0,724
330599.475299,379896.508644,0,606
330621.728892,379969.529135,0,641
330617.253715,379933.245122,0,329
330777.546206,380081.356956,0,577
330692.546678,380136.9555,0,730
330590.690012,379900.741047,0,730
330705.069369,380037.405665,0,730
330605.705582,380070.739834,0,588
330766.946669,380157.772229,0,730
330667.595186,380010.793703,0,452
330635.435053,379999.781132,0,730
330728.398762,380116.119137,0,730
330637.289428,380142.232773,0,699
330745.020922,379847.068978,0,651
330756.705964,380069.478484,0,70
330657.050976,379919.993376,0,730
330768.507744,380173.62898,0,730
330585.677471,380100.431902,0,730
330817.65747,380042.528415,0,493
330629.392874,379839.63254,0,730
330783.576447,379891.236482,0,670
330700.323375,380098.521051,0,574
330782.414827,380159.176605,0,557
330671.188398,379948.39056,0,730
330698.742481,380157.643646,0,726
330668.278264,380132.346645,0,495
330772.319974,380171.43281,0,730
330728.637026,380115.872251,0,304
330560.039067,380074.997403,0,730
330612.876948,379841.809552,0,97
330656.503074,380061.412567,0,696
330708.656899,379896.420092,0,510
330714.803634,379930.82153,0,260
330590.663701,380083.814202,0,409
330734.702075,380049.257348,0,315
330792.292485,379865.762153,0,730
330673.200608,380079.558722,0,730
330638.593525,379879.621477,0,730
330532.691501,380044.259275,0,628
330584.131137,380000.460491,0,730
330773.356556,379862.392496,0,113
330550.028384,380118.732791,0,154
330713.831096,380086.046889,0,700
330581.272894,380064.204588,0,730
330787.750542,380073.640068,0,671
330707.842091,380107.155976,0,730
330791.706936,380139.080917,0,403
330677.516706,379923.929521,0,730
330570.131654,379918.746,0,730
330751.074916,380140.312852,0,364
330662.455194,379940.344904,0,218
330751.551287,379964.623643,0,730
330713.352448,379866.251109,0,730
330770.413327,379988.248831,0,477
330777.887207,379875.512688,0,652
330789.938953,379978.090353,0,730
330656.770356,380100.360235,0,239
330828.408206,380103.030104,0,415
330573.814409,380070.377022,0,556
330801.982712,380107.491895,0,199
330569.097265,379843.056081,0,244
330589.42663,379864.352805,0,539
330759.629756,379862.661322,0,730
330570.375441,379991.41139,0,730
330753.234846,380127.384679,0,730
330595.780233,380091.553854,0,200
330778.002016,379843.20035,0,730
330531.854404,380092.311561,0,179
330552.830541,379922.810467,0,703
330813.170262,380078.14233,0,730
330552.378426,379970.612651,0,730
330716.925602,379850.361489,0,454
330815.518619,380177.768287,0,730
330633.597693,379890.232173,0,561
330704.45633,379991.595584,0,687
330831.753601,380177.542291,0,592
330790.418066,379933.629551,0,338
330811.636264,380088.731749,0,662
330797.698515,379941.350463,0,641
330678.559365,379970.362738,0,730
330718.703147,379859.684007,0,678
330780.390876,379943.057242,0,730
330764.310252,380116.523508,0,265
330800.090874,380065.284561,0,535
330711.953522,379880.586674,0,148
330591.047987,379904.746735,0,730
330622.317638,379875.858979,0,416
330585.994054,379924.455996,0,730
330759.984372,379944.319641,0,425
330834.46742,380172.811066,0,730
330558.132754,379971.315135,0,469
330563.38573,380031.000937,0,730
330794.136896,380080.673095,0,677
330564.238038,379908.391905,0,11
330698.278102,380147.467457,0,730
330803.269196,380156.312602,0,694
330642.356009,380085.763569,0,26
330521.639296,380101.883184,0,320
330530.979032,380051.066651,0,555
330537.896384,380118.182498,0,730
330614.275053,379858.959312,0,707
330566.267138,379842.329795,0,730
330682.108708,380128.815994,0,730
330747.449585,380013.163963,0,730
330654.984835,380109.303557,0,730
330583.808178,380138.019188,0,730
330793.032054,380021.504116,0,422
330571.071956,380133.181619,0,577
330570.963382,380077.205648,0,604
330762.557109,379875.782587,0,730
330782.176845,379832.315269,0,730
330676.28076,380143.207268,0,711
330675.161429,379994.980002,0,730
330667.994342,380000.169408,0,730
330698.305025,380089.162246,0,730
330600.362737,380106.427436,0,483
330729.513531,379864.673529,0,166
330779.222272,380094.490509,0,171
330713.019387,380066.36483,0,730
330741.80439,380124.581089,0,730
330662.103675,379826.910967,0,35
330781.484318,379965.602439,0,365
330720.652853,380139.541033,0,110
330625.15193,379825.910235,0,730
330604.698564,379869.165695,0,730
330700.376929,379992.761975,0,730
330655.234447,379946.452395,0,730
330590.10004,379929.606348,0,500
330725.121815,379973.946021,0,730
330659.748378,379898.944187,0,91
330599.020558,380014.259342,0,380
330580.094831,380008.899125,0,114
330619.772251,379973.575004,0,694
330628.012596,379837.373373,0,730
330545.549026,380130.27615,0,730
330792.732696,379942.570823,0,583
330547.882134,380076.850402,0,730
330676.925314,379845.181179,0,730
330568.990869,380076.212821,0,621
330587.057946,380128.994364,0,253
330645.047797,380158.43802,0,357
330614.639975,379874.534269,0,186
330559.281636,379982.736571,0,407
330625.173413,380080.282592,0,193
330578.197053,379907.070159,0,730
330610.587203,379973.966341,0,730
330798.327243,380076.721913,0,730
330726.194041,380138.475881,0,730
330692.683,379868.975538,0,115
330526.45881,379924.942636,0,730
330590.670972,379927.731189,0,229
330679.396638,379917.543031,0,289
330657.453819,379919.164071,0,730
330719.834675,380104.776366,0,730
330695.420564,379925.026762,0,31
330761.124715,379934.987633,0,730
330604.989999,379880.921119,0,537
330619.626526,379961.529467,0,730
330694.032867,380130.811827,0,730
330764.165927,379938.880056,0,730
330534.391079,379963.609052,0,730
330718.78257,380103.743885,0,141
330769.237366,380041.898333,0,730
330691.751651,380000.156843,0,715
330527.261204,379927.559615,0,632
330705.08045,379988.175408,0,420
330779.662789,379973.459432,0,730
330521.744941,380117.212754,0,451
330727.327878,380048.3274,0,399
330667.965153,380031.06982,0,186
330579.144043,380112.669845,0,730
330741.028051,380007.96023,0,222
330667.898866,380072.166551,0,730
330678.415104,379886.234246,0,337
330782.793385,379974.405245,0,418
330673.193471,380140.91727,0,220
330758.103864,380167.88614,0,416
330805.800262,380132.437491,0,730
330545.786252,379864.794067,0,730
330714.090576,380028.470181,0,619
330739.03222,379864.761304,0,314
330627.274684,379847.151099,0,253
330553.673242,379898.311115,0,730
330710.212109,379858.921546,0,533
330780.580434,379914.821694,0,715
330569.916856,380024.387146,0,701
330783.406378,379928.606455,0,443
330696.472963,379956.181621,0,730
330632.151634,380044.337193,0,730
330602.227871,379852.4436,0,730
330577.636507,380068.345722,0,730
330695.052433,380022.496702,0,287
330636.565951,380060.662351,0,730
330615.708901,380054.276442,0,698
330776.246262,379841.157321,0,730
330743.471107,380036.431548,0,506
330622.367795,379899.900098,0,28
330523.45474,380129.099226,0,730
330586.065334,380122.514326,0,730
330640.890493,379900.914212,0,411
330593.477832,380048.752898,0,730
330525.801314,379906.242968,0,730
330738.236409,380121.720152,0,730
330659.407752,380106.029654,0,730
330655.222359,380073.028312,0,338
330791.181963,380122.202297,0,215
330644.235903,380149.758358,0,410
330580.978827,380034.43595,0,730
330564.227376,380112.752868,0,81
330694.085753,380119.278325,0,497
330605.775154,379973.136073,0,381
330606.051832,379988.391251,0,730
330775.375771,379943.78071,0,686
330552.738366,379894.578191,0,730
330700.480187,379946.601079,0,730
330760.787637,379871.485189,0,730
330741.923102,380151.678126,0,730
330702.61143,380126.82551,0,719
330656.638805,379832.115574,0,600
330551.43587,380055.119244,0,137
330550.313598,379902.805301,0,356
330704.137592,379922.449777,0,196
330606.155298,379859.415389,0,730
330809.843601,380014.566242,0,404
330548.328314,380037.566928,0,88
330539.960383,380005.408339,0,682
330583.96673,379928.383099,0,730
330719.322374,379876.21911,0,241
330674.4113,379872.070666,0,730
330585.943949,380030.598035,0,730
330650.196188,379935.313471,0,689
330817.4581,380174.782749,0,475
330640.182731,379927.619028,0,162
330530.955042,380088.588671,0,131
330803.435288,380111.646609,0,33
330781.732952,379894.077383,0,730
330576.043068,379947.016332,0,730
330575.72792,379823.655817,0,730
330560.732778,380091.518559,0,730
330613.783183,380152.569793,0,730
330678.325117,380082.731587,0,730
330751.405215,379984.612244,0,158
330631.447609,380094.734891,0,627
330789.816672,380022.695148,0,730
330642.392012,380037.942963,0,383
330717.514708,380063.073437,0,730
330607.368574,379888.249279,0,730
330551.715302,379936.061198,0,730
330685.176915,380142.841936,0,622
330537.955824,380114.306624,0,730
330654.769721,379826.984916,0,381
330629.907204,379951.733753,0,730
330568.987643,380051.521476,0,730
330791.702539,380035.567292,0,47
330789.956448,380149.687246,0,730
330559.430441,380051.09506,0,591
330583.711517,380148.082647,0,730
330604.306071,380031.571058,0,668
330785.647431,379894.46487,0,36
330779.507745,380037.807087,0,128
330790.338981,379865.412628,0,730
330552.497113,379877.156314,0,730
330826.744999,380087.014199,0,730
330557.038395,379832.501124,0,730
330705.345319,380055.240204,0,637
330717.709928,380022.4854,0,730
330625.448056,379853.057387,0,642
330655.46745,380087.647015,0,730
330703.793839,379928.723674,0,436
330541.33582,380118.321322,0,730
330589.226157,380026.288433,0,730
330832.048774,380156.88723,0,730
330542.799413,380082.651059,0,730
330551.524106,379994.03631,0,730
330717.959508,379887.48678,0,730
330664.098297,379921.212411,0,615
330522.869816,380116.588268,0,730
330721.906474,379862.172159,0,730
330790.948813,379938.694541,0,730
330796.903465,380089.31871,0,661
330629.578069,380131.91479,0,76
330785.739444,379980.311919,0,730
330714.50236,380123.844257,0,401
330525.098109,380056.482836,0,730
330770.530746,379838.92875,0,600
330732.763048,379865.788396,0,127
330629.411519,379911.099995,0,730
330716.051124,379887.959293,0,730
330552.242374,379858.898918,0,730
330541.850855,380102.10751,0,730
330678.082226,379969.593585,0,445
330788.685738,380024.950846,0,730
330637.727555,380073.890995,0,370
330706.421359,380163.136287,0,730
330734.662243,379859.054763,0,380
330624.394721,379996.653914,0,713
330750.963814,380031.097825,0,550
330540.635749,379911.165866,0,442
330624.032706,380115.386552,0,730
330657.263179,380147.321444,0,24
330525.159148,379839.872366,0,730
330613.961434,379979.568771,0,336
330775.578532,379977.20186,0,579
330529.406232,379824.960168,0,730
330811.223954,380045.246436,0,730
330769.432726,379926.672858,0,730
330809.157328,380045.451688,0,730
330684.733756,379928.573032,0,155
330782.070636,379835.222834,0,730
330659.175686,380043.187129,0,325
330556.69776,380041.877536,0,516
330761.830302,379934.551469,0,190
330658.994347,380113.610918,0,395
330556.692151,379994.251489,0,617
330536.176774,379941.033308,0,261
330695.025758,380153.3471,0,413
330671.296895,380035.366614,0,730
330694.805477,380016.060845,0,730
330560.697336,379930.713561,0,502
330804.714818,379940.361951,0,206
330688.065451,380024.551897,0,730
330560.169724,379867.158707,0,527
330646.843652,380127.386159,0,730
330582.273019,379903.504853,0,163
330632.293092,380046.879062,0,730
330757.7953,380150.953719,0,516
330566.422889,379859.058188,0,479
330715.106397,380141.538587,0,433
330595.225099,379999.845267,0,510
330621.242797,379904.876475,0,634
330544.948356,380104.012057,0,730
330700.964349,379826.952806,0,730
330665.46712,380121.667062,0,309
330588.024383,380075.061943,0,505
330717.592629,379926.282393,0,478
330619.694286,379990.385019,0,730
330701.121333,380009.214156,0,496
330769.636538,379883.928639,0,101
330681.254805,380083.917001,0,278
330585.056936,379870.299279,0,730
330757.739024,379908.772884,0,730
330618.587653,379847.442146,0,730
330600.543638,380051.700089,0,375
330597.574639,379833.544056,0,519
330710.864067,380088.757574,0,327
330580.022946,380093.99411,0,472
330795.52118,380045.667761,0,455
330706.071386,379995.985557,0,427
330534.122127,380070.632998,0,554
330687.644217,380059.11398,0,730
330745.389305,379908.212388,0,714
330616.191615,380006.934947,0,730
330558.489596,380134.236297,0,640
330781.519945,379923.630311,0,588
330597.717436,380027.899892,0,484
330738.045822,380044.025077,0,730
330665.36051,380025.707784,0,730
330529.697898,380029.997908,0,730
330789.156432,379885.743315,0,730
330653.050063,380074.660986,0,523
330627.67341,379963.259753,0,730
330730.689146,379842.753837,0,730
330565.460227,380038.220564,0,730
330812.045043,380035.799273,0,730
330785.380835,380164.835776,0,730
330645.828712,379980.441571,0,598
330703.628209,380079.41343,0,730
330772.388524,380062.597856,0,730
330739.699073,379914.191829,0,332
330686.368078,379896.346467,0,730
330742.582247,379999.930553,0,730
330753.323373,380158.423215,0,730
330615.720932,380029.061986,0,730
330628.518826,380052.920649,0,730
330797.791785,380162.015536,0,686
330618.936482,379977.807268,0,8
330691.447096,379828.001375,0,303
330777.114141,380149.256807,0,730
330710.912473,379897.943841,0,730
330522.342738,380086.053434,0,730
330596.788978,379954.397072,0,531
330736.901308,380117.54421,0,730
330556.177704,380141.969384,0,452
330621.826016,380071.801107,0,730
330638.981525,380054.705212,0,730
330713.383032,379948.328179,0,730
330698.101577,380027.076857,0,730
330695.31062,380040.177884,0,322
330534.305589,380067.436743,0,620
330666.582135,380120.320676,0,444
330720.124969,380003.21765,0,334
330770.047427,379845.952511,0,532
330717.333169,380070.106569,0,730
330742.162658,379902.239122,0,489
330617.844351,380080.171337,0,730
330703.212609,380024.318615,0,730
330544.93422,379920.389716,0,730
330651.126334,379944.300624,0,464
330526.38745,379918.10149,0,666
330593.397351,380151.748224,0,529
330770.837092,380173.314401,0,730
330558.730986,379964.81105,0,419
330730.613553,379852.234547,0,730
330734.851428,379990.768364,0,730
330613.862685,380136.581548,0,713
330550.315883,380078.776051,0,730
330534.949639,380041.092963,0,589
330770.684128,379927.954132,0,312
330829.737339,380182.777038,0,730
330634.820312,380089.744168,0,464
330753.200729,380100.835122,0,730
330724.951387,379997.106068,0,730
330582.863935,379991.919798,0,730
330630.280027,380061.840313,0,730
330789.974947,380160.41584,0,45
330734.352864,379851.461035,0,519
330572.291892,380002.657585,0,188
330628.95514,379897.559697,0,385
330586.71526,379910.451799,0,68
330630.461785,380140.303546,0,254
330684.540525,379996.767987,0,422
330722.836985,380047.067755,0,710
330671.593567,379958.605055,0,585
330632.816025,379864.526745,0,730
330691.878838,380034.396659,0,190
330542.130685,380124.353742,0,730
330653.307806,380090.765322,0,730
330526.502397,379951.560162,0,378
330733.280393,379909.298222,0,730
330588.183715,380049.052368,0,529
330782.245903,380006.183614,0,730
330752.671992,379998.264214,0,667
330743.704159,379920.629006,0,700
330749.012859,379827.690614,0,619
330721.400006,379909.21635,0,629
330764.516853,379895.478517,0,434
330685.264262,379985.714963,0,701
330784.114159,380103.726313,0,730
330696.287815,380104.585607,0,730
330549.566336,380077.793805,0,730
330677.461853,380039.55142,0,730
330673.330101,379990.327813,0,610
330805.027718,380160.029946,0,267
330542.537291,379833.882746,0,730
330588.61377,379981.10277,0,730
330770.28578,379962.562591,0,552
330799.217505,379950.23558,0,609
330567.078771,380028.609762,0,280
330531.826255,379911.320371,0,730
330784.795359,379922.471823,0,68
330655.117563,379829.928163,0,465
330634.344408,379829.076474,0,265
330733.179347,379925.447504,0,594
330605.072385,380039.650116,0,308
330772.995413,380169.372421,0,232
330795.07088,379909.840178,0,723
330687.066839,379905.825032,0,354
330682.440637,380123.120263,0,730
330686.722983,379996.77539,0,664
330778.386756,380134.993373,0,118
330658.664984,380119.168304,0,523
330652.694625,379938.023376,0,382
330550.951549,380085.858872,0,730
330742.808675,380143.690558,0,508
330759.582133,379917.097562,0,133
330659.238022,379997.11264,0,7
330702.405898,380081.357927,0,23
330555.827585,380104.445093,0,509
330688.133011,379954.045022,0,730
330525.553171,379955.088013,0,730
330785.920333,379983.74189,0,364
330754.396281,380062.828536,0,730
330761.88024,380127.794191,0,703
330662.771652,380006.798511,0,76
330637.868029,380131.335098,0,603
330605.596503,380033.849815,0,369
330701.283026,380002.935631,0,730
330618.567845,379937.457855,0,730
330687.462646,379908.692026,0,374
330695.524874,380029.278872,0,656
330814.836545,380179.595773,0,730
330666.407684,379903.183928,0,446
330651.205065,380016.194946,0,730
330613.26145,379977.085548,0,730
330542.25303,380139.511171,0,61
330678.897787,379954.724818,0,628
330567.53425,380005.41866,0,730
330544.86327,380068.988945,0,730
330763.70484,380137.279904,0,730
330686.148758,380138.445772,0,730
330618.106638,379844.064391,0,174
330782.337894,380126.687036,0,730
330637.290388,380072.582841,0,692
330616.302105,379894.128717,0,722
330676.616013,380163.654394,0,730
330769.035123,379942.052602,0,730
330752.967751,379897.408967,0,730
330609.689065,380122.825874,0,730
330658.759395,380045.407012,0,501
330790.755878,380011.873585,0,730
330522.310982,379919.536201,0,730
330768.601657,379847.085481,0,513
330554.895886,380060.892024,0,191
330528.997837,380077.118292,0,730
330567.333439,379964.036474,0,481
330578.142899,380022.584192,0,547
330547.443074,380060.834393,0,730
330711.684023,380115.704841,0,415
330740.239834,380126.327303,0,207
330641.509622,379990.670552,0,665
330585.047679,380060.928854,0,730
330550.550033,380100.113528,0,283
330643.528148,379889.979733,0,457
330573.791364,380070.566052,0,730
330662.892368,380055.495721,0,730
330569.535522,380132.370393,0,730
330755.608378,379938.675626,0,730
330696.035397,380067.455638,0,502
330713.626574,379964.476059,0,630
330600.730236,379991.141931,0,666
330542.452948,379924.058786,0,730
330600.553947,379971.134993,0,587
330761.887059,379872.390537,0,225
330686.169167,379831.541857,0,429
330810.157046,380143.440687,0,124
330648.627939,380070.337767,0,318
330549.259111,380086.184922,0,730
330642.740564,380101.65164,0,584
330692.061883,380091.344619,0,167
330561.770918,380010.95945,0,730
330600.75753,379952.902976,0,69
330555.12328,380033.526242,0,471
330533.048678,380034.835496,0,397
330564.776655,380135.763029,0,730
330590.724528,379962.218723,0,730
330722.200769,379999.563919,0,730
330769.373455,379973.647788,0,543
330671.236319,380128.706562,0,220
330755.008383,380087.74239,0,672
330706.661302,379937.710262,0,730
330563.553142,379904.869711,0,730
330584.915159,379858.744752,0,109
330566.467789,380063.335678,0,685
330667.295465,379972.740817,0,17
330530.484362,379850.391129,0,143
330625.909032,379923.264475,0,730
330798.420243,380164.921429,0,730
330578.423742,379851.674029,0,448
330541.459002,379868.11536,0,25
330587.999964,380065.058345,0,522
330691.224983,380091.035578,0,439
330694.670159,379869.899556,0,394
330826.969304,380163.520621,0,645
330526.631506,379948.335727,0,522
330648.983912,379985.966564,0,576
330799.475808,379880.007289,0,471
330533.467828,379896.49973,0,608
330630.653423,380008.206981,0,595
330612.8492,380082.573887,0,730
330610.374326,379902.776723,0,486
330655.715133,380141.942494,0,730
330643.757798,380020.189246,0,730
330560.335533,379960.999385,0,78
330625.807496,379972.475492,0,147
330661.224679,380155.6456,0,300
330716.441451,379865.724415,0,622
330794.605301,379882.502302,0,676
330709.35892,379997.369318,0,730
330734.310287,379850.097802,0,695
330572.354943,380089.496803,0,730
330650.79803,380137.633807,0,730
330657.324505,380071.928372,0,730
330602.458894,380148.514514,0,730
330537.07813,379948.201235,0,525
330567.063272,379820.205701,0,730
330701.141295,379893.008398,0,730
330768.582235,379974.974089,0,730
330733.031897,380000.585596,0,704
330719.408716,380080.571423,0,730
330725.011841,379895.316556,0,730
330717.637026,379984.706883,0,246
330626.155053,380017.56609,0,730
330562.885936,379985.902863,0,730
330545.859861,379937.320312,0,730
330627.893114,380068.865976,0,729
330761.557921,379976.284204,0,730
330732.179176,380156.990799,0,730
330624.73945,380052.948193,0,653
330603.541734,379840.311446,0,730
330580.127232,379859.348434,0,463
330664.081863,380042.605983,0,344
330694.011511,379989.799828,0,488
330545.393402,380003.561236,0,157
330756.03483,380012.312967,0,730
330554.345999,379976.822121,0,371
330613.939968,380145.318665,0,74
330732.156059,379923.201009,0,2
330580.742521,380126.808011,0,730
330747.890665,379991.871155,0,296
330729.208821,379878.391886,0,562
330646.835052,380073.508833,0,518
330582.491739,380130.674058,0,730
330593.41239,380039.825937,0,473
330603.774596,380091.678089,0,730
330616.604521,380140.404412,0,730
330699.386964,379880.284919,0,549
330641.570185,380035.65831,0,219
330568.123589,379843.24337,0,730
330543.715581,380122.173634,0,54
330786.36666,380137.948694,0,711
330666.939502,380109.498296,0,93
330541.21036,380094.185068,0,386
330579.249989,380090.491188,0,21
330652.996343,380044.782531,0,399
330652.923885,380005.150217,0,730
330526.596936,380131.594616,0,143
330749.549306,380034.112133,0,456
330583.66445,379942.293689,0,28
330668.462092,380093.531554,0,208
330757.005346,379950.493345,0,730
330539.005869,379942.072359,0,730
330564.454514,380006.877045,0,169
330738.879777,379842.270416,0,670
330724.921385,379922.789734,0,730
330569.844944,380075.262186,0,717
330567.327751,380132.560828,0,730
330702.298584,380105.512987,0,730
330675.815113,379998.245307,0,730
330706.520864,379960.18135,0,272
330729.359952,380131.730386,0,730
330791.319607,380000.611545,0,532
330650.937532,380058.344405,0,730
330684.849186,379828.174034,0,87
330546.434031,379866.788959,0,208
330715.706953,379945.756269,0,566
330547.511564,379819.747489,0,323
330729.171639,380159.824789,0,286
330631.243454,379824.603593,0,198
330666.760779,379880.825655,0,449
330785.637437,379940.452971,0,277
330787.450208,379927.725306,0,730
330755.228983,380168.407728,0,408
330679.60041,379826.770217,0,75
330755.735355,379883.684952,0,730
330660.202328,379996.118602,0,730
330556.817198,380110.241212,0,590
330728.146977,380062.108126,0,730
330545.926135,379978.234677,0,702
330587.751052,380120.44216,0,40
330678.195002,379875.973392,0,514
330650.89539,379977.809664,0,114
330785.720811,379839.952811,0,730
330542.477276,379985.808148,0,285
330547.675382,380136.354297,0,730
330636.290508,379905.274912,0,730
330739.430934,380037.134168,0,730
330587.32407,380045.814835,0,730
330745.540426,380144.733736,0,144
330599.887995,380023.823974,0,730
330714.777394,380065.986492,0,730
330806.899822,380066.011463,0,730
330805.678537,379950.664613,0,1
330571.886298,380015.891412,0,278
330811.604997,380102.695657,0,412
330630.990349,379887.45537,0,730
330791.82233,379926.552338,0,430
330594.132878,379923.694918,0,225
330825.322279,380140.84384,0,730
330601.165612,379982.247118,0,57
330648.984705,379891.227234,0,730
330717.94827,379852.251274,0,551
330615.163896,380005.520331,0,239
330539.73662,380131.850593,0,368
330552.245011,379914.882749,0,730
330672.097091,380095.378764,0,730
330772.129434,379853.918048,0,624
330593.30427,380048.497411,0,730
330615.990404,379933.602682,0,730
330578.452043,380049.974219,0,681
330722.549607,380017.744407,0,730
330690.430201,379838.987635,0,48
330642.947888,380089.402373,0,730
330656.036986,380127.203625,0,716
330539.831242,380050.30134,0,52
330535.813781,379869.135555,0,358
330610.004975,380053.103992,0,411
330717.456094,380011.468479,0,730
330575.587903,379824.66567,0,730
330639.699689,380073.279965,0,730
330604.697006,379882.9052,0,730
330699.781764,380023.320993,0,406
330674.162161,379927.914654,0,613
330815.665159,380132.102375,0,712
330535.355165,380076.173329,0,431
330567.304701,380030.36234,0,730
330774.876886,379858.130018,0,730
330806.485996,380082.037515,0,730
330625.101085,380060.547107,0,204
330799.925581,379904.05596,0,599
330764.731149,380030.468174,0,730
330667.00975,379919.525376,0,719
330540.387522,379969.015753,0,564
330671.361187,379873.485245,0,60
330731.983466,379827.031658,0,730
330710.024613,380158.652735,0,62
330630.287483,380088.386671,0,730
330703.574724,380008.82561,0,730
330823.786368,380070.206195,0,730
330764.202655,380037.19051,0,626
330794.722259,380108.316155,0,730
330530.345656,379855.256604,0,730
330767.753293,379970.545571,0,111
330795.241788,380057.807518,0,418
330797.571683,379932.371062,0,534
330784.349352,380083.19624,0,730
330774.931977,379999.358712,0,730
