330111.841443,382997.485616,0,730
329828.809764,382738.406333,0,730
329666.952635,383114.219945,0,706
329778.496999,383088.153117,0,730
329878.084376,382958.241999,0,456
329892.377203,382877.099983,0,581
329615.695013,383004.159224,0,335
329756.076558,382730.103591,0,730
329691.175975,382872.073517,0,268
329644.047525,382875.177739,0,677
329696.487141,383094.099313,0,730
329759.979536,383095.659142,0,492
329894.53591,383033.430586,0,730
329836.282328,382712.133669,0,730
329860.303178,382768.466521,0,149
329724.092023,382779.720065,0,730
329938.603838,383055.174816,0,158
329688.573789,382902.599275,0,730
329948.090311,383059.284214,0,3
330086.053057,382989.105904,0,130
329677.116014,382818.915025,0,730
329939.392057,382778.180258,0,730
329981.302118,383024.665907,0,538
329722.634523,383266.1885,0,730
330000.286727,382879.971109,0,651
329771.376365,383071.01116,0,29
329948.358053,383085.145225,0,505
329930.381191,383134.916568,0,730
329857.541182,383066.639856,0,730
329592.543095,383041.488982,0,730
329680.639618,382891.911633,0,730
329761.531074,383205.729088,0,694
329705.361578,383129.614912,0,730
329639.323309,383247.873756,0,654
330079.138343,382942.638264,0,730
329748.980078,382869.924325,0,730
329651.13018,383024.740926,0,730
329820.615186,382841.011806,0,380
329909.438334,382824.59882,0,633
329738.023605,383109.181455,0,439
329769.624753,382710.953237,0,166
329665.811353,382828.653914,0,637
329771.481101,383126.384766,0,381
329836.512654,382823.612295,0,197
329847.991481,383055.986485,0,730
329792.892344,382794.6907,0,693
329651.770801,383239.421658,0,151
329784.576839,382871.646697,0,730
329716.164887,383146.903171,0,558
329960.242493,382954.134069,0,730
329951.103074,382995.699453,0,730
329896.13106,383158.474895,0,730
330063.498051,383023.672352,0,441
329856.820853,382765.432566,0,730
330007.587023,382955.381979,0,461
330016.379965,382993.789894,0,730
329838.926775,382819.633856,0,730
329749.500038,382962.599066,0,638
329647.560208,382987.785665,0,186
329883.471257,382749.461048,0,730
329963.845566,382792.629899,0,730
329705.277667,382965.168847,0,730
329834.868111,383205.62773,0,355
330009.279956,382878.679461,0,222
329877.984595,382662.380076,0,415
329765.050702,382727.277064,0,730
329655.140174,383216.868176,0,398
329746.827763,382940.725263,0,730
329879.854328,383033.258069,0,730
329777.98799,382870.936937,0,619
329615.965739,383030.940319,0,730
329847.065927,382834.458687,0,730
329760.265125,383002.928484,0,219
329694.381244,382783.262007,0,730
329954.784894,382771.720396,0,730
329667.712065,382958.799605,0,542
329935.281258,382968.994186,0,730
330158.291475,382969.231299,0,629
329749.297969,382853.580413,0,300
329831.649666,382897.525479,0,465
329809.827176,382655.568048,0,730
329838.314461,383155.763814,0,535
329943.774764,382843.971299,0,730
329832.231108,383185.732523,0,730
329984.166019,383041.201862,0,20
329944.603444,383039.420856,0,730
330063.92123,383020.286301,0,730
329999.359119,382881.821886,0,559
329746.412999,383201.263409,0,730
329768.797301,383004.117421,0,638
329793.693395,383225.781517,0,730
329789.764312,383002.378686,0,730
329822.344107,382743.861742,0,320
329799.593277,382774.298252,0,730
329987.661072,382874.929572,0,730
329668.130359,382926.959812,0,730
329830.778528,382801.487893,0,341
329755.388044,383118.169038,0,713
329736.986212,382917.831639,0,240
329620.59692,383011.390629,0,730
329663.101261,383298.603332,0,730
329979.755088,382881.192877,0,730
329995.240401,382917.98297,0,555
329775.629662,383023.915531,0,286
329823.837718,382905.959957,0,680
329681.039864,383010.233717,0,730
329733.150929,382720.170943,0,632
330003.870966,383019.438808,0,730
329975.304103,382997.523548,0,265
329636.505257,382907.413826,0,441
329852.378465,382826.864838,0,730
329754.398615,382880.442909,0,517
329822.196584,382858.994494,0,430
329753.103081,382724.695661,0,420
329735.923066,382920.199107,0,730
329746.276667,382936.616881,0,730
329732.478456,383088.573338,0,730
329854.551191,382832.257273,0,545
329810.566217,382665.616316,0,107
329797.191425,383037.885571,0,229
329862.741165,382659.596975,0,142
330131.225883,382934.382724,0,730
329791.125112,383035.828972,0,488
329723.701467,382806.258706,0,730
330062.280808,382929.968334,0,157
329877.048395,382732.948311,0,730
329990.781603,382876.803862,0,476
329802.558967,383084.633185,0,9
329734.3161,383191.700007,0,730
329561.579224,383031.286248,0,730
329686.56495,382869.248019,0,111
329684.948327,382845.34885,0,730
329869.804711,382983.795676,0,353
329861.519944,382948.413845,0,652
329866.493461,383110.282933,0,328
329795.778516,382930.955728,0,730
329892.708745,383110.232617,0,242
329963.268438,383065.306117,0,730
329636.972257,383146.158996,0,402
329574.702535,383034.383714,0,215
329770.459784,382835.07531,0,598
329645.252208,382998.813848,0,730
329851.488346,383040.559268,0,730
329684.461541,382839.279614,0,660
329847.612769,382850.367584,0,712
329766.445514,383012.515863,0,648
329601.13936,383022.966956,0,402
329848.495054,382998.209998,0,635
329854.364966,382754.511334,0,730
329992.876384,382855.156234,0,730
329728.442303,383134.067186,0,619
329776.696837,383080.408286,0,730
329696.706952,383025.605071,0,730
329799.50982,382901.673936,0,140
329821.445633,382664.498396,0,93
329698.241923,382889.233747,0,639
329786.825729,382720.691906,0,730
329791.965671,382755.031618,0,730
329863.538175,382720.767695,0,639
329725.975394,382980.838212,0,339
329917.213797,382852.586168,0,730
329951.521115,382883.68742,0,613
329704.331085,382775.357099,0,730
330014.974586,383021.899505,0,104
329735.479631,382719.721279,0,716
329850.248265,383019.522549,0,730
329924.011616,382706.152409,0,730
329827.647285,382816.58259,0,730
329609.819021,382978.917862,0,16
329606.458992,383067.898943,0,663
329953.083296,382769.158112,0,522
329878.091347,382787.504976,0,506
329789.693881,382754.048922,0,354
329637.057361,383298.178109,0,730
329785.509872,382885.571005,0,724
329997.317165,382856.354958,0,730
329673.217908,383243.131003,0,357
329622.54034,383033.590726,0,369
329842.026296,382854.778784,0,730
329616.718259,383158.626047,0,379
329755.399624,383027.522688,0,730
329766.295428,382676.624267,0,730
329820.469814,383138.709078,0,730
329747.956078,383232.48401,0,412
329818.580913,383053.130146,0,730
329890.990091,382846.690488,0,730
329968.657619,382990.582597,0,730
329886.749142,382802.823583,0,568
329934.074638,382973.623241,0,322
329681.410282,383024.114744,0,184
329893.214349,383019.963077,0,384
329895.190218,382795.84404,0,231
330095.471345,383014.967396,0,583
329759.949033,383188.796735,0,552
330056.67688,382878.213449,0,217
329750.248671,382910.363663,0,670
329632.009198,383108.427025,0,730
330036.212675,383021.702512,0,730
329740.590026,383235.605953,0,730
330092.069809,383015.130354,0,730
329738.183533,382925.244733,0,492
329755.773814,383145.111411,0,730
329911.275054,382725.218223,0,582
329610.413622,383060.536635,0,730
329729.157538,382875.612307,0,730
329771.423851,382691.503656,0,730
329821.224741,383147.622664,0,730
329910.818296,382912.886762,0,537
329596.786376,383143.382233,0,730
329967.984713,382961.539207,0,730
330075.394724,382931.189128,0,730
330086.184324,382941.74026,0,730
329797.760465,383106.197495,0,730
329696.661173,383266.981598,0,356
329742.691363,382761.855691,0,730
330036.887846,382940.936179,0,730
329984.646617,383033.937721,0,474
329567.405368,383022.944457,0,705
330091.3118,382963.683539,0,404
329777.30699,383031.291274,0,533
329822.635945,382713.575798,0,730
329624.373842,383076.450216,0,730
329820.589351,382831.655207,0,730
329790.651211,382761.284763,0,376
329983.325837,382890.824608,0,730
329699.96865,383224.433282,0,387
329841.405533,382816.498798,0,460
329657.212071,383126.300684,0,730
330105.464611,383009.65672,0,730
329859.121969,383132.959426,0,730
329670.140517,382826.300221,0,730
329654.449123,383065.938171,0,730
329837.897654,382789.235617,0,551
330073.549838,382984.16501,0,176
329963.382135,382933.196704,0,188
329604.417763,383142.287453,0,730
329552.346313,383019.483303,0,374
329800.668603,382679.262693,0,345
330015.835437,382886.308234,0,413
329885.134998,382673.332565,0,221
329727.928093,383129.724053,0,688
329668.059066,382913.37232,0,55
329736.509702,382719.467556,0,730
329826.132933,382874.983011,0,730
329885.494927,382978.7698,0,730
329857.068919,383090.198762,0,730
329810.782147,382765.329724,0,730
329614.467781,382957.390179,0,534
329722.843756,382845.392155,0,730
329835.551341,382791.601332,0,294
329626.738698,383042.199794,0,730
329985.006473,382817.142322,0,647
329768.026607,383054.234944,0,730
329712.94734,383193.583888,0,48
330150.229104,382947.23444,0,590
329933.580568,382996.109156,0,730
329902.766799,382934.998923,0,338
329768.91076,382690.598377,0,661
330003.925996,382888.744993,0,596
329924.233857,383109.606421,0,536
330004.496498,382964.950025,0,730
329827.49199,382659.338506,0,446
329991.274112,383018.678729,0,730
329758.261026,383158.892887,0,730
329985.194248,382963.548393,0,708
329954.220391,382909.456897,0,728
329879.127138,383093.720012,0,358
329873.797322,382689.952753,0,730
329762.182247,383234.272527,0,730
330062.774011,382986.153742,0,730
329822.534682,382883.269773,0,215
330104.759,382943.059031,0,730
329822.9646,382805.490013,0,20
329807.942534,383204.219839,0,730
330031.434425,382933.596053,0,95
329699.742665,383016.633037,0,730
330137.411941,382964.185808,0,730
329964.906016,383044.498331,0,124
329730.584548,382775.167424,0,730
329828.244504,382940.542377,0,90
329915.475893,382888.038168,0,730
329590.998714,383120.827303,0,730
329804.818338,382696.987724,0,57
329961.578706,382843.460668,0,461
329943.160899,383122.803577,0,730
329647.34162,383235.578217,0,730
329672.39752,383202.543677,0,730
329801.909295,382809.108176,0,730
329743.744585,382954.566961,0,730
330113.174046,382979.262542,0,725
329953.727889,383021.683155,0,730
329904.279184,382811.445547,0,602
329703.573629,382945.241539,0,730
329920.688322,383018.621495,0,589
329860.981572,382912.051305,0,730
329568.691138,383046.617156,0,730
329683.442743,382808.134536,0,134
329899.971945,383057.388995,0,730
329624.94551,383015.339895,0,730
329641.688465,382969.411041,0,730
329661.137624,383191.972002,0,730
329858.611279,382837.886192,0,88
330040.976596,382953.72425,0,645
329884.260681,382773.370612,0,651
329921.751828,382741.420492,0,730
329911.964599,382934.998475,0,730
329763.475385,382742.082952,0,553
329836.939886,382882.363717,0,80
329778.532994,382695.618283,0,591
329848.286444,383080.956094,0,730
329838.586999,383067.888389,0,730
329768.801898,383202.66507,0,714
329884.298632,383030.033378,0,730
329929.127758,382810.746588,0,730
329845.928653,382958.875711,0,277
329879.496788,382722.423277,0,730
329630.567095,382974.696299,0,532
330032.216063,382958.89706,0,730
329640.20927,383282.792166,0,427
329787.149915,382644.427867,0,211
329974.751789,382933.942803,0,79
329827.950326,382997.423087,0,730
329791.587675,382911.242997,0,300
329728.404931,382855.571141,0,587
329958.387757,383018.359602,0,515
329773.668246,382931.542749,0,634
329643.644037,382890.036656,0,467
329816.274839,383192.537738,0,364
329942.336506,382898.531558,0,363
329720.190323,382974.41045,0,667
329642.179325,382945.475757,0,687
329850.2593,382790.201029,0,507
329661.223662,383283.099624,0,5
329895.379093,382703.425876,0,730
329680.095981,382864.979398,0,62
329764.624386,382692.035576,0,477
329740.96025,382793.229664,0,730
329559.666513,383013.892777,0,730
329573.083262,383042.536998,0,63
329718.550241,383194.096821,0,730
330090.081886,382923.402326,0,118
329947.858893,383109.290797,0,251
329820.002102,382687.338339,0,43
329742.190023,383129.131276,0,730
329802.652967,382756.154804,0,730
330158.156698,382974.204844,0,717
329770.113785,382733.516858,0,730
329874.694745,382789.90415,0,730
329595.036501,383021.976545,0,305
329582.506808,383090.965919,0,730
329929.332092,382842.310293,0,401
330112.661972,382981.629385,0,730
329724.078179,382736.366162,0,471
329813.514924,382795.279089,0,421
329726.939241,383174.740027,0,704
329736.702202,382812.914036,0,444
329779.460315,382711.439976,0,616
329890.905407,382992.579592,0,730
329751.625218,382751.673945,0,435
329752.572353,382716.065883,0,730
329580.517514,383019.996839,0,730
329783.509998,382642.699828,0,730
330002.360267,382865.925183,0,686
329661.19334,383138.602059,0,730
329623.339365,383148.190204,0,711
329967.743921,382964.614672,0,560
329696.259501,383075.02114,0,235
329871.818051,383066.919952,0,549
329876.603467,382856.203806,0,261
329813.451556,382736.036024,0,11
329848.163229,383128.732566,0,436
330027.732593,382890.525368,0,730
329903.766596,382947.652562,0,730
330096.822704,382909.895446,0,255
329656.244694,383256.39121,0,730
329837.948485,383079.151071,0,730
329772.80041,382805.265009,0,89
329722.455892,382891.763007,0,292
329896.899158,383026.676888,0,730
329740.009568,382954.073849,0,730
329800.076482,382823.997998,0,730
329883.827066,382937.189282,0,686
329629.994301,382951.814326,0,147
329857.55653,382802.57434,0,730
329847.689288,383096.79356,0,193
329829.598756,382752.156895,0,562
329739.007595,383146.360348,0,464
329738.196415,383072.444587,0,669
329723.708828,383262.413606,0,45
329823.962359,383051.053661,0,18
329848.110245,382991.822558,0,713
330010.194736,382914.065238,0,439
329989.72147,383078.886331,0,730
329651.766768,383226.18798,0,386
329853.395076,382819.699199,0,730
329738.533439,383234.63723,0,53
329749.032551,382737.946356,0,224
329887.056565,382953.739334,0,657
329889.669099,383129.942458,0,556
329745.35987,383020.968737,0,730
329855.917342,382693.065619,0,337
329768.200294,382985.192281,0,117
329682.785626,382957.315982,0,730
329690.579951,383205.158742,0,359
329906.630791,382897.452268,0,195
329914.297094,382823.739116,0,730
329918.00536,382732.145283,0,474
329743.077986,382980.531959,0,414
329981.947954,383075.607964,0,730
329978.620209,382854.922286,0,561
329711.632609,383111.208883,0,730
329690.142413,382849.932499,0,730
329915.586952,383038.482683,0,611
329692.369525,382793.088344,0,730
329650.850193,382972.938454,0,517
329900.894126,382937.277552,0,730
330046.281112,382978.763819,0,103
329740.39141,383265.271094,0,730
329584.243329,383037.973336,0,730
329877.397049,383099.083545,0,681
329674.303809,382886.269779,0,228
329697.651594,382799.304371,0,730
329932.853956,383022.727496,0,730
329920.417429,382736.916419,0,730
330045.576218,382982.261135,0,657
329610.630523,383114.918705,0,452
329830.266697,382732.720586,0,611
329670.553435,383174.033773,0,674
329798.711498,382985.924604,0,253
329866.434034,383076.343457,0,730
329792.489959,383074.816428,0,349
329928.979532,382953.617582,0,26
329681.993108,383234.664668,0,344
329559.737513,383030.870369,0,730
329830.437073,383145.268073,0,730
329813.915069,382735.108324,0,515
329781.22969,383056.076076,0,730
329898.617235,383084.206316,0,382
329853.810471,382778.288825,0,730
330098.743013,383013.733109,0,618
329803.394748,383093.01577,0,310
329939.356884,383101.253325,0,145
329944.982067,383005.982261,0,730
329798.848734,383083.931303,0,658
329649.033848,383166.687276,0,681
329966.606115,382804.337191,0,367
329836.281786,382978.511205,0,475
329924.795054,382761.878204,0,730
329843.362323,382717.340306,0,730
329620.830567,383087.362433,0,730
329919.89034,383037.164002,0,376
329929.895797,382826.560574,0,364
329578.200304,383043.286221,0,701
329782.544885,383087.343297,0,730
329954.421912,382853.197596,0,44
329751.562879,382715.162688,0,730
329828.456627,382697.772438,0,730
329764.984011,382811.04799,0,453
329763.244145,382953.792042,0,592
329900.446448,382893.554394,0,730
330106.207886,383005.085744,0,602
329665.388091,382832.397669,0,730
329685.148933,383105.010439,0,730
329715.446395,383147.821597,0,2
329599.834133,383062.46973,0,730
329918.183768,382764.631281,0,97
329757.08574,383137.805688,0,479
329675.208502,383285.054972,0,21
329829.372599,383122.360576,0,408
329832.549197,382653.234117,0,730
329656.248057,382857.008116,0,730
329764.029084,383158.991492,0,730
329667.371528,382983.750073,0,715
329737.530879,382928.541601,0,709
329841.023413,383057.723907,0,730
329598.302631,383068.451701,0,548
329800.722495,382733.908137,0,730
329925.719973,383092.734997,0,730
329793.806445,382784.477117,0,574
329686.49699,383194.835386,0,699
329753.533999,382945.699459,0,730
329918.515888,382798.369181,0,585
329848.396666,382996.496798,0,730
329974.181131,383005.119448,0,730
330119.31525,382943.11888,0,424
330050.267205,382938.535724,0,129
329726.184993,382861.228903,0,532
330033.915235,382901.915601,0,730
329861.067152,383022.445465,0,383
329752.699138,383124.252593,0,70
329922.227748,383095.940645,0,730
329779.688127,383201.396547,0,730
329932.71515,382850.592276,0,730
329841.133154,382765.522982,0,730
329639.414549,383189.808444,0,159
329904.715186,382775.483492,0,730
329810.424386,382803.403643,0,730
329651.719024,383042.575168,0,14
329848.227254,382865.655329,0,82
329889.285254,382837.26164,0,730
330064.2345,383027.262458,0,54
329619.460288,383182.654727,0,730
329930.579604,382936.172733,0,730
329708.334214,382965.593554,0,730
329805.364024,383200.705207,0,730
329887.157816,382913.176853,0,247
329772.484625,383079.720322,0,730
329966.087854,382811.194574,0,267
329820.509638,382990.042756,0,730
329856.700165,382945.51135,0,730
329792.774294,383182.371063,0,608
329922.20908,383006.514861,0,624
329764.659834,383154.678878,0,245
329831.105121,383111.400437,0,479
329883.200026,382872.963778,0,488
329901.469373,383110.122249,0,353
329909.284719,383110.476298,0,730
329713.869431,382951.624471,0,730
329784.733986,382822.132001,0,730
329724.169815,383181.722643,0,730
329999.741666,383040.715375,0,730
329951.459201,383107.815696,0,730
329880.145269,382852.139885,0,448
329745.522594,383020.451373,0,395
329692.068055,382863.766193,0,451
329770.0922,382959.57318,0,730
329739.674938,382930.793892,0,730
329808.572489,383093.539319,0,176
329865.782103,382697.689755,0,178
329673.199216,382976.371437,0,66
329844.770385,382952.638913,0,52
329827.401425,382967.273893,0,466
329819.428381,382770.630162,0,730
329872.872997,382721.727944,0,730
329652.412054,383195.264242,0,531
329918.571017,382864.363582,0,730
329698.911311,383078.361222,0,546
329958.318326,382836.418525,0,630
329644.504184,383281.77532,0,75
329640.704039,383253.236547,0,730
329833.810338,382880.781091,0,447
330079.055262,383020.795734,0,730
329802.872884,382664.774922,0,78
329884.169988,383074.43691,0,730
329712.676521,383043.840735,0,625
329870.510828,383033.245801,0,730
329656.158238,382924.171433,0,730
329695.837905,383017.004424,0,177
329754.595457,383015.495954,0,571
329642.283774,383190.295979,0,691
330078.434445,382900.37188,0,191
329639.787152,383293.529565,0,544
329667.222896,382891.014674,0,730
329866.060297,383040.404382,0,730
330062.124204,382917.508141,0,449
329636.852109,382985.860707,0,626
329758.276227,383129.911415,0,730
329819.792409,383030.286879,0,730
329672.245594,382918.243753,0,204
330110.039711,382961.629727,0,577
329927.862912,382992.90488,0,730
329728.275076,382997.214398,0,730
329832.879425,382946.367182,0,730
330083.732742,382913.312619,0,666
330055.624091,382895.497098,0,49
329639.036626,383094.72466,0,529
329936.656939,383047.414683,0,703
329877.788748,382871.376412,0,50
329610.627905,382936.544546,0,730
329740.884255,383121.975263,0,612
329821.179897,382920.630217,0,698
329801.261776,383054.19285,0,730
329885.628581,383142.568758,0,98
329913.929007,383053.316096,0,485
329711.531362,383132.382292,0,562
329823.31437,383007.154425,0,77
329822.646566,382682.388592,0,729
330086.544738,383003.045172,0,730
329701.051262,383215.154804,0,730
329700.37208,383042.727331,0,179
329780.706491,382941.637305,0,730
329592.028831,383013.900747,0,467
329893.002055,382884.713388,0,671
329820.757178,382685.525853,0,494
329801.753837,382745.992029,0,210
329772.532038,383015.928198,0,730
330013.310336,383022.536287,0,588
329684.558269,383239.178643,0,730
329636.621537,383288.407429,0,535
329872.091541,383121.522511,0,177
329921.397193,382891.922869,0,730
329695.544997,382845.172078,0,722
329886.393374,382732.236195,0,730
329878.648294,382846.640891,0,730
329730.401198,383172.193632,0,1
329742.781154,382748.744257,0,468
329697.332381,382910.246764,0,730
329836.371475,383116.847049,0,457
329885.058651,382898.63908,0,420
329734.757521,382824.948566,0,196
329776.999134,382892.645622,0,730
329958.251131,382798.460387,0,410
329855.650061,382788.424303,0,730
329794.341854,383066.99776,0,555
330061.604062,382893.448828,0,156
329729.402332,383075.71407,0,429
330048.075999,383044.200973,0,673
329644.538919,383252.142673,0,730
329884.627991,382723.882265,0,730
329736.737111,382810.185301,0,730
329808.392151,382707.723043,0,452
329884.44948,383090.947209,0,730
329818.034191,383078.632314,0,730
329822.044473,382975.43615,0,730
329896.339067,382986.325225,0,95
329742.605758,383047.347429,0,730
329950.468289,383068.95612,0,730
329673.031723,383052.758891,0,258
329823.564034,382729.096735,0,359
329721.616752,383159.227646,0,730
329800.783749,382747.189644,0,296
329788.950082,383201.742928,0,692
329951.065631,382843.398741,0,730
329833.730698,383203.952587,0,625
330034.880063,382875.738814,0,335
329985.933277,382858.182917,0,684
329663.281225,382965.869664,0,730
329627.464402,383021.524147,0,730
329980.804522,383022.713054,0,730
329582.431264,383093.162193,0,205
329641.315007,383271.474693,0,644
329697.110021,382930.434201,0,490
329756.343934,383257.51384,0,730
329725.568817,383068.913274,0,463
329911.328793,383052.589576,0,730
329782.304086,382673.437634,0,730
329911.807803,383102.977298,0,730
329936.822313,383067.279869,0,671
329781.856728,382816.483283,0,730
329804.399443,382878.674971,0,730
329816.634034,383193.112413,0,194
329871.305337,382698.773531,0,127
329767.408774,382770.817145,0,469
329656.447793,382934.855045,0,704
329796.468886,382994.994642,0,431
329913.491876,382709.108478,0,544
330000.897351,382893.481223,0,730
329594.897328,383059.555703,0,730
329802.55235,382874.194219,0,730
329705.331452,382844.347888,0,700
329698.078572,383248.242629,0,730
329932.910859,383058.983566,0,655
329625.161157,383058.460075,0,730
329857.725431,382824.129202,0,428
330163.484454,382960.075938,0,730
329871.712668,382807.728239,0,730
329756.287604,382774.853008,0,273
329873.192193,382987.154047,0,615
329951.978461,382805.12518,0,399
330034.685896,382960.471376,0,730
329992.503208,383082.528753,0,409
329861.792237,382849.367545,0,214
329791.462851,383114.693066,0,198
329611.975834,383015.877113,0,730
330089.523738,382930.59077,0,730
329654.522349,383274.300603,0,284
329647.310368,383139.155499,0,730
329734.202645,383139.332598,0,730
329944.03001,383026.563183,0,208
329737.475025,382784.083101,0,303
330027.032281,383021.251948,0,343
329783.164127,382666.03066,0,264
329981.041718,383021.14265,0,730
329630.925859,382897.71244,0,730
330065.385498,382993.50432,0,575
329678.720276,383245.937016,0,551
329757.85597,383120.400072,0,730
329682.119021,382846.420388,0,730
329596.722244,383118.241591,0,730
329762.085994,383083.032992,0,730
329918.259597,382864.664014,0,654
329711.348784,382753.34623,0,260
329804.875532,382809.780557,0,730
329928.58896,382841.108488,0,730
329971.465091,382974.175445,0,77
329912.016244,382758.226724,0,507
329785.686857,382771.129506,0,703
329768.81179,382995.981151,0,730
329662.500443,383015.685922,0,547
329846.662259,382889.516104,0,123
329649.199723,383146.735143,0,319
329790.789527,382930.711386,0,146
329807.608513,383134.171365,0,730
329755.302096,382798.518069,0,558
329950.989681,383006.282347,0,730
329724.650043,382736.281874,0,425
329897.175394,382693.146002,0,453
329697.998386,383099.630756,0,163
329853.593807,382963.382196,0,270
329997.003635,382876.983505,0,730
329911.410632,383123.679705,0,94
329720.387278,383054.732293,0,730
329816.99416,383102.890834,0,730
329790.980258,382690.198434,0,730
329736.850803,383023.215969,0,458
329850.937042,382987.888735,0,730
329955.165622,383031.375401,0,238
329951.943302,382908.413138,0,730
329817.022963,382863.120547,0,628
329850.932228,382723.946847,0,730
329849.591837,382716.550611,0,695
330067.779964,382923.059958,0,623
329784.334128,383033.930257,0,185
329757.073256,382741.948222,0,218
330008.243388,383060.58715,0,290
329876.339255,382818.918384,0,697
329677.457064,383191.549583,0,730
329752.348939,382989.894048,0,730
329854.067885,382841.914984,0,694
330117.319603,382934.41823,0,17
329798.359921,383003.699967,0,730
329893.220194,383072.229257,0,730
329987.427956,382894.101516,0,472
329796.483147,383172.986794,0,730
329961.186347,382829.523701,0,730
329909.700574,382993.520674,0,13
329718.783046,383208.513766,0,139
329683.459167,383231.026703,0,393
329886.133634,382741.715336,0,499
329918.353346,382765.801572,0,71
329744.609755,383152.521502,0,730
330037.0363,383047.324763,0,730
329928.822822,382929.918869,0,343
329836.521523,383088.812446,0,645
329650.293008,383084.397232,0,730
329989.637969,383035.610558,0,730
329882.509702,382836.14035,0,105
330020.136706,382950.426379,0,636
329820.844977,382749.686778,0,254
329627.977757,382989.141398,0,730
329713.457079,383063.159683,0,730
329640.07599,383274.055298,0,372
329962.822582,382853.629894,0,695
329983.021241,382853.141387,0,730
329780.873224,383177.644334,0,730
329770.361986,383242.44245,0,730
329914.331333,383073.132436,0,91
329805.398711,382665.222631,0,730
329759.041796,382909.958249,0,730
329890.979462,382883.289978,0,357
329927.472451,382730.275652,0,730
330119.173322,382975.800172,0,541
329918.793899,382742.436402,0,719
329999.278088,382946.525056,0,223
330016.371939,383065.072899,0,219
329740.311788,383234.099359,0,730
329622.602481,382925.462545,0,54
329617.791409,382966.417383,0,279
329960.458607,383078.556863,0,433
329644.667943,383264.05853,0,289
329980.375928,382867.672306,0,730
329707.836467,383051.031027,0,730
329859.191462,383126.460055,0,540
329822.503474,382957.529427,0,666
329606.674616,383062.289003,0,730
329953.931685,382827.04493,0,730
330005.597902,383048.185314,0,730
329994.665026,382901.417323,0,730
329938.795802,383027.05424,0,730
329630.008734,382920.086881,0,730
329578.173445,383055.939457,0,730
329678.319162,382940.533644,0,549
329834.005018,383097.494383,0,730
330118.802906,382957.702916,0,378
329628.874838,383104.977565,0,571
329657.151654,383163.601289,0,530
329820.09495,382935.976074,0,419
330029.438181,382972.015819,0,572
329707.143655,383123.951181,0,451
329777.070811,382733.863607,0,381
329817.748927,382944.590293,0,248
329743.191301,382982.808737,0,730
329809.857706,382859.770169,0,718
329671.389436,383270.492959,0,730
329708.403714,383063.353508,0,463
329706.901014,383166.683998,0,730
329851.829182,383139.570664,0,307
329742.094835,383134.698619,0,270
329606.266254,382940.44341,0,730
329881.836762,382787.779537,0,730
329642.069675,382883.572737,0,207
329662.673787,383074.134655,0,481
329826.168975,383138.216462,0,730
329796.575581,382877.596552,0,730
329855.341716,382918.059231,0,730
329667.821924,383033.709531,0,497
329902.286986,382790.269749,0,730
329577.658014,383023.673853,0,730
329858.97509,382661.731923,0,545
329803.882618,383222.453016,0,730
329611.206052,383164.676269,0,730
330057.474702,383034.010695,0,730
329839.759367,382927.929537,0,730
329740.931176,383231.191283,0,350
329786.68635,383132.241152,0,557
329709.908126,382835.343254,0,730
329815.052314,382948.942524,0,730
329718.210864,383051.839935,0,730
329922.10603,382895.639113,0,337
329831.70747,382943.739727,0,518
329704.447177,382825.478694,0,628
329730.746313,383150.809389,0,697
329894.093718,382972.809613,0,655
329830.372552,383051.287619,0,730
329651.23622,383121.544954,0,730
329993.072382,382919.399078,0,125
329664.118107,382851.957466,0,730
329618.148378,383080.342975,0,730
329638.330859,383044.21102,0,346
329710.884134,383253.254419,0,397
330125.566634,382954.334401,0,730
329571.84185,383008.652876,0,202
329669.762558,383097.037192,0,482
329794.843852,382714.15907,0,636
330018.417261,383032.005521,0,579
329606.481075,382939.267011,0,504
329682.610036,383000.062591,0,730
329796.660132,382675.968816,0,730
329625.514447,383033.284401,0,730
329777.808857,383069.026652,0,730
329891.49454,382728.207699,0,486
329895.588849,382687.190929,0,493
329846.04271,382758.64887,0,481
329829.805124,382956.320922,0,730
329725.330056,382912.675882,0,730
329855.260791,383094.69053,0,714
329874.182652,383018.22939,0,730
329875.915724,382840.773512,0,643
329939.978328,382948.848488,0,640
329662.373339,383021.550109,0,39
330089.482678,382915.478485,0,290
329809.976831,382721.759722,0,730
329832.627363,383002.098368,0,730
329582.289915,383088.586874,0,718
329675.211286,383114.733916,0,730
329673.72088,383113.36727,0,730
329751.068724,383170.26035,0,730
329624.986798,382900.113807,0,658
329824.971632,383002.105266,0,730
329987.474781,383097.880665,0,730
329958.12115,383041.646786,0,730
329688.904199,383281.851909,0,561
329735.060406,383009.665217,0,730
329882.997874,382778.873311,0,730
329854.57161,383165.199907,0,334
329606.391128,383177.065222,0,142
329620.139748,383033.618824,0,730
329859.647692,383035.191407,0,730
329705.591636,383090.647054,0,360
330127.724853,382997.125854,0,96
329867.425764,382668.009201,0,114
329862.683538,382762.965441,0,552
329836.440884,383201.281478,0,674
329770.320501,383093.456419,0,559
330054.673078,382940.012221,0,730
330116.204107,382970.351577,0,47
329630.513139,383128.617204,0,730
329901.631913,383133.166779,0,496
329740.950289,382963.565393,0,730
329966.031207,382802.589422,0,730
330083.120261,382995.124017,0,730
329956.218278,383004.993493,0,606
329967.177842,382972.144531,0,730
329740.666679,383125.001244,0,730
329870.220612,383060.469003,0,730
329592.214582,382957.639939,0,278
329794.762246,382892.881105,0,730
330012.595272,382907.806772,0,730
329936.927388,382962.368017,0,730
329593.534052,382995.158507,0,427
329823.139194,382892.060672,0,478
329732.04585,383231.064171,0,503
329727.115344,382842.789592,0,426
329704.187415,383017.203937,0,503
329604.755726,383048.167083,0,730
329754.243103,382861.822917,0,530
329740.886959,382892.918635,0,730
329808.612204,383084.8905,0,575
329945.564253,383064.523229,0,73
329774.529653,383045.433096,0,595
329702.505278,383025.670773,0,237
330035.050138,382888.19309,0,281
329913.698702,383114.680175,0,730
330040.535176,382984.350515,0,514
329813.820614,382701.416591,0,182
330052.964515,382877.288251,0,730
329800.084728,382767.520342,0,590
329786.231819,382830.441915,0,730
329800.826621,383126.400266,0,609
329663.314194,383191.833252,0,336
329866.371876,383117.02619,0,723
330071.689208,382994.357668,0,649
329879.288015,382986.08131,0,392
329868.164718,383163.378599,0,730
329683.594134,383065.007319,0,730
329797.259647,382672.973775,0,730
329839.169232,383050.480724,0,88
329869.834351,382911.890242,0,554
330097.649365,382983.557909,0,386
329801.422843,383000.499763,0,730
329688.052186,382801.235606,0,730
329816.873393,383113.241584,0,341
329659.347367,382960.555343,0,660
329902.360863,382850.717824,0,730
329994.385086,382916.962734,0,730
329740.613555,382990.678053,0,730
329622.731547,382971.003925,0,541
329941.232666,382889.633247,0,243
329929.147483,383037.730038,0,730
330058.78808,382966.363113,0,610
330042.220939,382924.669596,0,730
329815.869798,382903.957621,0,325
329814.653105,383087.191753,0,431
329677.457119,383130.902695,0,730
329986.960593,382958.508463,0,730
329674.821797,382970.126627,0,258
329837.061488,383049.079024,0,412
329803.478102,382704.805413,0,730
329733.488042,382736.223615,0,409
329760.779174,383221.488975,0,730
329678.173926,383007.437653,0,730
329711.521097,382908.94149,0,570
329743.962616,383210.085837,0,730
329669.816904,382825.192913,0,730
329723.688988,382972.086556,0,450
329985.861716,382986.170468,0,730
329873.266093,383151.462888,0,514
329829.675797,383070.993941,0,566
329950.824687,382976.559705,0,601
329720.075895,383185.219324,0,642
330162.765118,382967.795829,0,730
329699.558555,383176.720432,0,424
329663.693312,383184.259265,0,730
329584.212456,383090.372338,0,730
329649.60794,383239.464992,0,323
329734.479735,383129.146679,0,730
329771.161462,382828.597217,0,13
329887.334819,382864.466639,0,730
329808.431858,382694.438903,0,81
329628.40055,383015.957212,0,299
329976.199078,382900.527359,0,730
329628.45374,382977.107463,0,129
330012.20639,382939.901092,0,11
329839.336366,383146.079705,0,478
329852.239084,382985.33132,0,730
329804.468677,383088.3648,0,730
329799.851699,383038.463756,0,322
329845.758702,383072.858991,0,730
330006.419893,383020.605342,0,699
329947.389907,382904.499705,0,550
329835.301227,383069.54929,0,730
329708.016538,383255.995085,0,189
329868.255846,383177.662774,0,525
329948.700841,383047.061359,0,59
329847.404735,382894.379582,0,730
329831.843076,383139.645861,0,617
329594.342953,382961.775803,0,730
329670.614148,383150.847941,0,245
330057.937954,382888.090769,0,730
330123.154014,382956.500347,0,730
329669.037421,383291.665731,0,212
329744.126687,382801.268696,0,730
329714.811269,382858.895683,0,180
329738.91383,383092.416613,0,708
329859.084925,382965.422663,0,730
330061.030422,382879.664063,0,688
330079.312041,382900.931387,0,683
329876.099073,382757.517086,0,730
329914.807317,382783.746192,0,362
329789.726135,383136.396231,0,384
330014.146087,382995.337209,0,730
329672.56248,382998.219016,0,730
329824.433087,383181.086646,0,730
329744.516116,382877.236466,0,730
330108.157459,382972.945156,0,437
329734.395324,383225.887178,0,339
329863.122376,383130.894053,0,370
329717.80751,383176.029676,0,730
329991.350453,383037.647146,0,730
329806.031687,382979.747242,0,730
329817.739012,382649.970567,0,171
329688.419443,382865.5803,0,98
329769.78139,382843.173248,0,469
329857.527638,382982.330529,0,594
329837.471088,382748.345887,0,730
329782.142586,382865.271358,0,618
329768.54795,383050.985358,0,221
330015.033985,382984.938647,0,495
329696.476329,383110.965958,0,444
330039.188524,383057.154525,0,676
329818.258689,382799.465399,0,730
329915.011037,383107.379315,0,504
329802.550861,383055.875043,0,246
329845.636297,382761.053436,0,730
330011.526831,383019.460468,0,730
330009.750349,382877.158563,0,615
329664.786551,382845.099004,0,491
329887.187297,382832.180198,0,701
329997.581528,383070.696961,0,693
329689.653597,383218.720525,0,276
329699.731545,383226.397356,0,93
329696.715,382921.151328,0,38
329648.852324,382958.288784,0,730
329677.544554,383009.60555,0,730
329794.278047,383127.004091,0,730
329945.321061,382934.743011,0,108
329712.839603,383045.416979,0,730
329920.105291,382789.571142,0,230
329775.532148,382919.461241,0,269
329810.917874,382683.8171,0,730
329872.823848,383072.278292,0,56
329723.519199,382771.268127,0,672
329925.038339,382978.770187,0,730
329749.790169,382702.642921,0,730
329936.891934,382777.567379,0,520
329970.389556,382947.885652,0,730
330073.057145,383002.167852,0,145
329594.742837,382954.734159,0,730
329734.337642,383088.825669,0,567
329737.138153,383237.394692,0,730
329687.592061,382990.639507,0,730
329742.728532,383065.564149,0,730
329756.060483,383161.736596,0,76
330022.337529,383053.468823,0,730
329750.375249,383224.047218,0,730
329730.477536,382882.082568,0,730
329664.875709,382920.410426,0,641
329797.28258,383059.492792,0,67
329771.729266,383157.240355,0,390
330027.488954,383032.536356,0,730
329772.171696,382754.043918,0,120
329625.083651,382941.275931,0,730
329933.413516,383008.505107,0,565
330007.16028,383054.202861,0,527
329743.341353,383094.580313,0,730
329758.421407,382703.057622,0,730
329673.887538,383181.792847,0,730
329718.784264,382823.57582,0,730
330138.628977,382962.193664,0,526
329837.606503,383188.213569,0,244
330095.321028,382992.310148,0,120
329916.072805,383109.849145,0,295
329812.733866,383140.796449,0,449
329806.621153,383042.578206,0,76
329732.951001,383244.471028,0,730
329625.131664,383124.679752,0,614
329793.006674,382823.955301,0,308
329908.574547,382890.059573,0,165
329718.196187,383008.13749,0,730
329837.300873,383136.706536,0,730
329599.547402,382966.366628,0,429
329587.877589,382983.87872,0,111
329693.635999,383089.29262,0,730
329997.600303,382913.684896,0,730
330120.651667,382948.164176,0,730
330028.554425,382991.74022,0,609
329631.82073,383168.110339,0,730
329887.448013,383001.521614,0,18
329734.914339,383078.894465,0,395
329748.017714,382976.738105,0,664
330121.411594,382933.841752,0,724
329773.544988,383215.69931,0,696
329821.575229,382827.984225,0,490
329779.356023,383127.635053,0,730
329840.729288,383123.40869,0,494
329812.517482,382797.764436,0,580
329655.562793,382852.750777,0,361
329899.248246,382970.560799,0,730
329606.021338,383134.259917,0,730
330032.914804,383036.130691,0,730
329604.358006,382939.463828,0,730
329969.917676,383098.259222,0,416
330021.297685,382864.848792,0,730
329972.274109,383089.423531,0,730
329812.02071,382787.520425,0,730
329816.051504,382778.438902,0,730
329834.750712,382797.326448,0,192
329821.313765,383085.475265,0,659
329996.163043,382898.15344,0,730
329700.006385,383251.260772,0,274
329588.973505,382955.997107,0,132
329890.33413,383058.964725,0,251
329774.846802,383195.080994,0,605
329745.96529,383056.281788,0,730
329797.177066,383133.875001,0,487
330070.131553,382966.513271,0,730
330138.926358,382957.53929,0,730
329851.890506,383179.881311,0,730
329932.834811,382974.157067,0,477
329679.996353,383140.063357,0,730
329839.455785,382987.853854,0,730
329632.030609,383231.932573,0,730
329993.210644,382845.285889,0,730
329947.301207,383052.03014,0,676
329753.130228,382912.841476,0,522
329769.963755,382919.207584,0,482
329653.270004,383231.983725,0,201
329736.5491,382906.186526,0,598
329757.280652,382813.47688,0,563
329620.718745,382907.560758,0,730
329670.275599,383210.193188,0,493
329797.143499,382983.968243,0,730
329811.610925,383208.951301,0,730
329844.898012,382986.02392,0,230
329862.185067,382911.753842,0,730
329698.950212,382861.652991,0,720
329836.996161,382677.965745,0,730
329763.982588,382690.278766,0,730
329803.942564,383014.498272,0,730
329841.276192,383107.481302,0,730
329877.365292,382942.087083,0,661
329627.409683,383029.409573,0,406
329598.782646,383115.444366,0,730
329827.971516,383037.265334,0,730
329642.333502,382964.210014,0,730
329912.355003,383006.686333,0,730
330142.055328,382946.841554,0,730
329823.559813,383189.930726,0,421
330007.751116,383042.530756,0,730
329586.373777,383045.630637,0,730
329904.103953,382964.983403,0,730
329808.519829,383105.384574,0,685
329794.706385,382854.066935,0,730
329635.668136,383182.307343,0,203
329751.117659,383238.089411,0,730
329926.93389,382979.78846,0,513
329757.566995,382854.462811,0,730
330009.415755,382945.809812,0,675
329616.254342,382939.143538,0,647
329811.959776,382748.831289,0,730
329682.610756,383145.308401,0,730
329781.38428,382959.804025,0,730
329602.843823,382946.43884,0,497
329930.564695,383133.621629,0,730
329769.675987,382900.209434,0,92
330040.558224,382958.512853,0,440
329750.014152,383091.822879,0,730
329753.99892,382926.893415,0,678
329654.833083,383000.205996,0,592
329773.924041,382942.532397,0,413
329732.834997,382910.154467,0,329
329788.450058,382827.415428,0,669
329745.69976,383159.61854,0,10
329712.561326,383027.575571,0,730
330037.760364,382907.479758,0,351
330118.740868,382950.2891,0,665
329974.611122,382965.672846,0,690
329936.049748,382878.399879,0,227
329679.538823,382986.769881,0,483
329814.061516,383127.313524,0,460
329902.822344,382677.680506,0,716
330096.750697,382941.240193,0,210
329605.307232,382929.041398,0,425
329608.560558,382989.679038,0,730
329673.01375,383020.812073,0,321
329658.580474,383195.633024,0,307
330004.168451,383076.127426,0,730
329644.950995,382964.26926,0,31
329723.724377,383062.95972,0,730
329758.981362,382946.651814,0,730
329755.982619,383073.818653,0,706
329818.424404,383179.389294,0,730
329732.84556,383007.314028,0,730
329693.176237,383115.306808,0,455
329878.917722,382839.776946,0,557
329874.868352,382765.994729,0,730
329741.838321,382745.741617,0,730
329847.402198,382951.142181,0,729
329657.420341,382922.666845,0,730
329768.948276,383019.659542,0,730
329721.211054,382966.735523,0,480
329954.808514,382834.456313,0,418
329703.038478,382981.626104,0,730
329846.474233,382789.06659,0,730
329991.022206,383021.741969,0,730
329750.315994,383129.948377,0,523
329835.083309,382973.759717,0,730
329850.038053,382857.360142,0,347
329689.512802,383059.053572,0,710
329890.361712,382772.262765,0,730
329990.217861,382890.856635,0,730
329787.36181,383183.018526,0,730
329674.219766,383017.458223,0,594
329875.091871,383137.739683,0,730
329813.091215,383142.6901,0,730
329889.686119,382954.879577,0,730
329760.065494,382777.411364,0,597
329926.142034,382961.564447,0,730
329983.614713,382989.845713,0,533
329771.188799,382736.419796,0,484
329681.221517,383280.3478,0,631
329753.984152,382709.953145,0,540
329667.896859,383253.050411,0,238
329684.26053,383159.462954,0,730
329894.379557,383158.411961,0,608
330078.309051,382965.177216,0,730
329592.002315,383023.266078,0,730
329653.816498,383239.856735,0,333
329886.655892,382841.113105,0,217
329603.106677,382949.587545,0,730
329996.422154,382927.366301,0,730
330031.936569,382989.251569,0,603
329892.987738,383066.886025,0,348
329907.831018,382993.229235,0,259
329757.253035,383135.695322,0,629
329984.865713,382884.184375,0,730
329922.346828,383001.440829,0,529
329709.129127,383164.423141,0,730
330031.485606,382869.564396,0,730
329839.712127,383032.581282,0,730
329792.528369,383225.440561,0,123
330064.220993,382969.614314,0,730
329913.495627,382791.131235,0,730
329880.430017,382769.744859,0,526
329774.221097,382700.762598,0,534
329668.020119,383299.900147,0,293
329668.777455,382952.68052,0,730
329959.276571,382921.652997,0,653
329912.530972,383086.63036,0,730
329709.587402,382868.316419,0,438
329869.474559,382854.612505,0,377
329704.229703,382965.996112,0,601
329845.196193,383142.629883,0,730
329659.860276,383176.462842,0,643
329890.607116,382953.059585,0,5
330131.246649,382981.564052,0,730
330026.736593,383030.000147,0,730
329804.358429,383144.147645,0,730
329962.42197,382994.473657,0,730
329822.921207,383091.05554,0,144
329845.024748,382821.912601,0,350
329663.823423,383281.832882,0,180
329703.453009,382981.355781,0,523
329839.915365,382953.147875,0,263
329659.514405,382965.925415,0,730
329753.414859,382966.959684,0,586
329871.741289,382952.124377,0,730
329804.559867,383034.593728,0,36
329665.797317,383156.623929,0,168
329864.762602,383086.436862,0,730
329776.058901,383029.636775,0,646
329931.067221,382869.879352,0,626
329915.992109,382877.173433,0,126
329621.930034,383081.062914,0,668
329732.679696,383025.608361,0,260
329740.874801,382786.105041,0,406
329911.513837,382967.672762,0,730
330028.829994,382881.340598,0,72
329804.644208,382700.532241,0,584
329883.713973,382931.064309,0,423
329788.96937,383204.677945,0,730
329823.097241,383040.251617,0,113
329809.830746,382792.407287,0,283
329749.308384,383262.246205,0,730
329796.227854,383195.599027,0,730
329769.234073,383180.535621,0,591
330013.217865,382939.815703,0,730
329949.373144,383099.181304,0,543
329679.436439,382920.224235,0,226
329870.916017,382889.44425,0,414
329989.967651,382910.993102,0,730
329900.34399,382987.738106,0,730
329772.38613,383048.298584,0,365
329804.263276,383039.188309,0,730
329801.094364,383216.679977,0,730
329791.805232,382945.255788,0,720
329732.877192,383145.501481,0,511
329953.421247,382817.679163,0,29
329923.860951,383069.427226,0,528
329683.167388,383223.128093,0,519
329612.567688,383121.841889,0,730
329789.760519,382640.362808,0,394
329913.654728,383042.676702,0,314
329925.602259,382862.970071,0,259
329753.586334,383043.676772,0,292
329914.455396,382814.361196,0,730
329911.354732,383100.428747,0,717
330079.266565,382898.492257,0,685
329632.871779,383110.868455,0,458
329733.975097,383106.0176,0,135
329922.294045,383121.52374,0,679
329738.498077,382788.095023,0,730
329973.310376,382820.845588,0,730
329715.864859,382864.377389,0,730
330056.621096,383025.397666,0,730
329730.828131,383022.600387,0,246
329724.599984,382850.369236,0,730
329620.978075,382929.618493,0,730
329897.548548,382868.001009,0,405
329962.322075,383033.798651,0,730
330030.082355,382999.254299,0,231
330060.651198,382937.118151,0,730
329579.466047,383006.018499,0,68
330067.443818,382958.114518,0,172
330057.033834,382973.412766,0,677
329852.855559,382963.812476,0,607
329709.679679,383058.939041,0,730
329868.709329,382972.921536,0,516
329660.312386,382947.937593,0,271
329661.451285,382908.058607,0,512
329662.240271,383071.00211,0,234
329915.8343,383105.456445,0,459
329731.784148,382853.828783,0,209
329900.446195,383088.162142,0,510
329662.593932,383045.259146,0,510
329654.486502,383232.831013,0,448
329884.729326,383048.372477,0,730
329626.004507,383084.495659,0,730
329700.690553,383229.46198,0,663
329998.289165,382925.714242,0,15
329691.873193,383274.32866,0,730
329752.412706,382711.668776,0,730
329660.410359,383266.591523,0,730
329739.773415,382871.518294,0,730
329968.94448,382981.093796,0,617
329914.751515,382688.922837,0,730
329651.415333,382996.653453,0,368
329780.214951,382730.807243,0,430
329636.203351,382874.01729,0,25
329706.161311,382809.272556,0,91
329943.388044,382766.788334,0,730
329915.977469,382880.445703,0,730
329942.277595,382758.972604,0,284
329869.144362,383106.193304,0,719
329581.616076,383024.132537,0,568
329918.984288,382735.026266,0,730
329803.327911,383150.929526,0,687
329821.954101,382686.620166,0,680
330051.632174,382884.073827,0,730
329842.082075,382711.928595,0,730
329634.671389,383166.380197,0,342
329917.922223,382972.906309,0,730
329858.446955,383078.701078,0,730
329760.771292,383035.740678,0,730
330037.796783,382890.863523,0,730
329669.288209,383031.431354,0,589
329897.537819,382985.324435,0,730
329766.968718,383055.304561,0,730
329835.553602,383077.404303,0,580
330089.398274,383008.30658,0,730
329989.45256,382893.815029,0,730
329848.393959,383118.039262,0,572
330026.323419,382885.416466,0,595
329794.489924,383210.618207,0,730
330069.060497,382995.478186,0,678
329741.796309,383268.709422,0,730
329593.440584,383077.636634,0,730
329964.337505,383081.496379,0,730
329826.370703,382795.959157,0,730
329800.828466,382772.645798,0,508
329637.919415,383161.039351,0,730
329692.384325,382836.363649,0,272
329828.841043,382965.218422,0,650
329817.732694,382987.803779,0,730
329884.367705,382690.772806,0,730
329796.350992,382889.971147,0,331
329812.551615,383215.916482,0,709
329783.481012,382771.944561,0,730
330008.851566,383075.28477,0,349
329615.069831,382975.937569,0,261
329698.902776,382773.612956,0,682
329773.604691,382914.333891,0,34
330029.131878,382995.005711,0,730
329955.365971,382842.249326,0,730
329874.461722,382891.806224,0,730
329811.845451,382668.59229,0,607
329687.075188,382852.554168,0,434
329933.639094,382972.405161,0,548
329805.123493,383212.979597,0,340
329674.867397,383211.829935,0,730
329853.165336,382839.891306,0,730
329928.575085,383104.088394,0,730
329642.990437,382866.625956,0,730
329816.585988,383128.602032,0,730
329821.119196,382856.242141,0,730
329636.526637,383101.356344,0,604
329748.678161,383189.859373,0,711
329652.569555,382878.207139,0,730
329878.258707,383101.1382,0,388
329717.752126,383243.984678,0,282
329718.5388,383170.177431,0,137
329668.083619,382853.737632,0,689
329921.955934,382956.107532,0,730
329803.185364,382856.280287,0,730
329705.273611,383148.599634,0,46
330096.104405,382907.485705,0,164
329778.877898,383036.546901,0,730
329992.095002,382870.671452,0,730
329883.9067,383065.654618,0,152
329800.177856,382828.103489,0,621
329854.443483,382703.84604,0,650
330016.033579,382932.950397,0,730
329664.053149,383197.122791,0,569
329669.249709,382938.492471,0,730
329749.338663,382848.377577,0,730
329725.302833,382896.812925,0,410
329898.208835,382805.36571,0,730
329871.541395,382979.15506,0,422
329768.090034,382893.472398,0,672
329887.290077,382842.241427,0,730
329861.634519,383130.320888,0,730
329659.935595,383130.390094,0,232
330068.842729,382944.121782,0,730
330007.758644,383042.603224,0,42
329814.634003,383073.666454,0,730
329625.921776,383050.702108,0,730
329966.974227,383112.772927,0,275
329762.857286,382723.542536,0,707
329822.504889,382644.371932,0,730
329751.762427,383029.069082,0,730
329717.681998,383043.07737,0,317
329964.993599,382987.212327,0,730
329777.682157,383077.418154,0,682
330095.769038,382955.707866,0,296
329973.170227,382900.203181,0,730
329928.852704,382808.598959,0,730
329894.479673,382776.621204,0,668
329668.802792,383057.801743,0,408
329593.080967,382995.384327,0,524
329752.761609,383132.561407,0,730
329639.368175,383151.07949,0,387
329939.978204,383060.391559,0,148
330000.778029,382993.660301,0,723
329931.446144,383110.777613,0,730
329637.467104,383062.161044,0,193
329704.048535,383231.159054,0,730
330048.889782,383040.037632,0,730
329895.277949,382953.646873,0,730
329694.999903,383063.871771,0,604
330039.415859,382945.566797,0,407
329812.544175,383017.330907,0,566
329695.426553,382856.313321,0,721
329600.074799,382965.226744,0,102
329972.655473,382848.330822,0,250
330033.236836,382956.277584,0,730
329832.506751,383100.147219,0,730
329753.250829,383192.935334,0,342
329726.435009,383060.464014,0,730
329858.042894,383097.695005,0,730
329743.921738,383081.279563,0,730
329751.626651,382939.332622,0,78
329834.587886,383134.941831,0,707
329826.230138,383134.559849,0,730
329843.443565,382815.41058,0,730
329831.331529,382730.577145,0,634
329943.615251,383077.92018,0,730
329934.908793,382877.75613,0,730
330074.134798,383026.5141,0,730
329841.505415,382903.792734,0,730
329822.652391,382790.228685,0,689
329959.748076,383027.008333,0,730
329626.345714,383033.340688,0,730
329685.365546,382967.503738,0,727
329859.078689,382711.203997,0,323
329671.96785,383232.984704,0,730
329829.748636,383051.745706,0,710
329809.434039,382866.584192,0,730
330003.909784,382886.282982,0,470
329760.916537,382978.092049,0,14
329963.81915,382959.571767,0,730
329987.384829,382876.192178,0,730
329917.515419,383049.951261,0,730
329633.660186,383270.721504,0,730
329626.303137,382955.539557,0,570
329663.304998,383022.352521,0,730
329642.200623,383186.08136,0,400
329874.088169,383041.638445,0,730
329888.943464,382699.159298,0,186
329843.777339,382649.897529,0,730
329926.483265,382840.621469,0,730
329758.241133,383096.055505,0,411
329989.422769,382987.018665,0,649
329777.627897,382840.771311,0,216
329815.615127,383149.969668,0,730
329929.881414,383020.48039,0,506
329845.801954,382709.335127,0,692
329871.224298,382766.791925,0,656
329761.848839,382738.25412,0,229
329859.251866,383070.995898,0,143
329920.737428,383032.272702,0,730
329766.185168,383142.474072,0,730
329912.469439,382873.754519,0,167
329651.437723,383208.490302,0,90
329877.74761,383063.922407,0,664
329879.693672,382891.625146,0,256
329878.872415,383067.59114,0,730
330067.558393,382939.39562,0,730
329696.230018,383083.115208,0,641
330057.448312,383018.896276,0,616
329840.063243,382672.736515,0,462
329816.576381,382696.090763,0,702
329843.884181,383177.87958,0,698
329752.781584,382856.832533,0,730
329898.486015,382774.376594,0,730
329993.222931,382880.890076,0,433
329760.37662,383002.96996,0,730
329698.621573,383003.770024,0,730
329723.977194,383195.886892,0,730
329967.453179,383044.0898,0,184
329825.499173,382820.795058,0,434
329946.233419,382857.606122,0,71
329956.408596,382819.86684,0,41
329873.028596,382941.308963,0,730
329925.771874,382759.618324,0,730
329572.503554,383006.909489,0,730
329881.887112,382678.194378,0,730
329744.796655,383095.379001,0,730
329900.470747,382910.598725,0,696
329680.284905,383238.897836,0,527
329930.934365,382933.228596,0,730
329751.497549,383260.782204,0,730
330012.853394,382906.800669,0,513
329574.612792,383040.055868,0,730
329745.438703,382875.880222,0,730
329899.762889,383105.330851,0,730
329617.596816,383133.574679,0,730
329918.694965,383115.564413,0,667
329818.57974,382710.258893,0,65
329834.755058,382935.044101,0,730
330136.1186,382991.693343,0,730
330014.514555,382881.183634,0,576
330031.296373,382878.748302,0,466
329581.443905,383079.19689,0,730
329709.466099,383086.008105,0,53
329738.7879,383009.069408,0,715
329599.198163,382951.222454,0,501
329878.775811,383012.668156,0,726
329724.570436,382952.52888,0,730
329714.540261,382828.81685,0,730
329909.025013,383038.13005,0,730
330057.313729,383028.228471,0,730
329836.359529,383107.296068,0,730
329850.497115,382990.226367,0,730
329678.000445,382824.997749,0,730
329584.014234,382971.446068,0,160
329806.943332,382997.070091,0,365
329816.238387,383044.782673,0,730
329598.473967,383113.107138,0,728
329770.290963,383127.695136,0,702
329623.248846,383046.415666,0,730
329863.695525,382907.902393,0,730
329902.972378,382751.284087,0,730
329769.165545,383125.568744,0,730
329751.611135,383150.968127,0,730
329569.555814,383043.137719,0,730
329667.247966,383139.656659,0,730
329588.11345,383120.846819,0,267
329606.93319,383159.486887,0,368
329839.616755,382803.983609,0,189
329866.418416,382844.364229,0,646
329729.215092,383168.517499,0,635
329739.92599,382987.89522,0,371
329817.229573,382672.209551,0,712
330033.999036,382978.818782,0,367
330014.22034,383016.344306,0,730
329822.230041,383001.474843,0,653
329606.873481,383170.627823,0,132
329732.299089,382976.794412,0,730
329819.024271,382768.228623,0,69
329783.329791,382982.115713,0,310
329884.397029,382977.681769,0,426
329892.69838,382896.675595,0,730
329879.674613,382715.036924,0,730
330025.391756,382961.408006,0,432
329659.17715,383295.188739,0,730
329880.40351,382855.023008,0,656
329614.245936,383036.563747,0,730
329908.635094,382949.451304,0,730
329743.718599,383141.524892,0,600
329792.063878,382660.063732,0,644
329903.719572,382835.712736,0,620
329742.310437,383084.443967,0,730
329788.227806,382873.976397,0,265
329708.820959,383206.843518,0,659
329838.003786,383134.328778,0,730
329712.481119,383141.771594,0,223
329797.869504,382845.267168,0,730
329960.543927,382843.993199,0,730
329795.366774,382713.704418,0,361
329621.480412,383011.272207,0,730
329891.856767,382736.950604,0,730
329696.144654,383195.531148,0,730
329837.165963,382776.236499,0,637
329847.866423,382686.08801,0,60
329637.188917,383038.500755,0,301
329656.377405,383070.106885,0,730
329924.782139,382896.984418,0,730
329886.189281,383093.532101,0,730
329852.403286,382960.61099,0,464
329655.020111,383056.824489,0,730
329611.347519,383056.679606,0,730
329744.640317,382903.78155,0,730
329952.779944,382913.228522,0,428
330005.68907,382924.177553,0,730
330015.363577,382871.097126,0,730
329953.087439,382958.070327,0,627
329608.782919,382957.334006,0,730
329987.700564,383066.397981,0,730
330101.484739,382987.49175,0,726
330108.295199,382974.191797,0,730
329871.363456,382733.156808,0,297
329903.53492,382735.297769,0,642
329657.793716,382905.439434,0,730
330032.491009,382905.586043,0,730
329952.346591,382974.354061,0,509
329663.490438,382874.724609,0,730
329832.457538,383147.639256,0,456
329816.89111,382767.59239,0,730
329578.237877,382968.51395,0,69
329883.234816,382665.503839,0,403
329751.399314,382982.003612,0,730
329871.223702,382702.443557,0,730
329703.321055,383236.717695,0,298
329811.619722,383050.95543,0,614
329759.885079,382782.47076,0,730
329660.164061,382927.361117,0,700
329857.666374,382767.995766,0,577
329844.530541,383151.20864,0,730
329686.779827,383108.641514,0,92
329889.633996,383137.736009,0,648
329824.899277,382769.79932,0,730
329767.436218,382808.974231,0,64
329655.728714,382918.69408,0,730
329734.414091,382821.250137,0,730
329666.056892,383051.952189,0,730
329680.195499,382977.385781,0,585
329854.018206,382760.833686,0,683
329683.275409,383067.673111,0,730
329657.825931,383203.45938,0,730
329578.168969,383023.59713,0,547
329785.508549,383206.884374,0,722
329944.057714,382829.638495,0,730
329825.300446,382769.192594,0,583
329826.643849,383131.140524,0,293
329595.596107,383065.148392,0,183
329717.450629,383232.383691,0,84
330041.842963,382960.308717,0,565
329626.546189,383124.841961,0,730
330063.679639,383019.887735,0,730
329793.961389,383104.930314,0,257
329771.944585,382936.209874,0,730
329767.820009,383074.900051,0,199
329746.112393,382809.872334,0,730
329605.548384,383017.747726,0,161
329771.212864,383072.869653,0,730
329920.844749,382731.989275,0,315
329603.103581,382987.364518,0,268
329832.854625,383143.450125,0,730
329672.729812,383124.678072,0,631
329710.881249,382753.861301,0,564
329873.096296,383003.673943,0,627
329865.62277,383095.901244,0,603
329632.646639,382945.716507,0,311
329679.899549,382923.343807,0,518
329703.764033,382887.107863,0,423
329903.652689,383111.985538,0,538
329861.017395,383018.964413,0,679
329710.267268,383024.74592,0,622
329744.164449,383153.375955,0,508
330050.532645,382908.989472,0,730
329786.535862,382858.378595,0,730
329828.99649,382921.004132,0,670
329870.743666,382807.520166,0,730
330040.975433,382930.618945,0,730
329766.706235,382898.595456,0,730
329628.630356,383159.800902,0,459
329743.926803,383251.990308,0,520
329868.43628,383007.96208,0,318
330099.65686,382938.124735,0,730
329699.086918,382954.782326,0,730
329707.348448,382965.149839,0,218
329790.870453,382877.789632,0,730
329690.769174,383255.638996,0,727
329844.17487,382695.966769,0,730
329716.605301,382782.509311,0,489
329786.968733,383130.948748,0,148
329688.702808,382990.277219,0,730
330047.042171,383011.229879,0,730
329785.559778,383144.245971,0,730
329671.799789,383207.963545,0,721
329851.33823,382741.755789,0,391
329684.76199,383276.687338,0,730
329819.65183,383106.805717,0,730
329995.727568,382969.693477,0,730
329852.646481,383138.461595,0,239
329799.105817,382914.185367,0,730
329848.322076,382649.683,0,62
329763.65731,382709.361861,0,525
329871.092241,382723.542228,0,730
329719.025188,382893.326642,0,652
329764.033258,382903.964545,0,83
329896.855181,382741.639179,0,730
329632.275594,383003.018798,0,593
329924.626415,382713.985679,0,730
329850.866031,382834.442015,0,730
329937.14967,382993.960082,0,705
329656.132273,383015.554681,0,730
329838.488856,382752.232712,0,730
329909.299548,383135.474242,0,200
329688.947077,383036.353378,0,519
329760.670997,382802.251365,0,498
330031.364388,382949.682592,0,665
329792.162194,383233.539074,0,730
330023.838127,382865.707615,0,730
329569.831282,383046.139298,0,588
330034.647497,383040.377552,0,623
329578.448919,382994.77867,0,371
329611.799475,383086.835286,0,730
329823.495772,383041.200237,0,730
329732.683326,383207.036373,0,436
329635.127154,383055.692749,0,730
329958.149479,382777.691846,0,730
329785.518304,382833.765785,0,321
329883.524695,382697.638652,0,621
330025.44389,383060.509047,0,311
329857.647934,382839.014422,0,730
329705.542664,383028.903436,0,730
329865.045759,383036.680134,0,144
329875.824509,382865.242094,0,622
329917.855587,382774.899202,0,730
329691.375843,383207.106218,0,730
329872.768433,382992.078238,0,468
329612.144647,382916.977894,0,730
329957.216542,382825.513843,0,730
329647.822784,383235.556624,0,730
329591.366938,382964.892899,0,730
329684.320882,383039.823473,0,128
329791.168707,382897.215749,0,553
329627.686092,382918.881251,0,247
329689.994748,382925.336832,0,730
329842.855823,383021.261012,0,319
329593.878401,382987.965829,0,417
329868.166744,383173.002555,0,32
329739.097253,383045.940901,0,730
329880.883856,382900.644366,0,730
329833.998305,382657.853763,0,730
329659.173596,383149.61858,0,673
329972.161987,382905.005833,0,612
329826.483096,382705.078483,0,127
329892.883285,383154.113515,0,640
329746.680009,383043.757487,0,730
329644.074847,382955.982947,0,730
329764.752419,382913.82257,0,730
329889.390751,382881.674506,0,730
329830.482288,382754.656458,0,154
329861.118193,382836.477313,0,730
329623.005732,382965.685819,0,606
329894.501167,382865.962982,0,730
329776.310591,383211.375189,0,730
329693.509722,382871.110274,0,501
329805.457271,382658.902283,0,301
329731.40531,383188.308607,0,543
329936.567926,382884.393678,0,730
329781.070832,382863.34446,0,730
329670.824712,383060.916352,0,730
329799.017961,382710.476422,0,730
330010.573529,382913.358001,0,505
329640.16221,383149.25031,0,630
329875.498908,382903.399624,0,75
329885.327163,382948.190006,0,730
329694.504075,382789.560913,0,730
329863.257055,382977.728744,0,480
329724.71522,383275.383282,0,730
329932.363364,382876.751157,0,730
329677.221282,383031.394062,0,730
330122.741026,382994.503135,0,596
329893.79449,383104.622686,0,690
329747.83492,382766.428754,0,730
329968.50027,382996.420153,0,730
329818.69357,382853.15016,0,730
329695.349707,383054.848886,0,109
329700.937751,383253.537421,0,730
329846.21503,382945.872032,0,531
329865.337066,382666.861094,0,730
329734.963049,382943.786711,0,730
329757.861384,383161.552255,0,730
329829.941155,382820.721455,0,394
329817.422074,382833.391951,0,730
329753.901653,383137.291474,0,730
