331185.819026,383725.074901,0,730
331223.699822,383780.276928,0,730
331219.817801,383863.560137,0,730
331152.104938,383733.289504,0,730
331152.594822,383788.347304,0,730
331250.022584,383860.715732,0,730
331163.94593,383826.530915,0,730
331203.247853,383850.553649,0,730
331145.675878,383929.606267,0,730
331163.724029,383666.349405,0,730
331185.340146,383845.20361,0,730
331221.887123,383719.332487,0,730
331128.497092,383833.730789,0,730
331163.623515,383587.139529,0,730
331301.825953,383656.722989,0,730
331178.594221,383651.116959,0,730
331268.115271,383725.262644,0,730
331216.270433,383690.592159,0,730
331223.69378,383663.438248,0,730
331161.295615,383729.81936,0,730
331224.623575,383708.620524,0,730
331297.586301,383672.413202,0,730
331157.934662,383698.530079,0,730
331184.906168,383587.631526,0,730
331237.745981,383847.69289,0,730
331265.63997,383777.454225,0,730
331221.520997,383880.292748,0,730
331202.502686,383863.217146,0,730
331202.397576,383681.890786,0,730
331279.878493,383756.276906,0,730
331276.475105,383682.134229,0,730
331141.045112,383743.463555,0,730
331269.457066,383648.229007,0,730
331299.655233,383673.385221,0,730
331178.702096,383867.632792,0,730
331161.738702,383763.319319,0,730
331187.523085,383919.741893,0,730
331185.395578,383714.773763,0,730
331163.121205,383843.024952,0,730
331159.697887,383840.720877,0,730
331160.161977,383672.37567,0,730
331182.123779,383622.537452,0,730
331228.581968,383614.941886,0,730
331168.274239,383731.480356,0,730
331169.984384,383740.746815,0,730
331191.873235,383886.01968,0,730
331224.313299,383708.37926,0,730
331255.575747,383768.666207,0,730
331258.176465,383746.112835,0,730
331247.759024,383686.488485,0,730
331313.359463,383685.30487,0,730
331230.297774,383828.248542,0,730
331303.477108,383673.914097,0,730
331286.036247,383683.151937,0,730
331122.950131,383887.854722,0,730
331209.055429,383906.959743,0,730
331214.701987,383869.068703,0,730
331224.794802,383651.777503,0,730
331280.972837,383627.433302,0,730
331229.352704,383679.193647,0,730
331149.662585,383914.275184,0,730
331305.291012,383654.531004,0,730
331190.706492,383890.196242,0,730
331220.749594,383713.927478,0,730
331245.899087,383731.005119,0,730
331142.523229,383704.285774,0,730
331278.940107,383623.691585,0,730
331179.401901,383926.287002,0,730
331134.780062,383788.375809,0,730
331201.281479,383746.952261,0,730
331182.000383,383712.422727,0,730
331107.820588,383762.259681,0,730
331240.139187,383859.512716,0,730
331165.778342,383623.697867,0,730
331240.254976,383798.918415,0,730
331217.434612,383638.920935,0,730
331195.69039,383812.555561,0,730
331252.919017,383669.559821,0,730
331269.423284,383647.619196,0,730
331312.672879,383658.06621,0,730
331232.715541,383861.077926,0,730
331219.820388,383816.806647,0,730
331209.396664,383605.064904,0,730
331150.721292,383840.262363,0,730
331109.584686,383794.066274,0,730
331229.068734,383838.134299,0,730
331166.926523,383833.168521,0,730
331112.425793,383871.337382,0,730
331149.463858,383702.062975,0,730
331158.852541,383756.280213,0,730
331290.44851,383744.014838,0,730
331098.555626,383836.307308,0,730
331266.193691,383760.399019,0,730
331139.344947,383858.704776,0,730
331292.765388,383618.958347,0,730
331179.569803,383833.352288,0,730
331151.565792,383751.077705,0,730
331171.901849,383824.814562,0,730
331152.397569,383776.804473,0,730
331184.060689,383866.447271,0,730
331285.039327,383743.937483,0,730
331188.862448,383600.264189,0,730
331230.831758,383628.200198,0,730
331339.953554,383663.252578,0,730
331168.789802,383575.413497,0,730
331224.624865,383885.735006,0,730
331156.130748,383728.54789,0,730
331229.165912,383860.962049,0,730
331210.389692,383739.160366,0,730
331148.305798,383775.89729,0,730
331196.660218,383627.547722,0,730
331134.77921,383809.453381,0,730
331205.283101,383769.675148,0,730
331129.59491,383783.080977,0,730
331219.451491,383856.04293,0,730
331178.068544,383724.2581,0,730
331163.80819,383649.479674,0,730
331140.145007,383827.257089,0,730
331197.66731,383910.180914,0,730
331208.86092,383760.749377,0,730
331231.035476,383740.403407,0,730
331261.578007,383682.985261,0,730
331240.236605,383719.283685,0,730
331237.74246,383876.721083,0,730
331187.053651,383613.349538,0,730
331235.096983,383786.733318,0,730
331160.063439,383846.438333,0,730
331165.805748,383830.181371,0,730
331092.660964,383778.249235,0,730
331296.346236,383645.001509,0,730
331236.68725,383702.150586,0,730
331135.139068,383882.932271,0,730
331202.912379,383714.111379,0,730
331238.992062,383734.124574,0,730
331207.660688,383823.472595,0,730
331251.645832,383666.565761,0,730
331235.145155,383638.839636,0,730
331230.312652,383854.829515,0,730
331123.257187,383881.780867,0,730
331184.993565,383708.304534,0,730
331325.882038,383681.724237,0,730
331202.903044,383785.677381,0,730
331298.581485,383633.083888,0,730
331139.009588,383740.761198,0,730
331267.989107,383624.4115,0,730
331277.72406,383606.237152,0,730
331202.666288,383652.03548,0,730
331217.031156,383779.067919,0,730
331168.464943,383677.036654,0,730
331183.449315,383593.390353,0,730
331320.388877,383678.833698,0,730
331292.958931,383681.109508,0,730
331242.28718,383702.385141,0,730
331246.606536,383618.541019,0,730
331216.223056,383684.683963,0,730
331201.817528,383692.288795,0,730
331115.980855,383856.598046,0,730
331152.505522,383905.924606,0,730
331158.624588,383639.283073,0,730
331206.052186,383753.091685,0,730
331163.986877,383620.930642,0,730
331179.377809,383756.083006,0,730
331275.987369,383658.243441,0,730
331194.98335,383801.133729,0,730
331222.50219,383611.687331,0,730
331172.275389,383810.376436,0,730
331147.25893,383721.998989,0,730
331231.62318,383868.18351,0,730
331248.45279,383743.479962,0,730
331125.091346,383749.443831,0,730
331217.038087,383820.62319,0,730
331155.261356,383719.455785,0,730
331179.862531,383635.605486,0,730
331087.99929,383811.304951,0,730
331157.370527,383875.392183,0,730
331321.274854,383684.017881,0,730
331177.545302,383745.297015,0,730
331170.093065,383676.508903,0,730
331232.251985,383619.000191,0,730
331101.705247,383779.076065,0,730
331207.746688,383641.69527,0,730
331257.913916,383847.102331,0,730
331188.668922,383635.417368,0,730
331183.995096,383755.690112,0,730
331126.309981,383780.641339,0,730
331122.00007,383746.033349,0,730
331179.258101,383903.103356,0,730
331216.550659,383724.202838,0,730
331243.424692,383832.473513,0,730
331283.510863,383673.43442,0,730
331256.611448,383746.676131,0,730
331116.501754,383885.381129,0,730
331205.146145,383777.539887,0,730
331198.682503,383758.461382,0,730
331111.288648,383863.431313,0,730
331143.191878,383916.707319,0,730
331212.368532,383789.288059,0,730
331196.708752,383686.497929,0,730
331173.355983,383864.824954,0,730
331170.479312,383782.42116,0,730
331276.056879,383681.805958,0,730
331255.851956,383742.336744,0,730
331207.416563,383668.985526,0,730
331104.332066,383792.851073,0,730
331118.505806,383824.004826,0,730
331209.587386,383767.16945,0,730
331273.672801,383748.701698,0,730
331152.759735,383777.979146,0,730
331213.334617,383726.90644,0,730
331147.09462,383881.15242,0,730
331255.414749,383759.811501,0,730
331226.650988,383600.148881,0,730
331161.576842,383769.071986,0,730
331190.417414,383720.737641,0,730
331203.567134,383600.321188,0,730
331168.209227,383938.083942,0,730
331191.590594,383849.115735,0,730
331166.328571,383778.647608,0,730
331156.857779,383860.900231,0,730
331252.760884,383619.331045,0,730
331153.985419,383827.623963,0,730
331152.459727,383774.434206,0,730
331201.529981,383599.440676,0,730
331240.778169,383616.41331,0,730
331180.620373,383644.933091,0,730
331169.784803,383625.964725,0,730
331194.235901,383635.583299,0,730
331255.873537,383641.377141,0,730
331242.100592,383677.615199,0,730
331173.571209,383899.879974,0,730
331173.318057,383683.446542,0,730
331160.826939,383675.660847,0,730
331210.551374,383893.375848,0,730
331176.233498,383897.868264,0,730
331140.455509,383880.241729,0,730
331140.188235,383848.200087,0,730
331226.586839,383685.666139,0,730
331197.522844,383834.018323,0,730
331208.036218,383860.75933,0,730
331158.228992,383775.886032,0,730
331103.565856,383781.01639,0,730
331181.864309,383619.88957,0,730
331277.985978,383636.696193,0,730
331246.701583,383621.229695,0,730
331238.114737,383758.953915,0,730
331164.149399,383785.29938,0,730
331326.457617,383678.615458,0,730
331168.601288,383751.595637,0,730
331184.348145,383850.980187,0,730
331212.301705,383666.142511,0,730
331239.39664,383683.299152,0,730
331263.944023,383642.08661,0,730
331224.09697,383888.164125,0,730
331172.023555,383809.04356,0,730
331232.041229,383833.773608,0,730
331174.348394,383761.910655,0,730
331192.777741,383600.412883,0,730
331303.74876,383703.119013,0,730
331165.85416,383932.941502,0,730
331171.53678,383721.114159,0,730
331209.137038,383827.37116,0,730
331224.361858,383806.008003,0,730
331243.55429,383775.710441,0,730
331134.700836,383914.498201,0,730
331223.084903,383603.690048,0,730
331212.827999,383738.539635,0,730
331269.795985,383653.753259,0,730
331176.055159,383753.013386,0,730
331134.370941,383861.010487,0,730
331292.108684,383670.000797,0,730
331240.744235,383756.54624,0,730
331284.849077,383696.113258,0,730
331223.836417,383872.990929,0,730
331164.788101,383622.563712,0,730
331120.345524,383789.437148,0,730
331229.780323,383853.281799,0,730
331263.855261,383630.241852,0,730
331221.104798,383881.648385,0,730
331183.543395,383697.235172,0,730
331162.512266,383770.806002,0,730
331291.50377,383620.012369,0,730
331282.517488,383684.605635,0,730
331123.318225,383766.893149,0,730
331263.395373,383649.388072,0,730
331191.442393,383687.637552,0,730
331137.740867,383891.942574,0,730
331287.906633,383716.52265,0,730
331308.174974,383712.114026,0,730
331163.050291,383839.574577,0,730
331225.544749,383881.031563,0,730
331297.585769,383695.874208,0,730
331178.742355,383637.336379,0,730
331262.34988,383714.448066,0,730
331266.540324,383769.288879,0,730
331153.106566,383718.788805,0,730
331196.596171,383745.08757,0,730
331238.2435,383654.167952,0,730
331131.42358,383854.259605,0,730
331246.424512,383737.305466,0,730
331132.368872,383780.676665,0,730
331289.191045,383668.259456,0,730
331132.939342,383815.856764,0,730
331207.13478,383878.770776,0,730
331209.238495,383642.023323,0,730
331194.549076,383786.123311,0,730
331159.264909,383612.221672,0,730
331211.66631,383804.797242,0,730
331213.042425,383628.435558,0,730
331277.037922,383710.671161,0,730
331189.110199,383776.890452,0,730
331116.459462,383884.478038,0,730
331190.500229,383749.334675,0,730
331185.018221,383846.184408,0,730
331110.239618,383778.175718,0,730
331242.064314,383871.315424,0,730
331153.669587,383716.673955,0,730
331231.153615,383598.589465,0,730
331219.098592,383692.169591,0,730
331288.611377,383663.451575,0,730
331079.124619,383785.045754,0,730
331169.059053,383912.173444,0,730
331231.743011,383600.018081,0,730
331104.786546,383788.263499,0,730
331197.085264,383826.040952,0,730
331147.026035,383832.463182,0,730
331232.187452,383867.914565,0,730
331284.096289,383663.648674,0,730
331190.289174,383837.782071,0,730
331170.999424,383631.295096,0,730
331216.403582,383831.671348,0,730
331099.451707,383820.477397,0,730
331193.506561,383728.853336,0,730
331161.71011,383609.68704,0,730
331165.152443,383827.436235,0,730
331277.620459,383611.937624,0,730
331164.291159,383717.79588,0,730
331218.474581,383666.055303,0,730
331126.769888,383863.124444,0,730
331119.617279,383818.191431,0,730
331116.39578,383834.970724,0,730
331155.196168,383883.901311,0,730
331217.347467,383724.625536,0,730
331127.19798,383897.981137,0,730
331214.155197,383735.509256,0,730
331316.09757,383655.851038,0,730
331322.297567,383697.717992,0,730
331149.47825,383888.144513,0,730
331229.874048,383728.254873,0,730
331293.903086,383650.956413,0,730
331198.328209,383719.514823,0,730
331246.321815,383672.490062,0,730
331165.114629,383725.732442,0,730
331240.043171,383699.646714,0,730
331202.691615,383896.154789,0,730
331231.058829,383692.912436,0,730
331187.185966,383929.869888,0,730
331129.581779,383908.214885,0,730
331161.784025,383595.79284,0,730
331152.935898,383673.397493,0,730
331143.832109,383763.472765,0,730
331216.805656,383898.775614,0,730
331175.915053,383794.610596,0,730
331171.441194,383677.37731,0,730
331169.478364,383883.999663,0,730
331179.868474,383866.057328,0,730
331200.748975,383587.216721,0,730
331233.086419,383783.579919,0,730
331165.713527,383647.125234,0,730
331119.497072,383789.515888,0,730
331193.086997,383917.536278,0,730
331085.013399,383796.779472,0,730
331270.954418,383642.114568,0,730
331196.892333,383769.274554,0,730
331242.840453,383614.741831,0,730
331207.977852,383633.286876,0,730
331266.164664,383610.252164,0,730
331149.021106,383739.169994,0,730
331182.608854,383929.520146,0,730
331176.797944,383893.17826,0,730
331232.354912,383783.308029,0,730
331224.540549,383765.449582,0,730
331191.040029,383765.900855,0,730
331169.783488,383561.623064,0,730
331132.44755,383810.026911,0,730
331345.486706,383676.141738,0,730
331181.097803,383626.728583,0,730
331204.082498,383883.883201,0,730
331199.711208,383715.152929,0,730
331205.558833,383620.156335,0,730
331133.858863,383757.465277,0,730
331200.876588,383741.2076,0,730
331208.096077,383658.585327,0,730
331285.451753,383654.09243,0,730
331247.470227,383858.280224,0,730
331256.915015,383630.067884,0,730
331170.312496,383593.569345,0,730
331188.444678,383698.72298,0,730
331125.687049,383778.016491,0,730
331186.222294,383828.003694,0,730
331146.885559,383702.042134,0,730
331200.89234,383676.660535,0,730
331184.106241,383597.62602,0,730
331234.949229,383746.693228,0,730
331116.959611,383826.939953,0,730
331153.390619,383736.092255,0,730
331115.690647,383869.851183,0,730
331303.272686,383659.531309,0,730
331164.989414,383844.121134,0,730
331198.426572,383592.645036,0,730
331294.046286,383669.230811,0,730
331113.477887,383786.611649,0,730
331286.693016,383676.173962,0,730
331242.494038,383652.20856,0,730
331301.482413,383657.418617,0,730
331227.597707,383727.206435,0,730
331180.03527,383659.122488,0,730
331254.492252,383845.410929,0,730
331235.641371,383640.909372,0,730
331285.196216,383652.261594,0,730
331224.299738,383868.546174,0,730
331278.622644,383695.092546,0,730
331182.642003,383714.146161,0,730
331194.096979,383598.027336,0,730
331237.266957,383690.308464,0,730
331229.483255,383878.114352,0,730
331248.153477,383645.174714,0,730
331226.074981,383626.623799,0,730
331251.577468,383786.665991,0,730
331170.566006,383715.227525,0,730
331180.677979,383658.31905,0,730
331143.893873,383798.316456,0,730
331222.828742,383612.451214,0,730
331270.151517,383727.222696,0,730
331314.959137,383715.868943,0,730
331156.539546,383672.732511,0,730
331191.276809,383874.715771,0,730
331096.477387,383786.671085,0,730
331211.929828,383666.662589,0,730
331202.871746,383632.663583,0,730
331206.208095,383777.877418,0,730
331212.411466,383763.352416,0,730
331200.572043,383595.219308,0,730
331235.226576,383634.895815,0,730
331179.780378,383592.653801,0,730
331244.92687,383701.57901,0,730
331174.465178,383647.711383,0,730
331143.259136,383870.089971,0,730
331115.483532,383816.074632,0,730
331255.090268,383765.255152,0,730
331192.40018,383731.314466,0,730
331291.149794,383646.412883,0,730
331254.203764,383758.151087,0,730
331259.438686,383783.943197,0,730
331261.73561,383763.955027,0,730
331319.176682,383701.935154,0,730
331195.434621,383777.817557,0,730
331202.079733,383614.419356,0,730
331245.271971,383684.53325,0,730
331188.590464,383928.60351,0,730
331271.95344,383696.41014,0,730
331166.539639,383814.148562,0,730
331276.988623,383746.529962,0,730
331168.92487,383871.385915,0,730
331231.256116,383804.680352,0,730
331290.688315,383694.520696,0,730
331272.777046,383755.021797,0,730
331201.051377,383902.878529,0,730
331267.07493,383628.356323,0,730
331169.722042,383927.092449,0,730
331172.638338,383688.595016,0,730
331179.005835,383841.113075,0,730
331170.144631,383656.629667,0,730
331272.537518,383641.188043,0,730
331227.686887,383873.736053,0,730
331303.989222,383629.14642,0,730
331222.425106,383715.994948,0,730
331108.897236,383818.257263,0,730
331182.002437,383929.29084,0,730
331233.818815,383825.144894,0,730
331119.414102,383819.506969,0,730
331229.887678,383812.02108,0,730
331159.86113,383785.673674,0,730
331210.245599,383786.456624,0,730
331287.540264,383709.200813,0,730
331197.319782,383714.475133,0,730
331233.304683,383706.870137,0,730
331263.432224,383613.708082,0,730
331221.07561,383774.208202,0,730
331211.557666,383595.781076,0,730
331138.85645,383897.687287,0,730
331246.878258,383851.462163,0,730
331114.15951,383871.867966,0,730
331251.614799,383759.63789,0,730
331158.412992,383818.225768,0,730
331234.240871,383802.088401,0,730
331164.075052,383769.746843,0,730
331280.912986,383707.878562,0,730
331298.425937,383625.307135,0,730
331191.150394,383607.000999,0,730
331178.148533,383915.472166,0,730
331206.345047,383624.951208,0,730
331280.738168,383676.872209,0,730
331212.78507,383644.86265,0,730
331201.986224,383743.583354,0,730
331245.219385,383715.924739,0,730
331122.765064,383896.437303,0,730
331220.996174,383830.871756,0,730
331104.762934,383835.119072,0,730
331193.169493,383649.288747,0,730
331185.790392,383919.360071,0,730
331154.210604,383726.909961,0,730
331094.423034,383778.898824,0,730
331178.429904,383612.077653,0,730
331207.599975,383852.800913,0,730
331214.266254,383890.393275,0,730
331121.326023,383823.893886,0,730
331249.996623,383686.550458,0,730
331255.769728,383741.2355,0,730
331312.469851,383658.972993,0,730
331134.727974,383802.640821,0,730
331261.776151,383724.198945,0,730
331233.319119,383878.118558,0,730
331167.080242,383762.194473,0,730
331316.487949,383666.597205,0,730
331146.027651,383754.600297,0,730
331244.971343,383691.288839,0,730
331239.239747,383781.828767,0,730
331301.728248,383660.442967,0,730
331110.374042,383794.208351,0,730
331169.097685,383702.95195,0,730
331168.46397,383939.583696,0,730
331234.678471,383604.306041,0,730
331229.293351,383847.424043,0,730
331194.907509,383653.589071,0,730
331142.36815,383734.656583,0,730
331228.770476,383871.103422,0,730
331096.911894,383809.997898,0,730
331266.328533,383695.568657,0,730
331157.591948,383922.383502,0,730
331222.387522,383776.198127,0,730
331229.886845,383744.621732,0,730
331197.388219,383635.168919,0,730
331280.029277,383714.895551,0,730
331201.495096,383817.333841,0,730
331329.764987,383664.829906,0,730
331163.568104,383610.757629,0,730
331254.84464,383785.743227,0,730
331201.414135,383896.953435,0,730
331297.278149,383626.843157,0,730
331213.59601,383849.052274,0,730
331302.862251,383653.248142,0,730
331139.94941,383876.271931,0,730
331188.159978,383874.809564,0,730
331115.453333,383754.879112,0,730
331109.24528,383820.424153,0,730
331242.770409,383610.175736,0,730
331296.411262,383622.824337,0,730
331119.805683,383758.745386,0,730
331256.204295,383664.340047,0,730
331233.252091,383805.525311,0,730
331157.642647,383666.551785,0,730
331264.528839,383726.930701,0,730
331277.181634,383713.820105,0,730
331252.477292,383850.481698,0,730
331225.984115,383676.069103,0,730
331180.658557,383734.978945,0,730
331187.287011,383776.894046,0,730
331157.339741,383831.710139,0,730
331303.518898,383684.330513,0,730
331230.814358,383759.939527,0,730
331128.715754,383789.740673,0,730
331138.342958,383729.331225,0,730
331187.591207,383621.138286,0,730
331223.10602,383792.870715,0,730
331285.150553,383740.129189,0,730
331251.660736,383722.691589,0,730
331266.801908,383701.032306,0,730
331297.702289,383672.393496,0,730
331197.37432,383774.377217,0,730
331277.029775,383619.41494,0,730
331132.955884,383747.618088,0,730
331292.553354,383645.643141,0,730
331166.204161,383892.893889,0,730
331161.25334,383807.232672,0,730
331125.117053,383840.67051,0,730
331168.296004,383827.961778,0,730
331211.425953,383614.014922,0,730
331186.47063,383824.018946,0,730
331171.770967,383887.671703,0,730
331299.07438,383675.630388,0,730
331150.515722,383719.770309,0,730
331274.122051,383605.311497,0,730
331273.477557,383613.66634,0,730
331234.145551,383664.48372,0,730
331205.65285,383743.421676,0,730
331123.488283,383759.660229,0,730
331162.052475,383882.803352,0,730
331164.324555,383834.443426,0,730
331240.076426,383703.26406,0,730
331203.351231,383699.67732,0,730
331186.852965,383647.579351,0,730
331267.744093,383711.462228,0,730
331154.683226,383663.784946,0,730
331169.86716,383582.569882,0,730
331284.97012,383706.182574,0,730
331299.831821,383729.818915,0,730
331164.790828,383853.384871,0,730
331190.050446,383820.437166,0,730
331177.12731,383624.516589,0,730
331203.096614,383628.881565,0,730
331183.005079,383700.11148,0,730
331233.59256,383729.682694,0,730
331181.405602,383709.736383,0,730
331170.937791,383613.383081,0,730
331193.93325,383903.015014,0,730
331234.191504,383674.992973,0,730
331287.454986,383645.663554,0,730
331199.377007,383861.749628,0,730
331097.062754,383773.732463,0,730
331109.696812,383794.563591,0,730
331271.872362,383652.160882,0,730
331180.245298,383799.137616,0,730
331196.359458,383636.205625,0,730
331125.189865,383747.511672,0,730
331211.967935,383710.896277,0,730
331220.546295,383808.797137,0,730
331197.904385,383610.258111,0,730
331241.574377,383665.225641,0,730
331176.962823,383767.858974,0,730
331316.774576,383710.239744,0,730
331202.001362,383875.019563,0,730
331200.832451,383779.312165,0,730
331194.697586,383754.919998,0,730
331218.360274,383647.133627,0,730
331137.325655,383776.066163,0,730
331176.67163,383813.955283,0,730
331283.562164,383700.40202,0,730
331114.024916,383849.614039,0,730
331257.586585,383766.879088,0,730
331134.242832,383763.508153,0,730
331170.780061,383792.687293,0,730
331240.343286,383691.376356,0,730
331351.393032,383670.569875,0,730
331222.979699,383666.224768,0,730
331296.997158,383726.938426,0,730
331188.292839,383641.635139,0,730
331317.743946,383655.774441,0,730
331200.715975,383903.936564,0,730
331215.272176,383687.878127,0,730
331187.151089,383729.923605,0,730
331163.949895,383887.648589,0,730
331168.382144,383784.339338,0,730
331203.285126,383590.923549,0,730
331175.524722,383757.088046,0,730
331202.032121,383910.341387,0,730
331329.978174,383657.546246,0,730
331276.332864,383733.903006,0,730
331302.989431,383704.845031,0,730
331130.243628,383789.367606,0,730
331180.247356,383686.497419,0,730
331199.869047,383691.987357,0,730
331169.630671,383833.6146,0,730
331214.477409,383729.779904,0,730
331180.449483,383817.933713,0,730
331216.551558,383823.863744,0,730
331283.144421,383670.775365,0,730
331183.76502,383853.173437,0,730
331183.667296,383591.855724,0,730
331234.402091,383721.432962,0,730
331288.557389,383743.402791,0,730
331226.720986,383828.279125,0,730
331166.22267,383774.841019,0,730
331230.844807,383736.314802,0,730
331336.397703,383673.503014,0,730
331253.884021,383783.013376,0,730
331227.515066,383599.265552,0,730
331158.210445,383695.017667,0,730
331149.830195,383740.04044,0,730
331159.499504,383738.643524,0,730
331304.63949,383639.870939,0,730
331149.081466,383718.510605,0,730
331190.007721,383747.992292,0,730
331178.21439,383877.532285,0,730
331230.672306,383761.175819,0,730
331226.472153,383748.682939,0,730
331253.793531,383629.508233,0,730
331199.484627,383777.015536,0,730
331315.792529,383704.352751,0,730
331219.957211,383755.686795,0,730
331236.057734,383747.943398,0,730
331106.170803,383856.385922,0,730
331185.631461,383806.201517,0,730
331234.518004,383850.091808,0,730
331239.098977,383792.92823,0,730
331238.535814,383855.776401,0,730
331161.92293,383625.588915,0,730
331196.332604,383869.179476,0,730
331197.268548,383797.275349,0,730
331138.170553,383799.674071,0,730
331198.385829,383822.259903,0,730
331108.89436,383807.246073,0,730
331328.770739,383669.44381,0,730
331283.029285,383688.319533,0,730
331201.6589,383644.550417,0,730
331248.786913,383765.340787,0,730
331234.919355,383788.580438,0,730
331233.740577,383759.606384,0,730
331133.559702,383844.821594,0,730
331160.349346,383690.831747,0,730
331264.194167,383617.996899,0,730
331203.832516,383599.611297,0,730
331190.257556,383691.063684,0,730
331168.576225,383813.893363,0,730
331233.281899,383868.119322,0,730
331275.054311,383626.249476,0,730
331161.160586,383946.272213,0,730
331269.364712,383651.401433,0,730
331319.482874,383693.513729,0,730
331142.334553,383884.500496,0,730
331187.864329,383588.139536,0,730
331197.27267,383889.160017,0,730
331195.243152,383809.122221,0,730
331307.653975,383657.180742,0,730
331249.428907,383616.245841,0,730
331166.949704,383676.051355,0,730
331313.917521,383685.577649,0,730
331280.903481,383685.444384,0,730
331167.974074,383711.9812,0,730
331182.540693,383598.280778,0,730
331146.007127,383764.07593,0,730
331187.876293,383689.584327,0,730
331172.326112,383899.664489,0,730
331257.541105,383740.717584,0,730
331292.27481,383680.409993,0,730
331267.768337,383657.362964,0,730
331142.476051,383775.239307,0,730
331122.730985,383772.293024,0,730
331164.344176,383636.109812,0,730
331137.623715,383787.169144,0,730
331129.019716,383829.347854,0,730
331224.710826,383763.639794,0,730
331298.367349,383712.272242,0,730
331201.010176,383651.768498,0,730
331168.424933,383684.256561,0,730
331247.920019,383711.642007,0,730
331135.505253,383905.206672,0,730
331115.496555,383761.232096,0,730
331185.523362,383724.57394,0,730
331299.624439,383658.111736,0,730
331307.385002,383670.255264,0,730
331187.666088,383669.10502,0,730
331163.364877,383828.759438,0,730
331247.789495,383629.269773,0,730
331303.077685,383651.316207,0,730
331247.425117,383739.037731,0,730
331222.655992,383745.165851,0,730
331157.514451,383653.563178,0,730
331205.7222,383676.611228,0,730
331193.834363,383828.524125,0,730
331281.933935,383711.450787,0,730
331229.453723,383719.832149,0,730
331290.572635,383690.832686,0,730
331138.647351,383886.155148,0,730
331108.091556,383837.300536,0,730
331290.399602,383716.465726,0,730
331204.83096,383622.809238,0,730
331292.249039,383629.156561,0,730
331214.508332,383883.349852,0,730
331160.564982,383658.195969,0,730
331174.29651,383664.128367,0,730
331196.377249,383725.848366,0,730
331155.26596,383661.801522,0,730
331143.31998,383826.522744,0,730
331147.126791,383870.963811,0,730
331240.451234,383659.866988,0,730
331203.250687,383814.850225,0,730
331174.235924,383626.04097,0,730
331196.29571,383651.26242,0,730
331159.105857,383797.225462,0,730
331297.944108,383659.417363,0,730
331126.513315,383786.533727,0,730
331157.479567,383763.444357,0,730
331227.9596,383825.942903,0,730
331128.321681,383807.732978,0,730
331168.438823,383575.073438,0,730
331283.106965,383730.4782,0,730
331163.880082,383892.364913,0,730
331116.762276,383837.172293,0,730
331157.209479,383807.07397,0,730
331172.949616,383778.335447,0,730
331236.22565,383614.983945,0,730
331258.523818,383648.887783,0,730
331332.548759,383683.98608,0,730
331163.94883,383863.179948,0,730
331177.019868,383585.515898,0,730
331205.715474,383758.175321,0,730
331284.569525,383707.805428,0,730
331237.060603,383611.857361,0,730
331245.780451,383682.308201,0,730
331148.751748,383932.079751,0,730
331221.840318,383818.351849,0,730
331132.201043,383867.238564,0,730
331163.841256,383582.092967,0,730
331171.374344,383588.170927,0,730
331273.183891,383652.537458,0,730
331161.281389,383748.131475,0,730
331247.265729,383644.95934,0,730
331126.143675,383744.900838,0,730
331172.703284,383546.450802,0,730
331194.727284,383823.604116,0,730
331133.300724,383795.410932,0,730
331141.440038,383744.248358,0,730
331216.178642,383724.253002,0,730
331235.643801,383689.422256,0,730
331124.271374,383793.585116,0,730
331254.226436,383761.06716,0,730
331198.321325,383722.172271,0,730
331154.723945,383856.921026,0,730
331145.61405,383837.908715,0,730
331269.697225,383723.792328,0,730
331156.958607,383731.052385,0,730
331167.805795,383668.274899,0,730
331203.905339,383620.252264,0,730
331230.301389,383600.588981,0,730
331227.712987,383835.847272,0,730
331167.540381,383823.925448,0,730
331192.704462,383704.770506,0,730
331196.441398,383803.825296,0,730
331235.758342,383684.729981,0,730
331248.596639,383668.396173,0,730
331227.638911,383601.624846,0,730
331154.46692,383850.313644,0,730
331191.717932,383721.367677,0,730
331277.729425,383745.858394,0,730
331168.92783,383683.854236,0,730
331172.526456,383733.014562,0,730
331217.619423,383643.79311,0,730
331167.798683,383599.599651,0,730
331170.650558,383752.681947,0,730
331232.546877,383779.477218,0,730
331187.02272,383828.171973,0,730
331195.658821,383856.205967,0,730
331205.2016,383826.036281,0,730
331294.845724,383706.423514,0,730
331278.366416,383689.842048,0,730
331158.612363,383682.901968,0,730
331190.975232,383830.335761,0,730
331206.952057,383587.7091,0,730
331145.184877,383760.427467,0,730
331157.215116,383880.013954,0,730
331193.066573,383891.14733,0,730
331190.696081,383722.658578,0,730
331135.386053,383757.363632,0,730
331086.745956,383795.886038,0,730
331157.30896,383791.191458,0,730
331325.690675,383661.883031,0,730
331225.544628,383725.840559,0,730
331171.713466,383713.650287,0,730
331153.163367,383663.542621,0,730
331245.07239,383674.810627,0,730
331128.69909,383830.829674,0,730
331143.379506,383908.877826,0,730
331170.693564,383898.82531,0,730
331219.623728,383751.328999,0,730
331231.030735,383811.979566,0,730
331223.060346,383835.891044,0,730
331167.276503,383667.28249,0,730
331216.789278,383786.512202,0,730
331160.599051,383775.617843,0,730
331235.832323,383830.856146,0,730
331247.986062,383773.382214,0,730
331214.233991,383604.945679,0,730
331201.066995,383806.135165,0,730
331249.435813,383616.313741,0,730
331227.389391,383597.056074,0,730
331211.370152,383754.339626,0,730
331175.405361,383729.422304,0,730
331235.475626,383618.144785,0,730
331249.440097,383779.229756,0,730
331197.460714,383718.936127,0,730
331252.226237,383854.246647,0,730
331226.22963,383772.880666,0,730
331250.334764,383745.636318,0,730
331192.951983,383633.54165,0,730
331188.764352,383795.299116,0,730
331298.817321,383715.162076,0,730
331260.708604,383694.512577,0,730
331221.232113,383858.436816,0,730
331270.674239,383756.676576,0,730
331208.504216,383764.580532,0,730
331155.767372,383710.194479,0,730
331174.675484,383732.566174,0,730
331163.635742,383722.612668,0,730
331274.294994,383676.945186,0,730
331250.607839,383755.183484,0,730
331148.347264,383778.82399,0,730
331175.071437,383583.019718,0,730
331280.09893,383749.503891,0,730
331219.855545,383642.700194,0,730
331250.828727,383698.449941,0,730
331205.955882,383659.203175,0,730
331117.863068,383816.668735,0,730
331216.024088,383721.746969,0,730
331297.253884,383684.922446,0,730
331202.599876,383785.803405,0,730
331123.63598,383786.02778,0,730
331167.491343,383586.837294,0,730
331350.620367,383672.369109,0,730
331187.821422,383897.635432,0,730
331201.521588,383840.516248,0,730
331175.627459,383855.681138,0,730
331303.3787,383716.259455,0,730
331263.459191,383608.277943,0,730
331240.830416,383863.676699,0,730
331226.599544,383755.162722,0,730
331176.519291,383629.301561,0,730
331233.247421,383807.85823,0,730
331216.207131,383841.213491,0,730
331242.922086,383611.616236,0,730
331165.087686,383730.937187,0,730
331182.924675,383667.604193,0,730
331187.870914,383718.43175,0,730
331202.065978,383871.630996,0,730
331240.650545,383708.01716,0,730
331249.361226,383680.066772,0,730
331116.497762,383842.762114,0,730
331272.508418,383628.022138,0,730
331135.131009,383764.19913,0,730
331226.608275,383687.745365,0,730
331132.780527,383806.65511,0,730
331239.130916,383873.350683,0,730
331271.206012,383656.206099,0,730
331257.480358,383724.296915,0,730
331126.743807,383895.754733,0,730
331242.217207,383736.412403,0,730
331192.277953,383919.180797,0,730
331219.832162,383777.11509,0,730
331313.887905,383668.391925,0,730
331284.007948,383672.818781,0,730
331168.533292,383698.904311,0,730
331127.419997,383826.48897,0,730
331106.580548,383828.85219,0,730
331169.737405,383718.51236,0,730
331282.574413,383638.567636,0,730
331229.004222,383712.261077,0,730
331205.659407,383628.999514,0,730
331289.865831,383724.013152,0,730
331236.658632,383617.707149,0,730
331233.212874,383622.240376,0,730
331279.034824,383651.867112,0,730
331138.883606,383829.737826,0,730
331223.079905,383698.812957,0,730
331194.399376,383839.736345,0,730
331272.186474,383668.623246,0,730
331293.956869,383623.394493,0,730
331247.46224,383649.552005,0,730
331182.737827,383803.522274,0,730
331199.873626,383731.391988,0,730
331180.146608,383924.679844,0,730
331234.601687,383796.169257,0,730
331194.629069,383645.722343,0,730
331116.651996,383818.005614,0,730
331161.881745,383700.458762,0,730
331218.689505,383847.817465,0,730
331170.744759,383649.798382,0,730
331155.375687,383938.786842,0,730
331195.965074,383703.010597,0,730
331212.746579,383663.068868,0,730
331154.769935,383933.981052,0,730
331203.246218,383789.002985,0,730
331224.390508,383812.048802,0,730
331254.376335,383838.575683,0,730
331086.608227,383804.053543,0,730
331315.171154,383639.3034,0,730
331224.106023,383785.913929,0,730
331094.682791,383792.081368,0,730
331225.007283,383704.910134,0,730
331214.39724,383854.500654,0,730
331179.757639,383558.108828,0,730
331165.292327,383851.944386,0,730
331121.749147,383860.505752,0,730
331246.131833,383689.178135,0,730
331170.94997,383848.780635,0,730
331104.193205,383841.049223,0,730
331182.556148,383623.890549,0,730
331173.879661,383708.805838,0,730
331185.946848,383580.966184,0,730
331191.132598,383691.9885,0,730
331252.865274,383702.423649,0,730
331213.665331,383597.39913,0,730
331143.864225,383901.9635,0,730
331122.179973,383789.768538,0,730
331224.358601,383827.29186,0,730
331191.126817,383589.193446,0,730
331217.401789,383835.451534,0,730
331265.968283,383775.952097,0,730
331084.077547,383802.582899,0,730
331119.452713,383884.01702,0,730
331235.026713,383809.880862,0,730
331225.030425,383652.094527,0,730
331187.484988,383721.480306,0,730
331285.014116,383696.27372,0,730
331141.225227,383835.392613,0,730
331200.677385,383763.512133,0,730
331119.768211,383793.042148,0,730
331101.461329,383846.875739,0,730
331266.601407,383647.646121,0,730
331103.551326,383851.793117,0,730
331214.320455,383635.515851,0,730
331182.916873,383781.20667,0,730
331198.643538,383803.017723,0,730
331143.172205,383822.098144,0,730
331120.100804,383787.405551,0,730
331174.868875,383844.457388,0,730
331332.837852,383681.932545,0,730
331156.696543,383897.06371,0,730
331153.570981,383939.101319,0,730
331172.657914,383719.411834,0,730
331230.249769,383632.647931,0,730
331264.517892,383738.625028,0,730
331287.151694,383724.180403,0,730
331281.722205,383750.772394,0,730
331174.585736,383546.093923,0,730
331184.950181,383922.75488,0,730
331156.054772,383702.849362,0,730
331218.083643,383891.258509,0,730
331275.990169,383741.98778,0,730
331225.1274,383708.406304,0,730
331321.125694,383678.845381,0,730
331129.260842,383782.961987,0,730
331195.539171,383903.417157,0,730
331287.808817,383712.341982,0,730
331144.834147,383854.065711,0,730
331134.223325,383898.219812,0,730
331180.64243,383886.935675,0,730
331203.251341,383616.996035,0,730
331184.337972,383621.799953,0,730
331332.619788,383656.636397,0,730
331149.636569,383853.03964,0,730
331291.788155,383716.343154,0,730
331193.310866,383679.299434,0,730
331276.395343,383762.457872,0,730
331143.232539,383834.569069,0,730
331214.999294,383854.323015,0,730
331158.226114,383727.285446,0,730
331177.17257,383893.362546,0,730
331181.942866,383906.189515,0,730
331164.874866,383887.916556,0,730
331179.13209,383638.838406,0,730
331175.030961,383823.592679,0,730
331121.250923,383853.27925,0,730
331224.385213,383684.98569,0,730
331155.703838,383891.43732,0,730
331201.814826,383904.851234,0,730
331175.391508,383801.958114,0,730
331244.392975,383798.328572,0,730
331186.485248,383624.976119,0,730
331202.239858,383746.25716,0,730
331192.214621,383838.739906,0,730
331197.015756,383791.039217,0,730
331145.723662,383862.26725,0,730
331205.597458,383637.976521,0,730
331119.465071,383764.975409,0,730
331161.891453,383783.785667,0,730
331173.127697,383688.730738,0,730
331192.904639,383627.338133,0,730
331128.656776,383779.372075,0,730
331154.21969,383867.129381,0,730
331216.192357,383809.38782,0,730
331307.708534,383647.487954,0,730
331242.13561,383760.574743,0,730
331320.191401,383690.367749,0,730
331210.014362,383638.195337,0,730
331236.151774,383691.27077,0,730
331243.020187,383803.56809,0,730
331185.848727,383641.528869,0,730
331190.63448,383788.420659,0,730
331253.419745,383857.540105,0,730
331349.614082,383672.527815,0,730
331177.534568,383627.052774,0,730
331192.652309,383660.237766,0,730
331147.018632,383910.165258,0,730
331162.141505,383852.535201,0,730
331142.545121,383817.414386,0,730
331158.288427,383635.415837,0,730
331166.016392,383806.136728,0,730
331310.843212,383719.244724,0,730
331088.644409,383806.510658,0,730
331231.639997,383879.495548,0,730
331142.159718,383711.194391,0,730
331330.498047,383674.656028,0,730
331184.311106,383819.447682,0,730
331197.026493,383600.735259,0,730
331212.53256,383610.017133,0,730
331216.009845,383705.467276,0,730
331189.14316,383708.837607,0,730
331238.175048,383802.738753,0,730
331268.959718,383705.04658,0,730
331145.444212,383703.510559,0,730
331187.400026,383604.582946,0,730
331257.449302,383729.981166,0,730
331189.463155,383596.777301,0,730
331261.609648,383715.353095,0,730
331171.333538,383748.854513,0,730
331238.878823,383661.704001,0,730
331208.345543,383779.799682,0,730
331217.682524,383889.45083,0,730
331172.881515,383709.465056,0,730
331263.061581,383775.773144,0,730
331192.051675,383664.331678,0,730
331213.817074,383696.313322,0,730
331126.743112,383834.068314,0,730
331272.428124,383728.61357,0,730
331128.619807,383888.282387,0,730
331279.667031,383669.97746,0,730
331235.655564,383873.08851,0,730
331198.300868,383817.163692,0,730
331169.943353,383598.512304,0,730
331159.062819,383807.774562,0,730
331212.850167,383883.477835,0,730
331329.028396,383670.166755,0,730
331265.754238,383679.172149,0,730
331158.266984,383795.032223,0,730
331205.344489,383702.475794,0,730
331256.190471,383854.362205,0,730
331290.777142,383644.437513,0,730
331303.55272,383716.354173,0,730
331089.219744,383807.791776,0,730
331327.024827,383655.457794,0,730
331203.995714,383816.448852,0,730
331186.626297,383900.086502,0,730
331186.827497,383921.620341,0,730
331278.054358,383623.1362,0,730
331187.95299,383923.526184,0,730
331203.426049,383770.300958,0,730
331096.254421,383792.923332,0,730
331281.925834,383662.34888,0,730
331188.977848,383582.112377,0,730
331272.755639,383617.311376,0,730
331220.307282,383665.890814,0,730
331243.554948,383607.532883,0,730
331130.283564,383888.798024,0,730
331262.9878,383651.994726,0,730
331146.720901,383694.004766,0,730
331163.871372,383815.944255,0,730
331234.959572,383608.860186,0,730
331157.722377,383896.606554,0,730
331162.59031,383880.077559,0,730
331265.691245,383653.009344,0,730
331168.4575,383749.178156,0,730
331251.723484,383785.936884,0,730
331131.64141,383780.218363,0,730
331265.713723,383678.222549,0,730
331173.048387,383647.172832,0,730
331154.234555,383718.265917,0,730
331225.474261,383761.194358,0,730
331201.116427,383751.40682,0,730
331157.54576,383845.200776,0,730
331180.914995,383752.429064,0,730
331127.671608,383816.845007,0,730
331287.159635,383695.688546,0,730
331147.595612,383859.240258,0,730
331192.157575,383878.89909,0,730
331155.02629,383835.563376,0,730
331263.00958,383606.854456,0,730
331247.891211,383668.649966,0,730
331266.918014,383699.431071,0,730
331107.489891,383789.620256,0,730
331174.771098,383727.692345,0,730
331222.92776,383866.119336,0,730
331140.05349,383829.61845,0,730
331206.080266,383697.511609,0,730
331171.265671,383862.220196,0,730
331298.075518,383656.126491,0,730
331151.510687,383814.391351,0,730
331214.658542,383617.688248,0,730
331186.548388,383693.887591,0,730
331123.264147,383888.421093,0,730
331273.412546,383692.058447,0,730
331137.436456,383784.975942,0,730
331146.905535,383905.998533,0,730
331144.633992,383856.553341,0,730
331200.022155,383637.691313,0,730
331319.226937,383641.543459,0,730
331211.516993,383829.660467,0,730
331139.093153,383729.408712,0,730
331259.624224,383680.84398,0,730
331100.737638,383794.278409,0,730
331338.631014,383684.696929,0,730
331213.273029,383785.926191,0,730
331175.033545,383595.37837,0,730
331230.102469,383636.385806,0,730
331150.782203,383805.185131,0,730
331276.538622,383680.786722,0,730
331330.914129,383661.732586,0,730
331299.039586,383649.569903,0,730
331185.695933,383669.71686,0,730
331249.998801,383770.089449,0,730
331327.345961,383684.781916,0,730
331157.943278,383766.088131,0,730
331267.313708,383720.928059,0,730
331233.424423,383603.626169,0,730
331231.276289,383884.179597,0,730
331146.699446,383861.165538,0,730
331180.683403,383809.771287,0,730
331204.658237,383693.661955,0,730
331214.003435,383869.615027,0,730
331160.688184,383736.391462,0,730
331278.704356,383660.001696,0,730
331317.080833,383670.069494,0,730
331233.574284,383796.151878,0,730
331121.262097,383800.489267,0,730
331176.811382,383764.783016,0,730
331238.154719,383832.935163,0,730
331206.824539,383667.436493,0,730
331168.426532,383901.998352,0,730
331224.10801,383747.287931,0,730
331243.818645,383851.506135,0,730
331269.322847,383662.44091,0,730
331168.903049,383869.410879,0,730
331254.85939,383848.900417,0,730
331297.896245,383678.808589,0,730
331291.928583,383675.080394,0,730
331211.594603,383789.243282,0,730
331221.368687,383697.739273,0,730
331261.080391,383735.529282,0,730
331153.767579,383812.893008,0,730
331209.593864,383628.861259,0,730
331245.932716,383621.757888,0,730
331232.511012,383787.270184,0,730
331191.988874,383583.246927,0,730
331286.108098,383672.365927,0,730
331228.590278,383721.32065,0,730
331219.049743,383611.280987,0,730
331169.922369,383920.813576,0,730
331170.214021,383670.747535,0,730
331114.223698,383759.301068,0,730
331238.147493,383782.932089,0,730
331266.559294,383666.36192,0,730
331226.928934,383732.366589,0,730
331297.932218,383689.199935,0,730
331238.878039,383839.021385,0,730
331213.835159,383824.920048,0,730
331272.984567,383767.056521,0,730
331335.412919,383673.130437,0,730
331148.063124,383891.788217,0,730
331247.546678,383740.52095,0,730
331138.183341,383855.25227,0,730
331220.310653,383851.356714,0,730
331166.849604,383670.32728,0,730
331185.20504,383898.986006,0,730
331232.785925,383830.088698,0,730
331279.889296,383664.599209,0,730
331230.456932,383666.259653,0,730
331212.293348,383713.366461,0,730
331185.805551,383735.287461,0,730
331316.996172,383705.222461,0,730
331225.800938,383774.98389,0,730
331195.929968,383841.96219,0,730
331282.383349,383651.620706,0,730
331132.258788,383770.687926,0,730
331157.414233,383877.430746,0,730
331141.035332,383825.643669,0,730
331237.371432,383869.420492,0,730
331319.074483,383647.169467,0,730
331124.896825,383867.246134,0,730
331174.820265,383563.11068,0,730
331253.171194,383654.897743,0,730
331273.106517,383606.263055,0,730
331186.189691,383722.987375,0,730
331230.144895,383701.862041,0,730
331212.923897,383685.898208,0,730
331216.698886,383641.462961,0,730
331186.14063,383889.250049,0,730
331173.909162,383814.103081,0,730
331123.826683,383755.684295,0,730
331236.039995,383681.328619,0,730
331199.457666,383734.073629,0,730
331234.714512,383705.59453,0,730
331219.306255,383710.517774,0,730
331230.203609,383800.899581,0,730
331176.815351,383722.313965,0,730
331226.59323,383686.132794,0,730
331120.671418,383751.60214,0,730
331208.892447,383846.491355,0,730
331211.185815,383829.234117,0,730
331205.790536,383837.079119,0,730
331267.659011,383706.379176,0,730
331113.535961,383772.703808,0,730
331266.276045,383612.800416,0,730
331125.441619,383774.036251,0,730
331117.14334,383808.108845,0,730
331291.883977,383632.751543,0,730
331218.567,383674.060242,0,730
331128.775084,383879.346016,0,730
331127.809133,383894.850651,0,730
331175.261128,383672.203289,0,730
331162.569256,383759.939635,0,730
331269.723602,383732.946505,0,730
331095.070861,383822.349723,0,730
331182.385756,383917.287744,0,730
331146.424719,383900.0943,0,730
331221.755717,383594.944058,0,730
331157.119571,383657.398217,0,730
331155.550376,383907.61883,0,730
331232.111031,383759.929612,0,730
331110.339893,383766.605712,0,730
331092.305215,383788.755641,0,730
331223.269657,383860.153643,0,730
331214.839559,383817.872179,0,730
331128.596931,383770.644348,0,730
331177.685486,383898.599001,0,730
331174.988473,383886.247492,0,730
331195.978946,383814.625036,0,730
331300.611063,383651.571563,0,730
331146.84726,383899.545217,0,730
331182.333147,383923.240444,0,730
331160.562009,383841.725531,0,730
331219.659122,383808.480472,0,730
331315.614511,383645.75546,0,730
331168.350618,383733.104795,0,730
331267.891318,383618.138441,0,730
331231.226388,383733.896423,0,730
331169.088813,383706.899655,0,730
331218.347991,383837.38458,0,730
331170.679219,383592.162947,0,730
331186.357523,383663.590928,0,730
331194.74686,383765.736318,0,730
331179.380935,383774.397311,0,730
331268.466353,383744.462791,0,730
331129.777253,383761.004248,0,730
331115.275824,383785.998113,0,730
331178.449202,383823.287735,0,730
331173.066084,383550.835307,0,730
331198.195205,383776.621475,0,730
331276.37792,383712.924417,0,730
331158.426984,383902.297551,0,730
331203.256518,383869.210548,0,730
331235.002129,383658.112683,0,730
331188.596899,383675.715047,0,730
331328.165268,383649.713212,0,730
331157.352018,383824.631926,0,730
331175.20367,383593.868928,0,730
331095.763518,383795.89395,0,730
331078.291465,383784.602537,0,730
331168.78585,383671.891071,0,730
331225.508968,383817.369568,0,730
331177.88266,383870.478421,0,730
331209.650263,383665.703378,0,730
331221.395066,383845.785363,0,730
331109.038581,383847.89497,0,730
331155.289711,383741.801659,0,730
331188.588288,383645.73358,0,730
331169.053659,383697.262948,0,730
331244.78924,383747.530886,0,730
331281.325603,383645.95143,0,730
331182.45093,383717.623628,0,730
331156.479893,383641.419884,0,730
331248.416944,383689.24603,0,730
331252.004095,383662.681741,0,730
331220.231514,383660.514822,0,730
331159.414521,383941.451004,0,730
331190.633599,383613.40943,0,730
331181.048119,383801.170086,0,730
331130.474031,383912.770252,0,730
331215.927029,383621.81271,0,730
331190.843158,383752.812384,0,730
331206.851591,383623.59112,0,730
331197.274975,383846.796059,0,730
331185.190424,383862.39235,0,730
331161.341529,383744.983134,0,730
331334.773799,383661.627537,0,730
331177.057115,383802.140108,0,730
331131.531775,383755.893153,0,730
331242.290145,383783.919142,0,730
331235.622027,383837.99359,0,730
331207.637547,383833.360915,0,730
331245.498989,383844.064442,0,730
331196.758297,383842.788118,0,730
331101.277315,383815.655027,0,730
331172.931659,383703.346756,0,730
331176.194148,383706.788527,0,730
331299.197885,383702.991207,0,730
331247.661031,383640.907653,0,730
331148.456989,383786.369834,0,730
331207.378269,383721.088017,0,730
331306.611457,383660.857016,0,730
331156.1316,383865.510778,0,730
331228.662139,383765.686947,0,730
331193.459996,383593.773174,0,730
331126.258016,383757.952993,0,730
331202.316396,383686.387142,0,730
331316.051988,383650.77072,0,730
331182.79362,383866.875059,0,730
331218.438236,383804.793737,0,730
331155.720107,383631.907329,0,730
331218.407859,383640.002167,0,730
331188.36828,383740.91223,0,730
331250.201853,383677.122011,0,730
331213.130398,383829.457045,0,730
331235.547603,383794.514377,0,730
331152.381071,383852.724276,0,730
331198.324389,383740.485871,0,730
331176.355298,383665.083127,0,730
331157.943467,383729.191932,0,730
331201.919466,383652.190611,0,730
331226.107407,383887.761935,0,730
331264.064607,383692.518066,0,730
331223.322962,383677.640501,0,730
331204.412947,383632.654911,0,730
331262.596026,383771.540449,0,730
331191.830297,383749.974908,0,730
331272.084281,383682.426788,0,730
331164.766048,383694.301274,0,730
331301.846476,383698.436019,0,730
331234.407585,383626.984019,0,730
331293.258702,383684.469064,0,730
331292.322917,383639.110875,0,730
331216.033799,383774.018168,0,730
331243.29512,383744.940196,0,730
331276.147436,383679.430757,0,730
331190.296889,383799.911466,0,730
331280.381727,383759.322234,0,730
331315.552566,383716.272712,0,730
331106.112943,383845.116359,0,730
331235.339272,383647.152805,0,730
331135.774686,383723.237961,0,730
331192.828356,383751.967401,0,730
331227.441888,383704.395655,0,730
331195.797326,383869.445834,0,730
331273.614235,383633.38849,0,730
331253.979907,383650.64169,0,730
331209.663634,383683.532387,0,730
331170.678648,383784.538753,0,730
331154.408173,383883.958738,0,730
331154.525837,383750.434492,0,730
331186.454238,383588.89556,0,730
331117.555206,383791.120176,0,730
331132.118702,383809.544064,0,730
331249.050235,383652.286061,0,730
331176.014791,383896.014621,0,730
331193.501073,383593.248563,0,730
331253.078296,383644.866317,0,730
331254.200146,383759.381925,0,730
331173.410454,383934.929225,0,730
331179.060959,383813.024894,0,730
331196.944001,383587.901509,0,730
331129.006249,383858.761652,0,730
331184.683774,383783.455469,0,730
331254.503849,383658.102474,0,730
331174.005441,383799.805801,0,730
331283.060001,383663.750087,0,730
331264.694668,383616.66641,0,730
331150.018878,383805.041722,0,730
331229.556359,383684.453615,0,730
331212.171428,383889.516331,0,730
331186.126091,383800.273593,0,730
331123.98055,383880.105039,0,730
331220.595578,383721.519734,0,730
331249.22526,383746.806633,0,730
331191.221488,383860.114508,0,730
331168.360962,383868.730838,0,730
331196.210433,383788.595736,0,730
331125.632722,383823.94266,0,730
331219.151717,383724.888136,0,730
331154.968268,383846.680582,0,730
331192.636904,383815.413437,0,730
331195.701804,383834.74502,0,730
331171.566685,383726.920823,0,730
331142.653031,383906.212949,0,730
331188.540526,383850.717195,0,730
331170.354561,383723.274419,0,730
331197.096502,383839.347165,0,730
331328.373587,383692.129408,0,730
331141.840095,383713.164304,0,730
331307.835159,383689.910246,0,730
331200.382061,383745.980322,0,730
331189.435291,383893.82625,0,730
331218.61931,383780.815961,0,730
331284.871693,383745.210195,0,730
331287.054102,383633.214549,0,730
331214.215714,383773.453,0,730
331275.165302,383620.658342,0,730
331142.898521,383708.385045,0,730
331284.453791,383695.258955,0,730
331195.574689,383920.268415,0,730
331157.348824,383865.247968,0,730
331118.303477,383837.939054,0,730
331127.891676,383870.880255,0,730
331206.878254,383875.078026,0,730
331185.476078,383767.938466,0,730
331235.964201,383612.863252,0,730
331315.185027,383656.960154,0,730
331145.307945,383846.96265,0,730
331198.012215,383795.250819,0,730
331178.509514,383652.023126,0,730
331137.896157,383769.182281,0,730
331313.401649,383706.361153,0,730
331183.846175,383654.547673,0,730
331297.654468,383736.140737,0,730
331328.886294,383688.119273,0,730
331255.161228,383647.644356,0,730
331237.485941,383766.469063,0,730
331241.086066,383856.707698,0,730
331204.826029,383766.566913,0,730
331262.06712,383775.651553,0,730
331184.521335,383858.806166,0,730
331232.412486,383691.535787,0,730
331172.492762,383798.466269,0,730
331187.688004,383618.685945,0,730
331168.648688,383625.261166,0,730
331155.903591,383875.201017,0,730
331170.791439,383838.390024,0,730
331255.223666,383631.683823,0,730
331154.505494,383652.608238,0,730
331243.90232,383632.866595,0,730
331252.961204,383631.127958,0,730
331088.887996,383799.11431,0,730
331159.213052,383663.012763,0,730
331219.390149,383846.183464,0,730
331179.392287,383837.371454,0,730
331289.729734,383722.849518,0,730
331230.465542,383812.580258,0,730
331233.459054,383628.877845,0,730
331319.49071,383708.522582,0,730
331159.698676,383743.236673,0,730
331251.972746,383758.766566,0,730
331187.499733,383601.792172,0,730
331166.772756,383673.349281,0,730
331219.494227,383611.094116,0,730
331159.211064,383760.477815,0,730
331214.043795,383692.416915,0,730
331326.600857,383676.778985,0,730
331244.138291,383856.539232,0,730
331155.953028,383655.228756,0,730
331202.861628,383778.025413,0,730
331148.086649,383899.362836,0,730
331224.038841,383602.253178,0,730
331135.903059,383876.932907,0,730
331256.854846,383724.948034,0,730
331164.440009,383837.815145,0,730
331241.824146,383853.338016,0,730
331127.443098,383789.749442,0,730
331180.077131,383796.647798,0,730
331272.184946,383638.96295,0,730
331275.768087,383677.493676,0,730
331247.496836,383731.291805,0,730
331182.588433,383637.538094,0,730
331211.603178,383639.373083,0,730
331237.015636,383704.199914,0,730
331136.391814,383887.371,0,730
331176.703535,383668.006344,0,730
331214.471184,383702.653471,0,730
331161.498984,383720.738949,0,730
331292.768407,383635.845317,0,730
331338.99389,383678.752427,0,730
331169.321118,383858.500009,0,730
331192.839179,383660.634583,0,730
331217.131829,383847.795995,0,730
331226.011137,383610.205371,0,730
331179.460692,383915.851994,0,730
331166.89943,383809.024428,0,730
331262.269852,383777.213163,0,730
331251.788277,383844.380633,0,730
331266.750887,383728.034191,0,730
331226.102576,383876.355062,0,730
331157.794485,383657.012331,0,730
331158.324376,383641.135945,0,730
331174.429723,383578.780452,0,730
331138.391565,383752.594893,0,730
331144.613201,383773.154425,0,730
331308.608918,383647.739363,0,730
331196.997027,383819.708194,0,730
331187.828785,383891.865898,0,730
331108.930036,383823.799222,0,730
331311.741477,383695.258568,0,730
331252.216694,383671.613254,0,730
331187.69506,383846.04323,0,730
331240.435654,383802.007423,0,730
331242.660529,383640.351346,0,730
331229.629545,383683.500807,0,730
331258.028459,383649.571199,0,730
331199.249742,383808.374515,0,730
331311.631916,383714.767083,0,730
331247.017361,383734.009901,0,730
331179.868061,383853.278001,0,730
331234.310313,383855.50268,0,730
331228.061058,383787.682887,0,730
331279.878444,383758.510972,0,730
331183.167319,383906.392492,0,730
331222.893699,383636.836458,0,730
331145.592956,383742.864788,0,730
331281.856539,383688.090194,0,730
331165.773536,383828.295329,0,730
331259.862075,383738.709624,0,730
331206.45935,383714.372937,0,730
331167.798372,383719.851939,0,730
331182.414482,383598.815809,0,730
331206.178379,383664.718447,0,730
331174.20039,383835.707994,0,730
331163.437411,383735.084552,0,730
331171.96819,383581.926074,0,730
331190.610617,383802.873537,0,730
331170.361891,383678.033915,0,730
331167.460421,383808.974458,0,730
331249.571508,383688.414927,0,730
331254.88791,383700.746419,0,730
331302.795092,383722.903954,0,730
331122.830936,383837.542024,0,730
331116.85977,383777.596908,0,730
331178.866171,383876.070904,0,730
331121.5476,383811.768737,0,730
331159.149076,383660.997126,0,730
331232.067166,383823.788188,0,730
331164.465917,383811.528457,0,730
331147.335067,383868.001187,0,730
331133.14499,383732.299478,0,730
331214.228714,383868.598022,0,730
331208.901293,383603.216591,0,730
331194.096919,383685.758705,0,730
331221.309109,383698.887596,0,730
331177.736357,383582.258165,0,730
331282.688393,383686.545094,0,730
331207.012257,383634.51515,0,730
331296.246975,383678.549882,0,730
331129.945611,383805.975351,0,730
331159.586301,383903.60448,0,730
331201.310443,383844.965174,0,730
331244.053208,383859.42546,0,730
331231.95101,383842.636167,0,730
331269.128148,383664.253139,0,730
331154.597706,383736.396168,0,730
331173.715988,383767.750793,0,730
331266.442162,383738.011526,0,730
331230.712233,383641.256947,0,730
331216.681618,383632.32818,0,730
331155.526538,383821.461314,0,730
331241.934699,383741.491157,0,730
331209.271342,383680.832703,0,730
331140.827216,383738.914136,0,730
331124.507552,383802.809565,0,730
331127.193398,383770.434062,0,730
331151.418616,383871.713476,0,730
331262.750792,383610.76971,0,730
331243.728569,383611.765173,0,730
331252.475444,383609.955962,0,730
331230.915767,383739.45006,0,730
331230.047136,383690.103349,0,730
331327.426823,383669.439002,0,730
331276.775718,383666.460153,0,730
331189.264854,383608.383101,0,730
331205.920751,383744.340445,0,730
331175.033186,383700.82563,0,730
331135.755166,383762.051047,0,730
331212.592,383708.010685,0,730
331160.90887,383618.373407,0,730
331235.081507,383843.476795,0,730
331236.873584,383824.409809,0,730
331254.633815,383676.51012,0,730
331175.285568,383911.089116,0,730
331218.447878,383829.147949,0,730
331214.450501,383688.784399,0,730
331157.934998,383636.731246,0,730
331255.338086,383615.76842,0,730
331154.271583,383638.430089,0,730
331170.729502,383889.436359,0,730
331292.762074,383721.755322,0,730
331147.562822,383842.63737,0,730
331309.255335,383719.122268,0,730
331204.853647,383681.943231,0,730
331229.960248,383671.087389,0,730
331136.015377,383825.706295,0,730
331136.223088,383749.628058,0,730
331258.602058,383686.582645,0,730
331225.710337,383779.869123,0,730
331211.305612,383814.747122,0,730
331291.172455,383629.031017,0,730
331282.772368,383689.604775,0,730
331115.550025,383865.788769,0,730
331209.653857,383836.635181,0,730
331176.219573,383866.282982,0,730
331175.642375,383700.323223,0,730
331122.501207,383855.499476,0,730
331137.458744,383766.743796,0,730
331344.295262,383672.821613,0,730
331182.6519,383878.877632,0,730
331168.962286,383572.294879,0,730
331270.759106,383640.316808,0,730
331168.225299,383712.256288,0,730
331311.8048,383664.235996,0,730
331223.538338,383677.451782,0,730
331183.297571,383610.45085,0,730
331188.52153,383630.02849,0,730
331272.016643,383722.205901,0,730
331324.426586,383699.752324,0,730
331247.52165,383609.090565,0,730
331197.945084,383669.43902,0,730
331233.536764,383637.496455,0,730
331296.76725,383639.048244,0,730
331226.744591,383643.549577,0,730
331184.839834,383756.64618,0,730
331121.248293,383855.269791,0,730
331260.650435,383650.499755,0,730
331161.650417,383927.649319,0,730
331159.224567,383804.204555,0,730
331104.879525,383830.99196,0,730
331122.694899,383775.616095,0,730
331249.351921,383652.093475,0,730
331267.134421,383724.36406,0,730
331314.180447,383713.331552,0,730
331168.058536,383672.553645,0,730
331323.008412,383705.667877,0,730
331293.678474,383623.003844,0,730
331255.777311,383743.494125,0,730
331267.682097,383698.288363,0,730
331237.416336,383647.61515,0,730
331221.331489,383656.600684,0,730
331130.885822,383896.950618,0,730
331165.298526,383751.526453,0,730
331290.083683,383617.386652,0,730
331219.631974,383890.015664,0,730
331275.77541,383700.077042,0,730
331208.01807,383908.10044,0,730
331325.78295,383685.215299,133,730
331198.69986,383748.594637,484,730
