328918.9378,374640.639693,0,730
328821.323043,374510.071304,0,730
328893.302291,374550.209526,0,730
329151.547365,374628.278179,0,730
329013.361257,374695.103974,0,730
328892.570114,374775.79201,0,730
328896.638835,374624.260978,0,730
328882.970472,374729.672047,0,730
328725.299551,374754.374117,0,730
329200.787558,374658.950642,0,730
328919.525821,374751.095226,0,730
329093.003031,374756.073808,0,730
328799.725733,374765.589249,0,730
329206.841932,374823.961749,0,730
328837.327638,374681.644273,0,730
328877.676836,374793.326929,0,730
329043.082112,374831.855783,0,730
329021.804577,374835.357778,0,730
329141.14695,374783.979001,0,730
329238.567459,374690.870429,0,730
329181.384596,374787.016112,0,730
328962.088009,374511.070827,0,730
329152.230306,374631.752181,0,730
329044.163616,374759.546382,0,730
329137.620024,374575.373289,0,730
328891.985293,374551.43609,0,730
328774.538159,374566.587849,0,730
329065.42642,374828.173799,0,730
328929.89868,374810.021755,0,730
328716.626993,374690.161619,0,730
329140.942247,374670.635157,0,730
329321.358266,374833.824519,0,730
328981.362062,374571.094363,0,730
328871.235271,374462.795698,0,730
328810.43173,374751.046921,0,730
328894.638492,374768.562524,0,730
328861.801943,374755.05925,0,730
328996.034205,374697.419208,0,730
329143.330768,374673.145392,0,730
329112.279936,374774.067032,0,730
328918.802928,374684.585162,0,730
328745.394041,374741.025721,0,730
329136.297922,374857.915328,0,730
329063.932188,374613.294714,0,730
328997.696769,374630.943979,0,730
328940.902463,374556.955859,0,730
329106.427847,374815.932352,0,730
328941.126069,374675.429716,0,730
328938.874788,374691.151959,0,730
329026.807798,374691.403063,0,730
329203.54832,374732.499226,0,730
329281.288777,374877.70912,0,730
328758.140296,374654.824788,0,730
328930.579004,374481.698478,0,730
329263.515146,374687.270844,0,730
329123.065855,374708.565875,0,730
328760.818003,374620.962148,0,730
328842.392049,374719.89368,0,730
329354.079503,374878.768112,0,730
329048.369202,374596.296039,0,730
329159.93255,374633.273711,0,730
329212.443058,374656.467248,0,730
329202.37222,374715.111113,0,730
328780.732544,374754.227967,0,730
329356.975948,374853.461832,0,730
328963.921377,374818.4089,0,730
329032.596666,374774.822681,0,730
329000.431155,374740.321323,0,730
328903.210973,374824.14107,0,730
329057.613303,374834.487214,0,730
328962.234585,374783.122683,0,730
329052.555524,374772.389867,0,730
329029.40467,374686.582287,0,730
328928.209152,374539.642015,0,730
329108.171071,374622.638273,0,730
328769.844633,374557.673867,0,730
328953.723297,374667.580932,0,730
329016.742019,374627.20268,0,730
328764.414978,374694.935823,0,730
329109.058479,374803.813457,0,730
328794.543432,374578.16111,0,730
328783.305449,374717.772108,0,730
329056.650903,374799.193843,0,730
329116.190479,374759.227226,0,730
328870.465288,374745.355078,0,730
328937.670122,374521.051422,0,730
329096.602181,374822.592108,0,730
328993.965284,374751.840041,0,730
329072.879343,374599.699935,0,730
329016.845764,374753.733513,0,730
329168.666413,374684.158245,0,730
328958.910073,374611.3863,0,730
329189.001935,374649.669241,0,730
328968.617777,374523.835027,0,730
328899.332952,374813.185625,0,730
329021.42275,374686.966572,0,730
329223.761555,374802.739119,0,730
328867.605093,374809.494422,0,730
328775.343741,374690.486528,0,730
328952.094124,374737.489544,0,730
329017.416939,374622.256719,0,730
329227.240216,374698.499392,0,730
328771.722008,374792.991234,0,730
328791.932552,374554.765752,0,730
328881.277949,374467.849159,0,730
329054.675985,374708.032276,0,730
328843.388574,374710.620443,0,730
329128.189182,374791.869505,0,730
328917.659605,374823.141865,0,730
328962.855959,374694.371551,0,730
329043.655267,374780.65936,0,730
328866.69448,374792.588124,0,730
328952.510956,374576.956715,0,730
328797.041048,374761.051296,0,730
328834.0083,374625.373044,0,730
328889.089735,374515.968196,0,730
328963.246266,374732.690964,0,730
328869.640866,374626.166795,0,730
329267.039055,374796.038415,0,730
328738.824258,374582.510996,0,730
328862.068564,374609.245873,0,730
328798.198633,374729.231501,0,730
328745.924088,374568.611277,0,730
328732.434685,374765.811028,0,730
328802.267101,374777.834701,0,730
328948.936429,374555.231225,0,730
328781.802697,374802.219217,0,730
328785.827602,374680.716976,0,730
329163.345887,374713.017813,0,730
329040.844986,374642.88467,0,730
329202.534732,374829.603608,0,730
329053.256254,374826.163794,0,730
329367.747446,374848.700153,0,730
329289.99981,374841.0274,0,730
328730.649925,374669.626767,0,730
328880.187506,374808.934688,0,730
328914.515744,374587.245205,0,730
329043.113814,374579.853771,0,730
329243.38805,374764.714835,0,730
328911.104208,374794.332772,0,730
329136.431768,374613.805898,0,730
329009.434525,374658.10748,0,730
329165.057987,374860.093313,0,730
328983.211324,374669.407528,0,730
328843.439669,374506.281375,0,730
328946.086313,374678.094968,0,730
328814.265683,374472.963128,0,730
328863.159297,374483.2485,0,730
329258.6662,374812.72598,0,730
329299.455579,374845.185585,0,730
328784.762626,374520.908919,0,730
329278.50629,374763.802184,0,730
329030.65447,374546.059371,0,730
328836.242857,374778.036207,0,730
328803.834944,374758.095764,0,730
328885.277479,374514.556048,0,730
329065.982425,374839.811134,0,730
329225.923471,374744.089505,0,730
328803.483597,374592.31643,0,730
328985.142286,374668.477911,0,730
328871.688226,374679.07113,0,730
329009.572078,374513.078024,0,730
328960.278322,374728.479204,0,730
328819.527339,374640.060312,0,730
329120.064776,374796.635896,0,730
329202.296568,374851.540262,0,730
329258.194825,374821.694382,0,730
328718.221073,374725.25163,0,730
329191.882382,374686.834457,0,730
328780.946029,374669.167001,0,730
329295.411963,374737.060848,0,730
328764.206383,374494.434664,0,730
329053.514788,374683.431333,0,730
328716.726206,374756.889274,0,730
329153.473678,374650.094215,0,730
328981.728717,374758.889888,0,730
329050.615054,374723.808085,0,730
329042.580284,374658.704537,0,730
329184.868367,374743.793035,0,730
328946.161172,374767.418188,0,730
328891.164535,374756.361652,0,730
329188.950467,374782.954482,0,730
328955.883577,374721.270931,0,730
328840.95643,374496.77391,0,730
329213.781226,374799.149119,0,730
328755.613379,374624.411873,0,730
328777.95177,374649.817081,0,730
328757.52078,374703.564622,0,730
329006.359729,374659.791846,0,730
328756.801383,374630.3374,0,730
329012.577002,374756.40171,0,730
329093.90259,374649.734447,0,730
328767.94299,374508.757842,0,730
329290.456333,374843.827285,0,730
329209.980032,374811.621962,0,730
329039.05573,374569.502415,0,730
328725.482615,374615.493066,0,730
328837.654681,374493.700236,0,730
328979.920382,374579.80704,0,730
328988.910646,374813.883653,0,730
329136.539878,374826.370508,0,730
329166.752072,374802.870068,0,730
328738.616621,374746.657917,0,730
328897.787971,374599.013275,0,730
328813.693683,374522.529782,0,730
328959.081451,374568.78075,0,730
328899.53854,374619.828053,0,730
328751.37079,374658.455085,0,730
328910.508482,374704.97218,0,730
329366.312762,374885.700224,0,730
328907.847628,374538.320768,0,730
328713.167716,374796.159054,0,730
328916.053536,374740.175666,0,730
328770.496365,374450.987079,0,730
328761.401648,374546.020315,0,730
328752.970412,374609.024201,0,730
328895.647368,374504.251345,0,730
329376.434784,374844.690532,0,730
328945.462571,374610.845032,0,730
329102.21049,374738.064295,0,730
328931.818016,374722.347859,0,730
329181.124373,374853.385182,0,730
329179.085956,374794.228332,0,730
328884.963236,374748.491996,0,730
329053.552915,374615.339383,0,730
329124.378824,374668.113753,0,730
328979.955152,374687.909532,0,730
329331.240605,374855.285644,0,730
329007.082905,374692.717216,0,730
328751.545027,374574.057085,0,730
328750.577028,374693.17937,0,730
328949.852741,374687.711572,0,730
329245.753319,374872.053074,0,730
329235.972817,374684.948769,0,730
328881.860224,374605.719922,0,730
328723.426854,374741.826858,0,730
328785.708567,374658.72525,0,730
329223.323382,374671.41216,0,730
328788.838717,374532.17459,0,730
329240.765163,374753.847968,0,730
329108.525714,374654.68843,0,730
329000.582699,374594.865033,0,730
328788.331972,374561.206284,0,730
329090.941183,374804.23221,0,730
328780.337618,374511.985774,0,730
328920.744822,374745.885254,0,730
328747.830606,374741.913759,0,730
328800.159121,374567.633432,0,730
329013.432518,374732.826269,0,730
329259.775751,374726.952382,0,730
329023.345053,374569.257427,0,730
329250.20378,374867.61818,0,730
329297.247639,374854.053303,0,730
329281.209499,374869.815658,0,730
328809.044008,374524.198649,0,730
328942.587753,374507.091099,0,730
328751.003863,374777.131952,0,730
329117.482026,374821.661321,0,730
328861.921832,374778.317751,0,730
329262.728062,374676.489044,0,730
328728.855487,374795.145809,0,730
329236.106522,374731.936549,0,730
329013.310731,374742.914437,0,730
329131.74218,374845.185027,0,730
329170.816069,374627.102636,0,730
329173.45337,374628.912649,0,730
328801.222629,374628.865344,0,730
328745.329394,374457.169255,0,730
328809.148782,374797.03246,0,730
328952.07402,374720.068673,0,730
329032.926123,374703.720572,0,730
328795.182007,374685.763367,0,730
329134.483138,374595.083484,0,730
328931.608937,374752.965966,0,730
329095.165962,374810.879192,0,730
329018.430952,374683.598716,0,730
328781.604982,374793.137421,0,730
329167.823734,374747.5223,0,730
329121.275479,374819.940507,0,730
328891.578476,374653.978097,0,730
329019.787501,374526.188606,0,730
328874.12862,374520.65342,0,730
328998.415166,374578.350475,0,730
328996.232468,374695.467575,0,730
328801.387924,374522.910713,0,730
328965.5215,374613.081713,0,730
328903.776459,374692.928533,0,730
329017.500082,374801.573333,0,730
328754.257722,374707.428076,0,730
328883.036943,374682.427993,0,730
329243.329402,374816.105652,0,730
328778.745838,374492.50275,0,730
328983.189239,374830.553551,0,730
329155.200078,374855.162129,0,730
328916.112876,374779.22147,0,730
329080.062904,374850.496558,0,730
328971.144325,374789.457237,0,730
329064.219916,374630.78084,0,730
329278.199475,374714.540451,0,730
328742.792167,374641.354596,0,730
329028.333526,374602.214106,0,730
328868.23843,374519.854501,0,730
329012.717929,374597.382418,0,730
328972.811266,374663.755304,0,730
329102.723906,374790.152091,0,730
328966.573061,374781.72145,0,730
329119.685013,374669.101728,0,730
329014.852376,374797.874694,0,730
329046.094044,374672.557217,0,730
328832.348437,374617.790187,0,730
328996.596825,374832.080881,0,730
328736.588103,374659.121888,0,730
329152.984485,374677.70284,0,730
328831.327814,374776.278863,0,730
328861.924963,374592.444317,0,730
328997.484953,374640.382723,0,730
328850.970802,374657.475992,0,730
329241.135415,374669.381719,0,730
329197.051535,374706.352119,0,730
329018.432966,374602.143913,0,730
329179.567319,374825.879686,0,730
328966.461292,374550.453426,0,730
328893.813056,374811.142127,0,730
328936.0888,374699.016955,0,730
328972.470979,374612.267871,0,730
328846.209904,374817.770844,0,730
329071.169358,374723.242052,0,730
329118.754015,374584.286587,0,730
328971.362298,374504.097264,0,730
329256.149437,374844.44902,0,730
328958.79907,374526.064329,0,730
329163.863918,374672.487977,0,730
328913.765337,374668.394156,0,730
328883.50475,374789.923394,0,730
329360.327457,374831.094766,0,730
328742.03536,374487.986778,0,730
328941.504552,374560.902239,0,730
329165.007337,374827.400433,0,730
328960.005938,374644.125402,0,730
328814.432785,374778.417612,0,730
329026.15563,374529.830414,0,730
328757.918522,374547.500841,0,730
329330.411685,374880.668187,0,730
329216.862549,374785.486288,0,730
328878.400993,374435.801598,0,730
328924.199871,374700.845075,0,730
328767.276123,374695.121049,0,730
329055.04896,374683.775398,0,730
329173.526724,374809.585851,0,730
328827.684181,374795.128502,0,730
329075.155391,374821.144869,0,730
328743.560324,374678.288184,0,730
328766.860852,374564.652895,0,730
329184.075271,374707.836061,0,730
328862.176052,374657.618237,0,730
329146.69898,374858.939113,0,730
328819.43579,374620.175831,0,730
329086.11117,374640.745736,0,730
328967.755014,374640.156789,0,730
329059.108908,374672.57651,0,730
328779.427935,374586.030301,0,730
328723.811273,374760.298655,0,730
329242.889312,374751.903855,0,730
329052.217128,374641.996765,0,730
328744.613388,374572.678989,0,730
328944.07385,374740.559804,0,730
328975.115474,374617.220646,0,730
328921.059177,374698.26763,0,730
328791.132701,374653.231817,0,730
328871.789196,374820.126803,0,730
329125.516799,374813.077411,0,730
328827.15656,374661.457933,0,730
329087.751725,374779.093945,0,730
328851.78646,374580.545134,0,730
329377.986184,374831.834686,0,730
328737.027159,374615.463691,0,730
329023.398436,374704.051444,0,730
328801.501194,374504.202749,0,730
329309.651692,374849.153814,0,730
328794.396463,374497.945384,0,730
328972.128646,374801.078839,0,730
329218.593877,374821.51841,0,730
329129.859294,374798.027092,0,730
329158.410347,374862.241894,0,730
328867.444861,374442.301743,0,730
328830.065787,374625.0107,0,730
328934.734871,374608.926979,0,730
328770.84809,374594.385644,0,730
329104.920312,374804.090027,0,730
328838.183019,374688.185165,0,730
328953.371101,374679.72254,0,730
329167.017641,374852.881065,0,730
328956.020639,374720.821841,0,730
329149.860697,374617.013511,0,730
328894.672357,374640.542746,0,730
329100.33062,374643.55976,0,730
329006.112993,374791.845187,0,730
329149.880955,374847.149701,0,730
328914.995618,374517.002322,0,730
328835.499854,374720.928525,0,730
329134.100094,374783.2391,0,730
329124.604682,374629.8175,0,730
329124.698194,374692.307151,0,730
329010.674685,374815.706043,0,730
328904.025583,374797.577035,0,730
328751.532638,374719.848398,0,730
328957.347408,374502.370434,0,730
328860.981608,374648.578128,0,730
329029.096287,374540.901814,0,730
329107.053992,374838.028584,0,730
328956.709205,374823.260855,0,730
329329.974301,374848.523477,0,730
329377.431495,374831.656323,0,730
328844.531553,374688.518719,0,730
329229.031936,374705.456177,0,730
329079.443447,374821.251853,0,730
328818.844016,374525.51264,0,730
329242.127058,374835.237946,0,730
328999.145502,374774.738885,0,730
328879.541317,374622.580843,0,730
328883.970865,374795.438538,0,730
328845.357031,374514.938121,0,730
328977.500333,374802.067206,0,730
328845.619824,374480.229297,0,730
328865.497929,374476.428623,0,730
328908.086812,374784.635283,0,730
329224.1538,374828.72358,0,730
329090.228106,374685.760077,0,730
329258.240782,374675.727396,0,730
328915.393431,374651.560422,0,730
328764.823227,374510.620625,0,730
328752.669551,374443.807871,0,730
328818.951815,374751.066609,0,730
329048.991573,374764.077813,0,730
328807.417176,374682.045416,0,730
329000.876342,374795.281326,0,730
328911.005625,374709.874676,0,730
329141.407036,374657.747721,0,730
328984.525225,374735.047937,0,730
328913.665847,374795.02025,0,730
328952.944441,374537.21396,0,730
329139.940748,374656.296128,0,730
328825.215555,374596.73207,0,730
329265.170011,374743.407847,0,730
329170.664741,374712.318803,0,730
329057.400077,374571.321165,0,730
328995.921157,374756.386394,0,730
329318.871414,374876.745365,0,730
329191.629114,374633.22453,0,730
329213.668848,374672.319541,0,730
328829.310287,374717.476802,0,730
329067.062571,374717.208575,0,730
328764.023699,374510.875045,0,730
328933.506322,374690.165834,0,730
329046.185997,374756.712823,0,730
328992.750186,374578.435956,0,730
329055.312763,374761.100247,0,730
328741.96796,374753.217379,0,730
328869.862493,374817.428848,0,730
328788.756169,374802.938929,0,730
328939.22097,374634.394082,0,730
328940.247513,374623.315436,0,730
328942.677772,374692.949657,0,730
328934.373709,374700.459969,0,730
329061.235299,374649.611051,0,730
329283.710406,374752.340257,0,730
328793.99803,374611.831007,0,730
328864.628889,374788.054756,0,730
328779.204634,374612.554377,0,730
329369.030475,374823.812693,0,730
328792.244584,374521.442106,0,730
329075.594653,374595.797986,0,730
329308.284136,374871.649961,0,730
329033.521253,374629.654836,0,730
328919.072971,374686.830806,0,730
329362.515814,374858.129429,0,730
328922.239111,374770.773848,0,730
328771.804158,374641.502916,0,730
328818.053634,374697.944052,0,730
328886.669125,374793.308569,0,730
328908.705142,374501.267913,0,730
328742.412807,374593.58815,0,730
328896.825343,374818.041884,0,730
329168.544815,374695.919645,0,730
329257.487097,374715.028479,0,730
329279.262078,374693.62564,0,730
329036.099128,374639.234237,0,730
328856.480575,374586.577023,0,730
328744.615964,374752.756235,0,730
329128.701153,374810.02038,0,730
328967.608974,374661.920192,0,730
328922.741953,374484.384206,0,730
328753.91061,374447.188526,0,730
328828.177043,374813.367078,0,730
329212.381982,374668.527363,0,730
328930.561406,374465.143589,0,730
329230.706256,374750.449023,0,730
329003.697424,374717.610666,0,730
328790.626311,374754.293453,0,730
329203.352939,374818.467402,0,730
328812.991028,374798.740586,0,730
329262.363816,374729.375241,0,730
328810.400627,374765.456044,0,730
328818.300403,374475.348272,0,730
329009.647804,374751.079528,0,730
329157.381895,374822.701,0,730
328967.474491,374787.790744,0,730
329050.264382,374789.952191,0,730
329115.901027,374613.604586,0,730
328837.513754,374726.176456,0,730
328885.416322,374795.363119,0,730
328980.93381,374686.507073,0,730
328996.82997,374576.070002,0,730
328778.559013,374767.517104,0,730
328908.214695,374597.036648,0,730
329123.430424,374582.535836,0,730
328970.561955,374503.09426,0,730
328823.142687,374587.842367,0,730
328965.148303,374817.44225,0,730
328967.297396,374694.609942,0,730
328786.157272,374471.7191,0,730
328996.81105,374750.411987,0,730
328991.392687,374550.548424,0,730
329208.386173,374813.638823,0,730
329218.927233,374732.835165,0,730
329195.229827,374809.812197,0,730
328824.692033,374610.677124,0,730
328848.661088,374727.3117,0,730
328855.970185,374485.561137,0,730
329199.258837,374656.132306,0,730
328813.578122,374585.343638,0,730
329280.935384,374869.885575,0,730
329033.774402,374665.860827,0,730
328865.209723,374656.271829,0,730
328937.45016,374558.678579,0,730
329173.88863,374678.169498,0,730
329018.008841,374597.078637,0,730
328874.415842,374668.797967,0,730
328722.529232,374720.019217,0,730
328751.571856,374599.863812,0,730
329116.288944,374694.862538,0,730
328791.871855,374526.636336,0,730
329184.912022,374732.831756,0,730
328739.713691,374459.738821,0,730
329037.585218,374740.788473,0,730
329025.504963,374757.068364,0,730
328749.412584,374494.453374,0,730
328936.43958,374661.511014,0,730
329095.752844,374665.468981,0,730
329005.048255,374617.631379,0,730
329026.269949,374663.83337,0,730
328774.361201,374490.49938,0,730
328849.921241,374488.258041,0,730
329019.708596,374615.599672,0,730
328935.849281,374551.186646,0,730
328832.674216,374565.695954,0,730
328771.094899,374805.44125,0,730
329014.68489,374563.160971,0,730
328851.561898,374766.27444,0,730
329015.198965,374747.1021,0,730
329132.260664,374591.387708,0,730
329234.244645,374804.889831,0,730
329232.782548,374872.814509,0,730
328834.953089,374691.162469,0,730
328722.878586,374595.043589,0,730
328765.876618,374498.988904,0,730
329079.690954,374572.081487,0,730
328731.839511,374660.255478,0,730
328983.2218,374548.004096,0,730
329082.100073,374639.517653,0,730
328821.655383,374507.020316,0,730
329179.533034,374688.106004,0,730
329135.929346,374818.490964,0,730
328748.498419,374468.593235,0,730
328933.130682,374763.282511,0,730
329137.693266,374615.537361,0,730
328817.862468,374716.48277,0,730
329141.739448,374668.469941,0,730
328857.650182,374814.501728,0,730
328864.29136,374802.65234,0,730
329036.904973,374695.321865,0,730
329309.903651,374840.455551,0,730
328988.887523,374617.199201,0,730
328954.06588,374520.493875,0,730
328829.53554,374769.065405,0,730
328837.465865,374657.896911,0,730
329100.236407,374603.824081,0,730
328825.558642,374514.628392,0,730
328919.566377,374752.955252,0,730
328902.809988,374677.182272,0,730
328942.040325,374672.269659,0,730
329150.914408,374790.080854,0,730
329337.89564,374835.693062,0,730
328963.506358,374562.882311,0,730
329139.478758,374674.52679,0,730
328722.967733,374789.730347,0,730
328826.591827,374608.277038,0,730
328904.826083,374800.60922,0,730
328806.757891,374523.215774,0,730
328997.88897,374724.830498,0,730
329091.795435,374617.517192,0,730
329182.3453,374806.055745,0,730
329014.046827,374642.037127,0,730
328945.247235,374760.848508,0,730
328881.639564,374683.188723,0,730
328742.683512,374566.268561,0,730
329085.999602,374691.485836,0,730
328750.187974,374735.900608,0,730
328730.053738,374587.362605,0,730
329096.944273,374722.276063,0,730
328768.174395,374708.386712,0,730
328908.686512,374466.96129,0,730
328750.496109,374745.890384,0,730
328777.642226,374670.301412,0,730
329081.868892,374818.049485,0,730
328961.719344,374636.262066,0,730
329163.360338,374696.234123,0,730
328840.602433,374538.629592,0,730
328956.274987,374580.894425,0,730
329020.320585,374627.144645,0,730
329228.99495,374864.993902,0,730
329024.436107,374673.544496,0,730
329119.181857,374698.240298,0,730
329053.914968,374714.460307,0,730
329165.550604,374849.345025,0,730
329266.351742,374690.134159,0,730
328864.057866,374791.79056,0,730
329070.086038,374612.861314,0,730
328898.735164,374515.044617,0,730
329101.471902,374704.660723,0,730
329176.937827,374854.820703,0,730
329234.807805,374705.509458,0,730
328877.98139,374633.996606,0,730
328939.807653,374805.941882,0,730
329060.409126,374849.611413,0,730
329161.491773,374811.262992,0,730
329126.96783,374722.400576,0,730
329102.54262,374770.772983,0,730
328781.406825,374711.75144,0,730
329185.505407,374750.764543,0,730
329260.787599,374693.520176,0,730
328874.832195,374630.309885,0,730
328946.327041,374747.795585,0,730
329224.995735,374660.584605,0,730
328915.113574,374729.319553,0,730
329089.806103,374696.926166,0,730
328908.189651,374543.852486,0,730
329051.27617,374656.06246,0,730
329211.215828,374725.910991,0,730
329265.783792,374830.443931,0,730
328832.987772,374734.828096,0,730
329163.185704,374778.521392,0,730
328913.768847,374779.50059,0,730
329085.575607,374824.931508,0,730
329017.093949,374589.668203,0,730
328836.158307,374535.930156,0,730
328989.246673,374519.14427,0,730
329204.146715,374693.693463,0,730
329222.368743,374774.303685,0,730
328910.559959,374525.686129,0,730
329264.866435,374733.285407,0,730
328924.731824,374581.380472,0,730
329148.678724,374721.180621,0,730
328795.038432,374529.697587,0,730
328777.758453,374602.283748,0,730
328988.262927,374836.572435,0,730
328918.609676,374471.854015,0,730
328782.707581,374478.060213,0,730
328926.887783,374792.028705,0,730
329020.456263,374626.724606,0,730
328932.902433,374620.564313,0,730
328897.7133,374482.629542,0,730
328821.926026,374487.807276,0,730
328985.328763,374647.818781,0,730
329257.569079,374706.60693,0,730
329195.172945,374838.632438,0,730
328908.333126,374819.474897,0,730
328847.399734,374634.69636,0,730
329024.030988,374842.819493,0,730
329158.138722,374793.199953,0,730
328918.439989,374616.080231,0,730
328742.861519,374493.277295,0,730
328893.787664,374516.924058,0,730
328959.351304,374778.013849,0,730
329217.335417,374775.834108,0,730
328836.457486,374698.427524,0,730
328929.561168,374741.530177,0,730
329023.327354,374598.231874,0,730
328742.621404,374493.420695,0,730
328994.874854,374791.587326,0,730
329006.809084,374566.122342,0,730
329131.54978,374634.481912,0,730
328787.866306,374718.202217,0,730
329153.462066,374806.104793,0,730
329095.669382,374625.315894,0,730
328789.674388,374736.983661,0,730
329343.953283,374835.044223,0,730
328747.517892,374432.300529,0,730
328751.082501,374580.569688,0,730
329016.683792,374581.065648,0,730
328956.344653,374604.896659,0,730
328753.440256,374735.674983,0,730
328864.052597,374524.636648,0,730
329083.016979,374578.632374,0,730
328859.469679,374728.258629,0,730
329219.369263,374837.505477,0,730
328769.332962,374732.389366,0,730
329005.789504,374820.872883,0,730
329041.2923,374771.029241,0,730
328884.451321,374779.142602,0,730
328978.781203,374682.921209,0,730
328896.304164,374500.883153,0,730
328826.639692,374687.192656,0,730
328810.911548,374612.020712,0,730
328967.646854,374679.335307,0,730
329224.494208,374754.815664,0,730
328888.51875,374561.958684,0,730
328923.438921,374494.954365,0,730
328864.607741,374457.507521,0,730
329030.598352,374613.004035,0,730
328961.461217,374835.371838,0,730
328846.777387,374634.975905,0,730
329104.190427,374812.549648,0,730
329086.54294,374578.127626,0,730
329119.080332,374856.590562,0,730
328801.049575,374552.701983,0,730
329011.171929,374713.150415,0,730
329037.781855,374589.455834,0,730
329040.096912,374845.806961,0,730
328759.031571,374562.065169,0,730
328787.990575,374596.832823,0,730
329146.198416,374733.417607,0,730
329070.375836,374662.792484,0,730
329241.294169,374872.723648,0,730
329131.499313,374775.21935,0,730
329087.258993,374675.167406,0,730
329272.480672,374718.961431,0,730
329190.547295,374787.209195,0,730
328883.152027,374593.70033,0,730
328932.435917,374504.865966,0,730
328941.936166,374751.333577,0,730
329084.412054,374680.135243,0,730
329112.280246,374820.271758,0,730
328817.989569,374561.418943,0,730
328797.412851,374641.809741,0,730
329234.277101,374819.559603,0,730
328755.797276,374615.493311,0,730
329152.000282,374698.604424,0,730
329206.363515,374723.051602,0,730
329081.454359,374773.035131,0,730
328938.346567,374570.319412,0,730
328991.848608,374542.043809,0,730
328960.125636,374831.443878,0,730
328820.242395,374547.175995,0,730
328869.485031,374756.827624,0,730
329146.447907,374606.070624,0,730
328981.488339,374565.563572,0,730
329080.549632,374711.348194,0,730
328839.980742,374695.928278,0,730
328731.992704,374650.769249,0,730
328871.506047,374770.467259,0,730
329029.980482,374797.355797,0,730
329079.33343,374721.924505,0,730
328876.874575,374573.956364,0,730
329282.699461,374714.016461,0,730
328735.621971,374705.759219,0,730
329282.368837,374689.04107,0,730
329027.838572,374589.382815,0,730
329274.488714,374828.245487,0,730
328733.860225,374773.290484,0,730
328834.428341,374599.868098,0,730
329103.485492,374760.728749,0,730
328977.137955,374773.620601,0,730
329283.548711,374765.704395,0,730
329157.575734,374817.96441,0,730
328989.808976,374795.251455,0,730
328943.827667,374739.066934,0,730
328997.159298,374711.382118,0,730
329277.060149,374732.815924,0,730
328888.812475,374805.910789,0,730
328739.18261,374717.62213,0,730
329105.384291,374667.314657,0,730
328937.752469,374802.12828,0,730
329096.800207,374658.471298,0,730
328786.722329,374758.440543,0,730
328776.649498,374610.402999,0,730
329254.137664,374829.170256,0,730
329281.921078,374704.12918,0,730
329167.305107,374796.60077,0,730
328725.701967,374706.782608,0,730
329161.724626,374835.23375,0,730
329180.341924,374779.531259,0,730
329040.526627,374700.547715,0,730
328837.771307,374725.896527,0,730
329223.417175,374787.223287,0,730
329219.522866,374701.941504,0,730
328873.269142,374667.174958,0,730
328740.24298,374744.332418,0,730
328785.957332,374661.825608,0,730
328851.525267,374670.917848,0,730
329053.669118,374626.406627,0,730
328725.608941,374792.298101,0,730
328730.80493,374789.512756,0,730
329017.934432,374544.817324,0,730
329081.161679,374823.692483,0,730
328747.773824,374757.079137,0,730
328815.201004,374726.290432,0,730
328968.924536,374615.184736,0,730
329143.452395,374649.386604,0,730
329027.842788,374730.471128,0,730
329167.627729,374804.484186,0,730
329066.103632,374637.42997,0,730
328866.081492,374632.523793,0,730
328924.951412,374829.540126,0,730
329250.749401,374779.44411,0,730
328914.282973,374822.636262,0,730
328862.001025,374554.434671,0,730
328896.684655,374590.435332,0,730
329004.128501,374625.010309,0,730
328967.051318,374556.255138,0,730
329236.306987,374770.17992,0,730
328715.521119,374791.192368,0,730
328939.506006,374588.569154,0,730
328912.98903,374547.322344,0,730
328878.07397,374730.567797,0,730
328901.993153,374622.389804,0,730
329163.70537,374798.106396,0,730
328769.896194,374578.487714,0,730
329033.619834,374699.497378,0,730
328831.956572,374489.280029,0,730
329083.176415,374578.832707,0,730
329025.415877,374713.576235,0,730
328935.310497,374611.941372,0,730
329140.380427,374859.823756,0,730
328826.379338,374617.239713,0,730
328816.734067,374498.319885,0,730
328798.356267,374626.013454,0,730
329079.743178,374753.066828,0,730
328870.025851,374791.885455,0,730
328946.717848,374545.517585,0,730
328718.109134,374638.619552,0,730
329190.062458,374757.724527,0,730
328799.362149,374569.586489,0,730
329116.112482,374797.206012,0,730
329226.307263,374822.186793,0,730
328824.180402,374802.52499,0,730
328921.963759,374542.484109,0,730
328824.508124,374535.877311,0,730
329150.580529,374861.093835,0,730
328820.369085,374478.668999,0,730
328944.786148,374505.32044,0,730
328804.727199,374696.912092,0,730
329061.04321,374574.095723,0,730
328877.706585,374446.276287,0,730
329205.163067,374838.074018,0,730
329149.485119,374794.740527,0,730
329127.797426,374711.421609,0,730
329124.783925,374588.290133,0,730
328939.932037,374803.660097,0,730
328859.708671,374786.414083,0,730
329058.506955,374599.701284,0,730
329189.252551,374853.76897,0,730
329234.129942,374732.724368,0,730
328956.254212,374801.932556,0,730
328888.735124,374463.69637,0,730
329090.098279,374627.345124,0,730
328826.862074,374762.158023,0,730
329240.960934,374800.696703,0,730
328895.162951,374522.752397,0,730
328747.637752,374547.067913,0,730
328794.301982,374503.514459,0,730
328896.6826,374685.008296,0,730
329097.174078,374620.28086,0,730
329047.949062,374583.433268,0,730
329233.738005,374723.722693,0,730
328793.717056,374745.063627,0,730
328899.899456,374525.557131,0,730
328785.125739,374751.221937,0,730
329146.011825,374845.65371,0,730
328786.166393,374606.23338,0,730
328863.721788,374529.348575,0,730
329120.347948,374853.574343,0,730
328846.183288,374531.929065,0,730
328842.959048,374754.540735,0,730
329018.328353,374645.424877,0,730
328878.596384,374512.711976,0,730
329162.295838,374825.099745,0,730
328872.544973,374597.782101,0,730
328970.866037,374823.466368,0,730
329100.328272,374669.477615,0,730
329062.175862,374601.712822,0,730
329005.115426,374526.107148,0,730
328788.640474,374778.515054,0,730
328803.802258,374592.765198,0,730
328945.097003,374610.863935,0,730
328840.033258,374702.220065,0,730
329215.765758,374791.017221,0,730
329050.897594,374649.883317,0,730
329201.859533,374729.127347,0,730
329356.437258,374824.764848,0,730
329292.918998,374835.089324,0,730
329195.323932,374652.936691,0,730
328791.427077,374672.152625,0,730
328836.049765,374490.736758,0,730
329110.206297,374808.737769,0,730
328799.822962,374747.014753,0,730
329016.415867,374641.401398,0,730
329108.074102,374694.242995,0,730
328839.558823,374571.015844,0,730
328743.198571,374800.96922,0,730
328928.539805,374551.633126,0,730
329117.564872,374743.141204,0,730
328716.086935,374739.46458,0,730
329053.463333,374668.605435,0,730
328974.059274,374683.8869,0,730
328951.961267,374678.665908,0,730
329217.223841,374812.196363,0,730
329167.201685,374775.847436,0,730
328920.571011,374695.222003,0,730
329110.682033,374800.568354,0,730
328735.474973,374697.578831,0,730
329036.350306,374730.334901,0,730
328744.173171,374712.119615,0,730
328901.299609,374521.160216,0,730
328893.176817,374600.616593,0,730
329201.781906,374678.643219,0,730
328713.498659,374737.844437,0,730
329264.980533,374699.60256,0,730
328756.586833,374696.635193,0,730
329089.738611,374753.043309,0,730
328779.479705,374552.300956,0,730
328997.871597,374826.294655,0,730
329079.94021,374762.196301,0,730
328802.642595,374731.625744,0,730
329138.862772,374648.633412,0,730
329085.544736,374782.090692,0,730
328909.277757,374698.900794,0,730
328757.746671,374776.004228,0,730
329103.770819,374754.357827,0,730
328788.183259,374523.092434,0,730
329168.752373,374682.474451,0,730
328762.91189,374713.852686,0,730
329251.755397,374785.479442,0,730
328928.742307,374676.65408,0,730
329284.294383,374696.718626,0,730
329327.45047,374867.736038,0,730
328874.46824,374820.530308,0,730
328867.856628,374668.009845,0,730
328795.146778,374658.655024,0,730
328771.246327,374806.653539,0,730
329017.045333,374567.368503,0,730
329165.116566,374694.915839,0,730
328979.047752,374687.786357,0,730
328933.639142,374633.793084,0,730
328884.521788,374775.305093,0,730
328969.685493,374589.068346,0,730
328776.702862,374797.16996,0,730
328758.504039,374516.143207,0,730
328721.586303,374627.019795,0,730
329238.545455,374823.297718,0,730
329235.510635,374790.143954,0,730
329082.935055,374630.990018,0,730
328985.875009,374816.718381,0,730
328816.447009,374797.906656,0,730
328833.358001,374537.662383,0,730
329149.7747,374694.933697,0,730
328832.138595,374614.164826,0,730
328834.858465,374565.763361,0,730
329002.576718,374736.613711,0,730
328969.754844,374540.228693,0,730
328937.789944,374551.007088,0,730
329049.340344,374622.876229,0,730
328932.474654,374544.408166,0,730
329172.152734,374762.783718,0,730
329057.986474,374804.541004,0,730
329092.441768,374826.939038,0,730
328910.985909,374718.967625,0,730
329171.112731,374630.613663,0,730
329043.267161,374734.041564,0,730
329097.628624,374816.83116,0,730
329059.921761,374776.72829,0,730
328993.410016,374658.002263,0,730
328912.101989,374611.725302,0,730
329221.178351,374834.343478,0,730
328904.917052,374575.559664,0,730
329100.563385,374593.379428,0,730
328971.932146,374649.826498,0,730
328975.840942,374540.832057,0,730
329130.289568,374773.643926,0,730
329114.305648,374714.304135,0,730
328995.828121,374512.689475,0,730
328947.526692,374663.885528,0,730
329111.233367,374798.65924,0,730
328812.878096,374490.710206,0,730
329006.533027,374569.237773,0,730
329002.105603,374603.390844,0,730
328732.063253,374617.984112,0,730
329045.412171,374650.494258,0,730
328941.131569,374760.729129,0,730
328851.729579,374537.115378,0,730
329345.917716,374875.482155,0,730
329047.214441,374572.802685,0,730
329214.220698,374672.416503,0,730
329096.028949,374627.860723,0,730
328948.863725,374507.628873,0,730
329197.604067,374644.747844,0,730
329226.518328,374751.849806,0,730
328887.560661,374517.678193,0,730
329113.558041,374682.688335,0,730
328969.915459,374717.266421,0,730
328753.328695,374446.829538,0,730
328737.631024,374626.400872,0,730
328865.669441,374657.638778,0,730
329156.023516,374699.282598,0,730
328728.604647,374726.384298,0,730
328809.941891,374666.910824,0,730
328877.845316,374655.353303,0,730
328795.820989,374720.759957,0,730
329258.800396,374824.777467,0,730
329027.423342,374683.843186,0,730
329003.498774,374760.512377,0,730
329123.079601,374711.536811,0,730
328761.266106,374447.818169,0,730
329356.833162,374872.415597,0,730
329213.964003,374742.234566,0,730
329110.643106,374599.170428,0,730
329204.669315,374648.038685,0,730
328883.004884,374784.762846,0,730
328981.364289,374569.563459,0,730
328779.673387,374796.828156,0,730
328959.328336,374822.453801,0,730
328961.67988,374564.333203,0,730
328931.617776,374779.390452,0,730
328834.10781,374707.322168,0,730
329136.252994,374725.145431,0,730
329296.791426,374756.100217,0,730
329189.215923,374759.572147,0,730
329217.453388,374676.78043,0,730
328818.760175,374595.717219,0,730
329130.978823,374844.317045,0,730
329086.380765,374756.261285,0,730
329269.978032,374719.331043,0,730
329277.000222,374768.654885,0,730
329175.993657,374651.052972,0,730
329035.844907,374834.146604,0,730
329050.245033,374727.814974,0,730
328902.334672,374562.757868,0,730
329276.571503,374741.947161,0,730
328875.800253,374540.047842,0,730
329039.530889,374760.117736,0,730
328780.177759,374653.217624,0,730
328849.469105,374633.268225,0,730
329016.99113,374808.517059,0,730
328984.686241,374508.943423,0,730
328763.180408,374673.858784,0,730
329223.451728,374777.118796,0,730
328800.936128,374518.769039,0,730
328927.206145,374730.724245,0,730
328787.416122,374752.543048,0,730
328917.904154,374713.904113,0,730
329295.820425,374725.204513,0,730
328996.809817,374712.123115,0,730
328787.121323,374529.01685,0,730
328798.91183,374770.574753,0,730
329052.473865,374544.357673,0,730
329061.080037,374825.279254,0,730
328774.885265,374720.632263,0,730
328764.39781,374789.603377,0,730
329106.177533,374673.557403,0,730
329117.347042,374623.727319,0,730
329269.839219,374831.540484,0,730
328994.816597,374541.743742,0,730
329108.429384,374795.857861,0,730
328987.83365,374542.301778,0,730
329108.669083,374686.566133,0,730
329197.640185,374689.287879,0,730
328779.789825,374729.308806,0,730
328747.486713,374707.181984,0,730
328734.52748,374582.918512,0,730
328818.938247,374596.783945,0,730
328881.674419,374563.088249,0,730
329104.057476,374819.283317,0,730
329024.118113,374555.263517,0,730
328871.794547,374580.523671,0,730
329029.299642,374746.598998,0,730
328975.353753,374529.746868,0,730
328793.905487,374498.037533,0,730
329168.16777,374702.694225,0,730
329082.603534,374596.802405,0,730
329076.75851,374657.335585,0,730
328721.790343,374644.809803,0,730
329269.544307,374877.307475,0,730
328860.554777,374495.1382,0,730
328846.28248,374668.090114,0,730
328980.892824,374770.727482,0,730
328948.998793,374782.271137,0,730
328721.053243,374741.008918,0,730
329224.517492,374837.051493,0,730
328866.510778,374622.478104,0,730
329012.307441,374703.661412,0,730
329020.575572,374745.179905,0,730
329144.482169,374588.583836,0,730
328765.894207,374621.540456,0,730
329241.628473,374846.389533,0,730
328787.595879,374526.147256,0,730
328975.557984,374760.292724,0,730
328883.348608,374774.914411,0,730
329220.710171,374716.360785,0,730
329326.215017,374862.468482,0,730
328912.143141,374555.992706,0,730
329132.626333,374750.301309,0,730
329054.298962,374648.946548,0,730
329359.873723,374844.062195,0,730
329027.244799,374547.223727,0,730
329065.494061,374756.546134,0,730
329167.578152,374616.068329,0,730
329015.694497,374519.147295,0,730
329172.735187,374760.542608,0,730
328971.764543,374522.269938,0,730
329096.25641,374674.639327,0,730
329281.056463,374741.785152,0,730
329022.927326,374708.929797,0,730
328787.052733,374732.46638,0,730
328918.848839,374707.312801,0,730
329062.03669,374808.990038,0,730
328757.291444,374774.817446,0,730
329039.768923,374534.432661,0,730
329064.301249,374764.505397,0,730
329114.303468,374809.682532,0,730
329158.072612,374768.934971,0,730
328996.400798,374723.467807,0,730
328845.470169,374520.06739,0,730
328998.528842,374521.195511,0,730
328884.486184,374531.547975,0,730
329089.724088,374823.722606,0,730
328794.793735,374757.961736,0,730
329175.901863,374863.856637,0,730
328843.921169,374731.844091,0,730
328912.771601,374573.395865,0,730
329104.923342,374695.19074,0,730
328757.075125,374452.665177,0,730
329193.934149,374854.364673,0,730
329147.622048,374802.485159,0,730
328934.717038,374646.722068,0,730
329291.205721,374837.739021,0,730
329025.522173,374637.163548,0,730
329101.222006,374586.884459,0,730
328858.335628,374517.246029,0,730
328850.710067,374562.423074,0,730
328768.785337,374653.957685,0,730
329189.939252,374744.625903,0,730
328884.470141,374679.838711,0,730
328744.634082,374505.073191,0,730
328850.827974,374465.93312,0,730
329118.49657,374586.235358,0,730
328789.786581,374647.697575,0,730
329045.25142,374696.079591,0,730
328799.769381,374637.891258,0,730
328953.349991,374668.490912,0,730
328806.212765,374479.865985,0,730
329366.8954,374837.721173,0,730
328954.96175,374612.641386,0,730
329071.064516,374651.591879,0,730
328832.467335,374609.550183,0,730
328776.541673,374454.664598,0,730
329152.856278,374751.895722,0,730
329087.852673,374696.264937,0,730
328937.694318,374805.641439,0,730
328948.397515,374590.615421,0,730
328959.250001,374642.001872,0,730
329204.341685,374785.986304,0,730
328756.244585,374545.769379,0,730
328959.482687,374627.392008,0,730
328918.709094,374578.478034,0,730
329299.143054,374714.794249,0,730
329193.771242,374825.606795,0,730
328997.441999,374558.951079,0,730
328892.73194,374567.81584,0,730
329295.857826,374876.034021,0,730
329012.292053,374675.803759,0,730
329178.264662,374646.199792,0,730
328786.749012,374800.618413,0,730
328796.711348,374696.742164,0,730
328844.589586,374731.465195,0,730
328940.252866,374648.146035,0,730
328910.480197,374696.01099,0,730
328754.493697,374774.874514,0,730
328994.130817,374729.750503,0,730
329072.264444,374805.007324,0,730
329014.758477,374653.863192,0,730
328813.551442,374674.639979,0,730
328747.393446,374617.213213,0,730
328836.765408,374785.871869,0,730
328761.778398,374802.797418,0,730
329028.656618,374803.352574,0,730
328746.650147,374523.371156,0,730
329156.392931,374649.57788,0,730
329104.1913,374849.173835,0,730
328792.223078,374624.927708,0,730
329144.379739,374744.387793,0,730
328869.123186,374607.304879,0,730
329170.881175,374803.632523,0,730
329121.821058,374603.872496,0,730
328863.204124,374603.739806,0,730
328970.672892,374789.119094,0,730
328817.721958,374656.187473,0,730
328775.293814,374480.091852,0,730
328836.227135,374530.669865,0,730
328751.725343,374482.339711,0,730
329070.608742,374721.861516,0,730
328877.867521,374651.022003,0,730
329025.626397,374746.206552,0,730
328750.164647,374505.731721,0,730
328973.076291,374643.342192,0,730
328837.600224,374668.041306,0,730
328807.661607,374735.055895,0,730
328996.542265,374631.209902,0,730
328873.584057,374693.100357,0,730
328786.072189,374647.062397,0,730
329019.191688,374585.803879,0,730
328711.704759,374715.487436,0,730
329138.663168,374765.619919,0,730
329124.708999,374582.551342,0,730
329184.439969,374738.288833,0,730
328797.527886,374603.006713,0,730
328883.569767,374738.487658,0,730
328839.949664,374794.941606,0,730
328812.64516,374558.533229,0,730
328974.244504,374675.253038,0,730
328730.534535,374563.921925,0,730
328902.403381,374567.75666,0,730
329204.872866,374753.012071,0,730
329038.787302,374624.209277,0,730
329221.299347,374710.173087,0,730
329051.737954,374719.171911,0,730
329027.140381,374798.887464,0,730
328748.113024,374621.421956,0,730
328760.323714,374679.074229,0,730
328729.260616,374687.770098,0,730
328886.091535,374564.50134,0,730
328731.770903,374760.062917,0,730
328898.57865,374465.369287,0,730
328954.33809,374747.703337,0,730
328795.475562,374488.600071,0,730
329127.529202,374677.263295,0,730
329061.327563,374615.20374,0,730
328890.286207,374770.199633,0,730
328956.808781,374557.338247,0,730
329038.943721,374527.325171,0,730
329360.925761,374873.844374,0,730
328995.450237,374708.34219,0,730
329031.88979,374593.906592,0,730
328822.051167,374569.058994,0,730
329278.556234,374858.335895,0,730
328900.429644,374671.129517,0,730
329100.130711,374593.280376,0,730
328887.740074,374821.839278,0,730
328743.552975,374532.200351,0,730
329314.296706,374872.130745,0,730
328952.743356,374755.73708,0,730
328907.148166,374779.355636,0,730
329039.724453,374717.100002,0,730
328992.517061,374593.589044,0,730
328761.242246,374765.832329,0,730
328986.665859,374826.414928,0,730
328752.563026,374786.490999,0,730
329100.423178,374761.658535,0,730
328953.298383,374812.080612,0,730
329156.903992,374758.48043,0,730
329112.716428,374763.401014,0,730
329282.193489,374856.571725,0,730
329075.499352,374602.94805,0,730
328893.812291,374784.869557,0,730
329079.54413,374713.547683,0,730
328830.926757,374509.922814,0,730
328707.116826,374783.026964,0,730
328876.165753,374582.437071,0,730
329022.781214,374663.935096,0,730
329079.165665,374773.401883,0,730
329050.868417,374743.387553,0,730
328874.906865,374516.933636,0,730
328897.706233,374680.77717,0,730
328866.92526,374820.176257,0,730
328927.163486,374742.608166,0,730
329336.080803,374846.727331,0,730
329178.5114,374758.960878,0,730
328891.22337,374491.676425,0,730
329296.16358,374738.857207,0,730
329028.422749,374539.990961,0,730
328759.621079,374453.731733,0,730
328748.267322,374658.594813,0,730
328750.050182,374701.783219,0,730
328853.66231,374760.012152,0,730
329261.826906,374802.085599,0,730
328846.930283,374498.220389,0,730
329003.881251,374548.929678,0,730
329015.785303,374514.299247,0,730
328843.971811,374513.346492,0,730
329209.366279,374703.344063,0,730
328964.307152,374580.014765,0,730
328799.174817,374569.395224,0,730
329157.157804,374752.108127,0,730
328744.58567,374488.746283,0,730
329019.259456,374576.569814,0,730
328885.075348,374745.266261,0,730
328745.537177,374433.598556,0,730
329301.77448,374870.021971,0,730
328990.227812,374596.282216,0,730
329044.686616,374745.616739,0,730
328861.670942,374569.371093,0,730
329242.952664,374835.523425,0,730
328740.727708,374557.982104,0,730
328835.969569,374506.186837,0,730
328813.273087,374805.610369,0,730
329296.530593,374879.649952,0,730
329010.718651,374549.972741,0,730
328988.60988,374745.254618,0,730
328752.47045,374460.517845,0,730
328924.052113,374782.203368,0,730
329180.765243,374707.289811,0,730
328795.86533,374519.048795,0,730
328959.271399,374702.846646,0,730
328988.054115,374663.599548,0,730
329154.736194,374830.1241,0,730
328784.566123,374481.575176,0,730
329303.820749,374858.525237,0,730
329026.936789,374783.112293,0,730
328801.349785,374800.232785,0,730
328980.371456,374520.066466,0,730
328793.480836,374522.283203,0,730
328903.733085,374494.489069,0,730
328903.260899,374678.199506,0,730
329234.10277,374854.851378,0,730
328890.928955,374730.875857,0,730
328750.862925,374766.457292,0,730
328905.010093,374527.691167,0,730
328825.58002,374542.771955,0,730
328853.600259,374505.379816,0,730
328879.076649,374453.232154,0,730
328745.05494,374743.338837,0,730
329138.559917,374632.940487,0,730
328916.624488,374818.528881,0,730
329049.860944,374633.560786,0,730
329148.658554,374835.929608,0,730
328892.554179,374665.913058,0,730
329239.332511,374736.386577,0,730
328739.218498,374708.386497,0,730
328890.356588,374791.245525,0,730
328835.73144,374507.437583,0,730
329336.89924,374879.41648,0,730
328747.851902,374529.712279,0,730
329220.421649,374802.990386,0,730
329220.349508,374764.521278,14,730
328856.407485,374569.360231,16,730
329233.650324,374851.470596,29,730
328725.922743,374665.558859,31,730
328786.845911,374530.281429,37,730
328930.819582,374673.932094,39,730
328739.619105,374745.156906,46,730
329359.813083,374841.934249,85,730
329062.677876,374836.46252,88,730
329033.50756,374539.36034,93,730
328919.805036,374593.815129,104,730
328856.407485,374569.360231,133,730
328985.99476,374749.239178,140,730
328888.793436,374501.114811,149,730
328931.649942,374583.339369,157,730
328815.466898,374700.235068,209,730
328961.069627,374799.617936,214,730
328961.069627,374799.617936,223,730
328854.122387,374544.374352,249,730
329169.400876,374754.545722,250,730
329030.068105,374749.633088,253,730
329077.779709,374640.972876,254,730
328739.619105,374745.156906,259,730
329043.056698,374550.481395,317,730
328782.479904,374536.27446,333,730
328769.870593,374613.00055,336,730
328916.970764,374813.504703,365,730
328939.658627,374740.125979,404,730
328979.558272,374663.218797,457,730
329257.147752,374835.414463,474,730
328905.35005,374518.470821,493,730
329043.056698,374550.481395,533,730
328785.196366,374800.101353,536,730
328786.845911,374530.281429,549,730
328930.819582,374673.932094,571,730
328751.937726,374670.635691,573,730
329089.011428,374772.624381,581,730
328989.451418,374723.440275,594,730
328919.805036,374593.815129,658,730
329140.19113,374765.552892,682,730
328811.350776,374735.628014,707,730
328838.137856,374503.474346,708,730
328831.735647,374542.075207,715,730
