326281.294562,373279.007319,0,730
327468.231208,372847.128735,0,730
326617.577519,373010.431304,0,730
326448.908721,373385.499198,0,730
327355.005259,372996.918595,0,730
326804.502703,372831.895974,0,730
326500.75162,372776.026376,0,730
326727.884166,373005.338158,0,730
326340.504795,373535.425734,0,730
326926.234061,373209.848953,0,730
327057.450615,372731.587996,0,730
326592.964749,372834.525424,0,730
327039.935361,373211.888199,0,730
326639.184735,373239.388666,0,730
326476.012121,373222.682919,0,730
326343.407364,373671.933138,0,730
327301.791743,372775.481537,0,730
326841.457284,373083.788645,0,730
327265.11175,373147.570822,0,730
326432.257839,373208.252997,0,730
326926.7023,373268.593947,0,730
326326.393172,373006.866507,0,730
326503.394103,372793.410318,0,730
326512.613551,372907.291585,0,730
327155.009741,373025.119851,0,730
326583.845021,373112.062475,0,730
327110.430792,372956.542338,0,730
327301.021785,373172.522852,0,730
326906.038855,373286.812384,0,730
327303.124268,372756.316443,0,730
326228.245485,373059.599522,0,730
327497.203288,372923.155653,0,730
327015.969179,373146.19839,0,730
326834.73698,372822.004963,0,730
326534.709083,372864.935908,0,730
327216.362483,373003.101631,0,730
327120.901413,372645.679394,0,730
327183.902013,372666.616868,0,730
327000.806571,373032.964076,0,730
326488.653003,372828.32622,0,730
326723.219878,373238.892216,0,730
326472.837072,373069.561473,0,730
326568.273765,372795.317262,0,730
326237.24661,373355.569763,0,730
327133.893077,372748.975173,0,730
326314.030368,373528.524518,0,730
327062.755655,372934.761298,0,730
326817.415526,372996.72457,0,730
326532.810076,372970.294196,0,730
326407.970081,373253.454464,0,730
326848.656129,372888.685333,0,730
326871.286509,372887.221578,0,730
327438.341836,372927.526845,0,730
326302.916172,373540.940117,0,730
327284.472476,373130.171615,0,730
326298.426146,373069.564654,0,730
326513.120508,372894.409098,0,730
327242.503507,372660.956363,0,730
326569.73821,373202.401571,0,730
327513.547802,373123.975733,0,730
327195.147553,373147.094508,0,730
326311.164878,373480.584023,0,730
327339.191589,373101.392353,0,730
326417.748184,373412.840686,0,730
326455.471406,373346.337508,0,730
326486.383207,373252.446685,0,730
327095.538588,373135.73644,0,730
326507.900789,373113.728728,0,730
327174.767697,372867.5727,0,730
327452.942655,372888.538186,0,730
326281.466707,373425.348528,0,730
327134.525355,372742.659008,0,730
327071.415573,373073.586708,0,730
326239.514951,373108.291118,0,730
327395.809717,373029.176403,0,730
327014.269094,373090.016532,0,730
326777.342718,372775.489203,0,730
326366.407897,373142.51553,0,730
326861.221537,373209.057614,0,730
326829.691503,372827.094291,0,730
327398.780583,372712.577961,0,730
327467.651394,373139.123184,0,730
327236.230446,372705.071953,0,730
327062.179904,372989.158827,0,730
326269.100399,373468.810188,0,730
326929.425446,372874.831682,0,730
326725.412206,373037.422123,0,730
327497.252273,373091.170467,0,730
327494.509713,372888.857645,0,730
326453.912525,373439.88876,0,730
326505.17568,372961.157093,0,730
326569.375688,373266.293297,0,730
326536.400415,373131.516061,0,730
326714.940969,373003.15896,0,730
327235.373503,373076.377991,0,730
326333.23861,373414.547637,0,730
326581.456526,372907.115498,0,730
327153.576802,372739.981053,0,730
326390.825928,373036.993223,0,730
326502.85594,373126.220555,0,730
327450.485507,372993.073556,0,730
327263.694068,372604.478175,0,730
326718.300506,372956.212413,0,730
326455.904208,373368.051726,0,730
326390.825187,373092.869723,0,730
326809.439679,373273.292334,0,730
326960.999129,373206.143129,0,730
326456.217926,373430.020006,0,730
327443.646976,373020.469826,0,730
326880.977302,372826.356725,0,730
327165.923873,373130.269644,0,730
326256.531048,373269.249737,0,730
326468.081022,373072.744199,0,730
326838.797654,372877.601208,0,730
326663.818388,372977.105833,0,730
326769.127509,372768.013647,0,730
326477.498709,372813.597896,0,730
327187.130028,372761.629319,0,730
326572.329983,372842.810333,0,730
326518.619834,372892.951148,0,730
327358.781268,372766.129018,0,730
327369.979208,373038.760242,0,730
327149.155403,373140.586223,0,730
327291.416394,372969.482639,0,730
326700.610339,372844.490754,0,730
326947.056069,372990.248788,0,730
327356.865662,373038.986562,0,730
327056.232598,372899.797679,0,730
327118.058085,372652.767985,0,730
326338.75252,373118.878284,0,730
326735.098947,372957.564607,0,730
326288.456259,373133.422159,0,730
326831.342354,372853.900827,0,730
327090.400916,372780.301798,0,730
327224.10971,372793.460884,0,730
327044.966419,372877.765347,0,730
326743.919822,373095.228988,0,730
326569.723555,373284.957293,0,730
327044.638755,373038.857897,0,730
326495.582735,372896.314153,0,730
327389.612714,373043.546926,0,730
327374.589866,372756.494966,0,730
327263.082032,372840.650229,0,730
327317.369397,372819.052388,0,730
326409.192413,373157.05353,0,730
326583.900663,373109.868826,0,730
326968.515904,372928.260507,0,730
326928.272546,373252.607978,0,730
327498.576584,373122.509655,0,730
327144.441654,372894.024315,0,730
326985.057136,373177.788919,0,730
327331.104643,372953.84346,0,730
326714.894747,372986.369123,0,730
326664.965235,372987.834121,0,730
326453.888968,373467.680095,0,730
327383.712597,372942.540796,0,730
326284.631337,373596.540511,0,730
327098.551039,372715.27436,0,730
327397.044118,372835.009169,0,730
326354.910091,373000.636355,0,730
326249.083239,373194.092779,0,730
327016.40293,372723.350169,0,730
327146.849489,373108.265576,0,730
327488.944705,372904.806491,0,730
326653.346536,373004.730269,0,730
326220.531783,373399.04338,0,730
326955.019183,373027.37399,0,730
326414.071351,373395.441212,0,730
327202.509435,372795.46953,0,730
326807.843664,373091.189678,0,730
327140.915326,372698.311105,0,730
326250.045124,373549.690679,0,730
326986.113193,372999.873739,0,730
326966.536028,372960.774369,0,730
326491.18536,372835.551992,0,730
327494.440208,372859.522127,0,730
327439.738776,373033.02885,0,730
326343.079076,373648.796363,0,730
326616.345376,373169.193306,0,730
327308.071882,373039.569025,0,730
326732.957629,372874.923587,0,730
327116.337237,372944.858828,0,730
326906.770544,372952.184868,0,730
326639.46491,372699.552835,0,730
326834.742061,373112.120125,0,730
326847.319525,373130.773523,0,730
327130.493214,372948.038967,0,730
327287.680186,372737.485991,0,730
326835.425655,373252.326054,0,730
327180.665862,373087.790326,0,730
327104.891734,373059.721145,0,730
326330.613428,373198.412117,0,730
327147.134266,373118.505234,0,730
327396.794515,372822.518573,0,730
326919.434762,372993.289898,0,730
327518.68117,373138.13483,0,730
327158.735906,372755.400846,0,730
326529.719268,372952.716074,0,730
327477.273875,373162.736378,0,730
326649.462765,372786.200652,0,730
327305.596261,372969.770378,0,730
327176.06822,372738.83681,0,730
327110.162508,372651.074682,0,730
327517.683838,373043.556334,0,730
327160.388625,372698.285373,0,730
327027.43098,372922.961162,0,730
326254.155113,373025.23769,0,730
326259.854022,373411.915386,0,730
326801.33838,373009.419902,0,730
327050.904992,373217.446056,0,730
327004.015288,372983.187974,0,730
326498.683747,373244.195903,0,730
326651.670734,372816.876868,0,730
326907.616884,373238.746804,0,730
327026.527023,373139.711115,0,730
326345.18813,373166.554372,0,730
327073.79053,373075.605098,0,730
326859.522524,372975.173672,0,730
326848.836028,372806.905508,0,730
327049.433131,373148.672215,0,730
326457.038956,372990.162184,0,730
326956.320107,373157.682172,0,730
326854.946914,372839.24618,0,730
326652.904251,373269.142985,0,730
326700.26633,372762.591021,0,730
326482.554137,372957.808829,0,730
327066.871832,372878.019209,0,730
326470.692794,373081.887232,0,730
326347.28927,373683.533861,0,730
326499.546821,372928.27011,0,730
327012.30879,373132.077245,0,730
326991.434458,373056.738338,0,730
327133.612918,372792.320591,0,730
326747.810867,373203.409566,0,730
326316.667329,373613.870946,0,730
326298.762771,373063.502497,0,730
326554.865755,372706.883807,0,730
326285.003829,373152.850192,0,730
327197.858886,373007.482765,0,730
327139.32415,372857.966893,0,730
326986.746737,373115.129403,0,730
326682.301913,373281.74521,0,730
326231.579077,373215.780956,0,730
326499.405574,373150.913514,0,730
326958.277107,373252.426053,0,730
326288.728019,373247.463434,0,730
327343.666677,372842.859735,0,730
327377.982179,372829.477051,0,730
326754.500583,373105.015678,0,730
326627.52064,373090.488831,0,730
327300.871959,373088.73258,0,730
326547.472363,373101.009738,0,730
327253.166593,373084.783964,0,730
327331.913957,373077.313541,0,730
326324.692435,373626.676487,0,730
326808.093559,373070.328572,0,730
327040.875634,373182.96694,0,730
327157.092447,372956.874211,0,730
326272.223209,373381.573749,0,730
326949.212352,373004.247032,0,730
326876.625265,372924.735152,0,730
326465.173147,373302.777568,0,730
327410.770686,372985.135828,0,730
327014.612895,373041.36878,0,730
327514.690579,373009.204595,0,730
326412.29347,373155.283302,0,730
327155.46788,373017.471689,0,730
326308.612302,373516.038635,0,730
326474.198304,373189.422073,0,730
326576.580405,372790.134867,0,730
326720.939124,372985.955145,0,730
326550.249585,373042.335146,0,730
326877.850925,373145.479968,0,730
326590.484077,373281.674166,0,730
326252.397085,373355.007756,0,730
327067.079958,373016.309794,0,730
327066.270754,373188.055337,0,730
327114.153881,372862.13414,0,730
326470.944103,373168.572904,0,730
326623.817318,372864.225907,0,730
326178.189991,373276.614848,0,730
326457.81604,373449.844559,0,730
327251.000948,373029.998822,0,730
326748.02953,373217.102183,0,730
326697.386818,373037.590945,0,730
326250.608034,373268.72002,0,730
326930.214479,373083.343587,0,730
327339.102,372660.921675,0,730
327269.25677,373043.051758,0,730
326946.197985,373231.756523,0,730
327339.568313,373130.274146,0,730
326585.738371,372694.107095,0,730
326645.363243,372882.550837,0,730
326835.421177,372739.490372,0,730
326597.769543,373064.501093,0,730
326818.664176,373198.345288,0,730
327054.183282,372806.273703,0,730
326184.914298,373296.803898,0,730
326940.082476,373156.925271,0,730
326778.661376,372969.940789,0,730
326676.760773,373014.9044,0,730
326492.392215,373322.958651,0,730
326533.552194,373041.475739,0,730
326362.901275,373073.977854,0,730
326718.91781,373141.002106,0,730
326716.703098,372857.590695,0,730
327328.431375,372970.848008,0,730
327296.746606,373128.295286,0,730
327008.145,373029.819279,0,730
327486.284067,373081.719122,0,730
326951.355777,372937.976741,0,730
326705.295228,372716.647917,0,730
327108.853227,373039.325946,0,730
327219.587755,373072.439474,0,730
327471.482794,373051.149405,0,730
326772.357404,372907.358504,0,730
327103.234222,372882.949345,0,730
326732.487394,372943.061331,0,730
326959.632901,373219.073679,0,730
326771.501211,372738.664191,0,730
326546.456951,372773.082719,0,730
327195.232559,372730.267893,0,730
327067.877529,372709.730353,0,730
326175.429288,373240.108405,0,730
326832.865125,372846.722158,0,730
326231.227835,373099.016066,0,730
326939.988621,372894.09097,0,730
327372.169463,372870.956224,0,730
326903.722256,372822.890572,0,730
326988.081484,372868.737801,0,730
326722.992532,373119.704097,0,730
327459.296389,373031.824825,0,730
327423.288936,372791.351304,0,730
326631.557174,373241.222459,0,730
327116.859472,373124.795963,0,730
326647.062981,373267.2827,0,730
326204.308805,373075.1862,0,730
327474.53392,372872.551107,0,730
326932.732056,373077.977605,0,730
327193.314084,373011.169324,0,730
326777.687585,373042.580377,0,730
326360.738846,373173.130108,0,730
326419.106167,373373.54412,0,730
326331.268507,373306.979225,0,730
327351.639523,372887.339436,0,730
326281.422595,373545.874014,0,730
327350.602872,372737.629129,0,730
326852.544136,373119.249516,0,730
326754.616614,373001.335424,0,730
327255.595096,372869.241898,0,730
327038.284567,372827.272094,0,730
326262.43983,373206.383259,0,730
326562.313264,373181.702896,0,730
326392.342278,373210.465671,0,730
327387.890873,372708.660081,0,730
327009.884752,372978.320042,0,730
326674.094106,372974.115182,0,730
327000.815303,372933.956652,0,730
327110.427556,373105.893224,0,730
327194.309256,372881.146265,0,730
326640.487465,373031.991584,0,730
326738.448744,373274.612064,0,730
327306.491753,372986.339149,0,730
327304.001498,373061.020328,0,730
326219.373504,373228.706085,0,730
326384.88015,373500.714054,0,730
327256.434783,372628.400653,0,730
326891.993706,373271.011815,0,730
326437.501999,373213.61607,0,730
327205.289109,372892.127413,0,730
326384.293224,372980.518765,0,730
326425.321283,373157.906798,0,730
326909.45105,372770.545481,0,730
327132.512976,372862.028996,0,730
326712.343571,373304.797402,0,730
326462.193192,372993.289572,0,730
327157.312417,373184.026578,0,730
327123.477766,373160.597203,0,730
326947.965571,372734.878648,0,730
326614.558049,373213.405674,0,730
326939.152259,373191.112817,0,730
326539.732004,373085.868839,0,730
326843.888348,372954.092825,0,730
327008.24346,373228.881065,0,730
326960.48138,372871.060586,0,730
327132.494874,372699.994156,0,730
326460.739293,372819.027965,0,730
326976.121586,373163.873418,0,730
327167.947807,373108.844418,0,730
326841.772437,372979.680045,0,730
326966.550971,372849.38459,0,730
326670.572831,373045.852536,0,730
326704.145189,372991.849775,0,730
326677.429575,372816.576057,0,730
326774.56313,372783.603284,0,730
327356.998735,373082.467682,0,730
326512.312743,373023.900925,0,730
327406.932575,372943.043265,0,730
327068.492987,373150.122588,0,730
326648.092377,372882.83546,0,730
327182.009774,372685.65604,0,730
326883.064239,373042.161957,0,730
326441.703139,373095.692627,0,730
327334.832535,372845.372203,0,730
326379.328058,373135.521587,0,730
326894.37525,372991.403699,0,730
326325.231524,373412.839042,0,730
327457.694812,373170.515368,0,730
327214.198252,372856.328664,0,730
326682.430488,373031.850135,0,730
327391.437207,372997.674398,0,730
326749.133342,373087.09609,0,730
327136.458012,373110.250509,0,730
326670.217713,373095.494562,0,730
327318.04453,372611.876863,0,730
327292.727489,372916.892013,0,730
326428.904314,373008.093084,0,730
326614.313577,373030.940996,0,730
326646.221538,372730.931415,0,730
326227.611058,373186.609875,0,730
326608.811964,373313.458884,0,730
327213.285546,372717.376946,0,730
326944.098247,372941.243078,0,730
326455.130637,372886.081683,0,730
326501.208601,372735.673053,0,730
326645.647645,372819.151313,0,730
326679.927316,372714.487588,0,730
326755.193525,372892.374842,0,730
326511.34248,372762.762686,0,730
326976.973058,373217.159413,0,730
326933.653476,373223.460275,0,730
327390.041948,373102.112771,0,730
326682.281826,373262.479923,0,730
326907.735818,372773.84111,0,730
326456.242889,372867.001885,0,730
327143.611555,372754.108587,0,730
327100.315719,373213.660039,0,730
326656.676846,372933.087377,0,730
326486.196047,373099.252291,0,730
326807.306436,372871.733635,0,730
326661.659768,373292.316658,0,730
327332.309587,372761.178166,0,730
326366.410952,373201.273936,0,730
326954.264537,372998.976332,0,730
326347.324005,373356.362584,0,730
326639.136771,373180.194366,0,730
326245.756642,373352.322518,0,730
326497.439311,373126.679747,0,730
326945.239065,373223.406009,0,730
326779.232693,373161.764533,0,730
326987.477616,373177.54581,0,730
326435.620656,373130.7349,0,730
327328.703183,373182.104783,0,730
326703.113116,373046.497154,0,730
326478.49114,373005.812041,0,730
326723.458371,372980.422751,0,730
327309.497806,373186.417149,0,730
327093.87581,372849.231342,0,730
327366.193682,373077.37982,0,730
326279.131559,373552.839366,0,730
327321.838049,373168.070034,0,730
326340.130743,373497.188337,0,730
326922.266944,372962.963936,0,730
326613.484477,372987.46738,0,730
326514.020818,373317.540168,0,730
327258.663541,372974.347692,0,730
326457.616853,373369.136894,0,730
326740.526659,372904.417061,0,730
326875.36463,372842.378612,0,730
327327.952307,373002.537535,0,730
326629.567104,372910.686438,0,730
326475.851481,373283.63234,0,730
327169.269877,373064.125082,0,730
326425.369478,372960.633125,0,730
327221.930329,372863.460057,0,730
327367.459769,373106.340478,0,730
326597.829601,373023.15997,0,730
326575.758642,373140.97727,0,730
326594.158292,372846.16355,0,730
326797.020386,373010.82928,0,730
326683.37778,372804.355101,0,730
327239.663992,372702.780442,0,730
326316.487604,373410.905359,0,730
326269.955641,373267.447265,0,730
326331.464766,373597.363019,0,730
326476.649738,372919.984739,0,730
326775.588409,372975.841974,0,730
326347.777306,373224.501955,0,730
326835.268346,373098.146426,0,730
326663.832291,372943.735262,0,730
326873.291375,372997.970759,0,730
327197.94856,373119.157033,0,730
327047.601506,372984.51455,0,730
326790.802926,373045.812044,0,730
327176.978926,373200.234043,0,730
326505.237116,373071.717326,0,730
327477.770468,373034.694997,0,730
327035.4809,373103.208986,0,730
327209.021763,373068.831613,0,730
327025.716939,372677.588273,0,730
327388.214229,372964.740219,0,730
327289.254783,373038.962879,0,730
326542.503085,372824.527986,0,730
327139.128543,372754.487545,0,730
326202.364603,373301.07742,0,730
327198.786911,372839.633766,0,730
326265.575659,373132.865045,0,730
326906.33797,373015.933402,0,730
326530.822966,373024.752231,0,730
326853.777562,373212.180406,0,730
327304.404162,372901.125195,0,730
326370.241799,373589.581943,0,730
326258.416864,373537.179853,0,730
326695.672961,372732.686153,0,730
326365.054459,373285.3617,0,730
326435.437856,373470.023271,0,730
327036.96107,372974.873401,0,730
326437.145987,373387.136335,0,730
327026.967912,373073.439991,0,730
326313.652844,373138.224603,0,730
327322.954588,372956.575624,0,730
326914.933355,372779.482818,0,730
326831.806954,373165.111927,0,730
326956.206888,372779.257443,0,730
326450.612071,372897.905928,0,730
327451.376284,373068.388194,0,730
326273.760442,373441.43976,0,730
326343.276838,373286.466356,0,730
326658.120112,373319.482743,0,730
326409.631622,373052.037387,0,730
326589.518882,373126.307487,0,730
327457.019519,372876.511244,0,730
326722.81568,372848.492496,0,730
326348.247588,373411.445435,0,730
326400.877396,373169.016616,0,730
326441.216797,373144.124619,0,730
326571.396121,373077.822186,0,730
326309.861112,373207.517062,0,730
327372.913611,372967.10761,0,730
326843.999222,373031.474481,0,730
326336.405983,373150.727479,0,730
327197.699794,372947.822487,0,730
327357.083243,372961.583708,0,730
327188.890136,372738.942167,0,730
326458.381702,373394.789302,0,730
327285.991606,372626.905489,0,730
326908.616861,373132.254714,0,730
326531.189238,372931.167729,0,730
327068.723801,372710.241134,0,730
326316.338488,373669.835971,0,730
327159.242472,373129.066614,0,730
326667.330285,373182.288278,0,730
326823.691015,373113.70677,0,730
327369.64908,373145.710129,0,730
326300.408407,373285.510838,0,730
326804.748898,373210.753841,0,730
326911.910299,373168.592756,0,730
327233.512425,372895.45338,0,730
326596.844389,372695.732335,0,730
326523.289275,372813.985408,0,730
327013.609837,373019.022835,0,730
327509.571006,373134.594691,0,730
326893.018879,373164.149498,0,730
327357.561021,372860.984108,0,730
326352.438448,373281.857598,0,730
326705.081838,372917.022643,0,730
326449.127145,373219.953995,0,730
327092.907362,372991.167653,0,730
327385.256406,373079.397854,0,730
326178.040249,373076.199455,0,730
326552.143847,372747.100603,0,730
326477.287137,373319.567238,0,730
326487.29087,373175.881311,0,730
326510.398461,373049.877816,0,730
327340.785421,372907.910827,0,730
326990.716382,372706.231399,0,730
326541.957452,372868.790896,0,730
327278.765115,372732.36596,0,730
326267.160328,373241.245979,0,730
327183.575933,372645.540939,0,730
326986.30584,372919.263374,0,730
326514.988824,373014.316518,0,730
326541.491579,373106.157901,0,730
327077.03102,372753.462332,0,730
326463.274558,373180.076466,0,730
327416.953429,372984.522555,0,730
326574.642187,373215.103181,0,730
327023.852931,373105.648134,0,730
326870.827387,373250.455643,0,730
326287.633692,373570.941436,0,730
326578.287381,373309.500495,0,730
326291.664844,372964.344174,0,730
327062.626912,373106.479297,0,730
326641.503023,373192.385195,0,730
326858.45538,373166.03276,0,730
326723.110899,373267.128359,0,730
327042.857912,373103.2148,0,730
326703.256992,373134.271115,0,730
326602.381584,373189.681647,0,730
326296.904541,373326.211888,0,730
326563.208185,372882.873451,0,730
327493.821075,373045.169466,0,730
327253.528401,372940.353582,0,730
327466.90799,373152.125393,0,730
326482.91568,372961.961965,0,730
326301.62054,372963.336466,0,730
326633.113837,373177.357166,0,730
326747.52225,373257.360638,0,730
326949.072726,372795.345822,0,730
326440.054184,373381.503454,0,730
326975.825914,372714.805687,0,730
327044.395561,372853.249426,0,730
326911.509798,372967.063629,0,730
327219.348626,373027.834338,0,730
327504.869354,373135.983931,0,730
326331.214567,373109.454012,0,730
326524.582647,373281.516965,0,730
326188.237668,373206.232918,0,730
326424.033664,373017.643743,0,730
327077.117239,372756.053322,0,730
327127.991457,373149.746708,0,730
326732.331813,372915.926948,0,730
327447.436546,373105.508675,0,730
327156.43688,373034.216299,0,730
326842.345347,373077.608413,0,730
326668.111783,372752.624208,0,730
327475.441173,373023.889475,0,730
327079.218766,372845.76558,0,730
326897.810138,372826.006876,0,730
327333.655214,373173.732572,0,730
327198.448392,372872.668159,0,730
326823.246753,372804.321518,0,730
326306.127661,373091.835354,0,730
326271.616259,373129.763881,0,730
327294.278638,373153.581949,0,730
327359.188077,373154.250814,0,730
326302.48783,373452.847203,0,730
326613.930826,373113.090274,0,730
326928.802315,373041.758017,0,730
326430.150882,372984.794152,0,730
326943.832058,373254.103354,0,730
327028.820498,373180.932234,0,730
326626.834245,373317.801898,0,730
327050.112251,373167.358886,0,730
326449.114312,373188.445467,0,730
327366.743645,372731.005918,0,730
326550.511697,373111.5311,0,730
327303.575598,373145.287651,0,730
326650.987583,373163.928404,0,730
327022.981611,373212.626841,0,730
326600.883028,372863.327946,0,730
326718.846506,373033.714391,0,730
327117.732517,372952.395883,0,730
327146.459238,372744.258048,0,730
327145.500303,373066.794899,0,730
327441.479977,372930.694054,0,730
326898.942208,373239.830116,0,730
326895.452565,373246.074178,0,730
327283.425188,372999.273683,0,730
326655.464631,372922.000161,0,730
326719.773537,373102.429024,0,730
326396.099885,373182.541957,0,730
326683.310413,372840.3782,0,730
326953.328369,373089.128833,0,730
326546.88329,372871.086173,0,730
327497.826725,373116.952107,0,730
327094.406291,372746.094224,0,730
326619.049604,373141.784,0,730
326231.176125,373323.414558,0,730
326461.899511,373086.252743,0,730
326493.529162,373131.003317,0,730
326591.788971,373090.959416,0,730
327268.309883,372858.906631,0,730
326338.120185,373305.230384,0,730
327078.212101,372907.498855,0,730
326744.572365,373141.765607,0,730
326292.5097,373192.674411,0,730
326626.60071,372997.881262,0,730
327276.066466,372938.322699,0,730
327342.352623,372792.600183,0,730
326727.997935,373160.892838,0,730
326552.57361,373088.450411,0,730
327395.288124,373164.793599,0,730
326606.116045,373139.891517,0,730
326557.316207,372753.416203,0,730
326578.980775,372985.150763,0,730
327073.25423,372664.94099,0,730
327076.966606,373141.994373,0,730
326715.187921,373028.85684,0,730
326984.640722,372998.075914,0,730
327451.068326,373097.842462,0,730
326832.666437,373177.54417,0,730
326435.12243,373371.41647,0,730
327285.532633,373077.485213,0,730
327244.854079,372642.490504,0,730
326678.14908,373118.13063,0,730
326825.188446,373164.119954,0,730
326668.603449,372765.472094,0,730
326402.254769,373160.189119,0,730
326892.597052,372811.281457,0,730
326773.013267,372820.52751,0,730
326473.705356,373183.99529,0,730
327130.443581,372757.300321,0,730
326841.584703,373286.728647,0,730
327209.529082,372693.645868,0,730
326635.975267,372961.283262,0,730
327149.353634,372691.02217,0,730
326544.03886,372921.657203,0,730
327382.216376,372832.96936,0,730
326894.980761,373236.817632,0,730
327167.047141,372833.796225,0,730
327201.141475,372802.41602,0,730
327171.471897,372739.272378,0,730
327268.346795,372991.949311,0,730
326386.543662,373019.857115,0,730
326620.568002,372776.555211,0,730
327224.450588,372821.747543,0,730
326939.047888,372807.974189,0,730
326515.785057,373090.882804,0,730
327020.152906,372894.28259,0,730
327275.137887,373049.879197,0,730
327113.319383,372681.444204,0,730
326702.528073,372814.307044,0,730
326425.506426,373372.834763,0,730
326432.833779,373037.972903,0,730
327450.080628,372773.553898,0,730
326357.075871,373568.526156,0,730
326565.181473,373200.426064,0,730
326755.857584,372802.349073,0,730
327504.192187,372876.869057,0,730
326217.762307,373473.520265,0,730
326333.304227,373058.365782,0,730
327248.847169,372785.04963,0,730
327302.795494,372885.156698,0,730
326448.91169,373434.819668,0,730
326697.487625,373225.871725,0,730
326312.187415,373167.782576,0,730
327286.123255,372697.07969,0,730
326928.927769,373105.673158,0,730
326644.302182,373155.290455,0,730
327179.915792,372908.136975,0,730
327270.259881,372663.903533,0,730
326700.524296,373253.869921,0,730
327206.036857,372672.981655,0,730
326987.764095,373191.080053,0,730
327054.207976,372796.749496,0,730
326422.088355,373101.462688,0,730
326829.490397,372914.926885,0,730
326460.666161,373390.729872,0,730
327281.90278,372689.273832,0,730
326622.606228,373241.080292,0,730
326851.545152,372845.268799,0,730
326465.672793,372749.037599,0,730
327521.797203,373129.519878,0,730
326841.638932,372896.89445,0,730
327188.318133,372843.604244,0,730
326484.242867,372870.939926,0,730
326386.352034,373023.668297,0,730
326559.675313,372974.856467,0,730
326522.64255,373050.061269,0,730
326675.177807,372847.805926,0,730
326406.579633,373511.994924,0,730
326890.381928,372892.890782,0,730
326354.667181,372989.910556,0,730
327219.349572,372793.933476,0,730
327178.341152,372930.610585,0,730
327220.647502,372898.151206,0,730
326317.292287,373308.702036,0,730
327290.315595,372734.303195,0,730
326832.552444,372990.634965,0,730
326648.810522,373027.072344,0,730
327327.177731,372784.06183,0,730
326851.261751,373152.922472,0,730
326722.940639,372799.388806,0,730
327475.065595,372933.59854,0,730
326508.350556,373241.450376,0,730
327002.835332,373000.011305,0,730
327381.021027,373110.903604,0,730
326963.178155,372914.989269,0,730
327222.542435,372840.323583,0,730
326809.302264,373159.186444,0,730
327250.3405,372862.911645,0,730
327353.261963,372762.028435,0,730
326503.680311,372919.225758,0,730
326454.482067,373274.070675,0,730
327374.655749,372774.175147,0,730
326297.372299,373233.337182,0,730
326828.392926,373164.673101,0,730
326308.447063,373311.906202,0,730
326605.536574,373001.29723,0,730
326307.417737,373408.716974,0,730
326514.586271,373240.588171,0,730
327085.662975,372780.628806,0,730
327036.060434,372831.399808,0,730
326527.132073,373268.679534,0,730
327442.735328,372869.891741,0,730
326333.995925,373144.23648,0,730
326685.936674,373290.725447,0,730
326179.423431,373238.650041,0,730
326493.101569,373381.364959,0,730
326582.538932,373241.804119,0,730
326753.61449,372795.167984,0,730
327125.774404,372692.835453,0,730
326933.683928,372828.460446,0,730
326884.771439,373029.940313,0,730
327306.465864,372863.30502,0,730
327153.704412,372814.643141,0,730
326298.510862,373650.310204,0,730
326989.26017,373148.469228,0,730
326177.025868,373237.972836,0,730
327218.712889,372733.364883,0,730
326794.994932,373089.43076,0,730
327439.904887,373004.34719,0,730
326240.159743,373463.481359,0,730
327417.682388,373109.44952,0,730
326795.722366,372986.178576,0,730
326320.610072,373451.379368,0,730
326548.929816,373325.939363,0,730
327447.796012,372872.678242,0,730
327014.523576,372970.938236,0,730
326360.425334,373214.580118,0,730
326529.216892,373148.834607,0,730
326785.872637,372793.818762,0,730
326601.720746,373190.46154,0,730
326327.209847,373568.391597,0,730
326590.252644,372789.455736,0,730
326289.001907,373117.217276,0,730
327057.142376,373209.639499,0,730
326830.024743,373158.051911,0,730
327183.767112,372651.309787,0,730
326757.392072,373029.002569,0,730
326970.519512,373044.353189,0,730
326241.883761,373197.567523,0,730
326991.129039,372905.637909,0,730
327306.06873,372686.084484,0,730
327101.187817,373085.626028,0,730
326983.66695,373001.50423,0,730
327115.929127,373064.94668,0,730
326971.977618,372707.317097,0,730
326264.210441,373172.077877,0,730
327337.861762,372933.593764,0,730
326921.644331,373074.942065,0,730
327045.340824,372937.667602,0,730
326339.070949,373452.872687,0,730
326692.57806,373088.568403,0,730
327104.488553,372657.313633,0,730
326720.586671,373195.826023,0,730
327267.27491,372783.283006,0,730
326748.120216,373038.358497,0,730
326399.239378,373062.154145,0,730
326620.526536,372882.471573,0,730
326416.433169,373169.65377,0,730
326597.624323,373264.459593,0,730
326715.208707,372958.784614,0,730
327202.162432,373118.942663,0,730
327452.576828,372814.518064,0,730
326724.268429,372745.789487,0,730
327263.700642,373152.861538,0,730
326843.779112,373269.04061,0,730
326280.933708,373123.710507,0,730
326279.384686,373407.83046,0,730
326630.212328,372964.97419,0,730
326228.33357,373551.835204,0,730
327353.917074,373176.205136,0,730
326592.259805,373271.383755,0,730
326804.735424,372747.095949,0,730
327185.71813,372901.783157,0,730
327307.223964,372845.18485,0,730
327315.333249,373077.812431,0,730
327441.098864,372987.908224,0,730
326976.364144,372908.723006,0,730
327054.266453,372970.773475,0,730
326608.507592,372897.083911,0,730
326777.294762,372872.958991,0,730
326342.821072,373685.045632,0,730
327499.936522,373037.124964,0,730
326472.952686,372925.323986,0,730
326543.652511,373090.883319,0,730
326974.494481,373192.353687,0,730
327079.433166,372995.420433,0,730
326604.131955,373043.903463,0,730
327353.015041,372818.646388,0,730
326774.606984,372755.186272,0,730
327003.204935,372722.591549,0,730
327476.869633,372858.316308,0,730
326390.175651,373034.488855,0,730
326859.429677,373023.050421,0,730
327323.187482,372744.408919,0,730
326997.113595,372978.417048,0,730
326560.474362,373187.336568,0,730
326854.458678,373177.343346,0,730
327493.865749,372896.319176,0,730
326239.523818,373235.683422,0,730
327441.628883,372987.878338,0,730
326803.881259,373016.084599,0,730
326792.655826,373278.57669,0,730
326452.013874,373417.279145,0,730
327405.616356,372791.361332,0,730
326422.351935,373253.480656,0,730
326443.306845,373020.799889,0,730
326863.655114,372894.859192,0,730
326595.325467,372791.157524,0,730
326420.741773,373369.504654,0,730
327248.075929,373158.989688,0,730
327059.688566,373043.817491,0,730
326639.388247,373208.444315,0,730
326734.631123,372785.756162,0,730
326891.392099,372953.228528,0,730
326338.989854,373396.715104,0,730
326300.791616,373219.071901,0,730
326567.517844,373252.432283,0,730
326677.513628,373221.85204,0,730
327063.484251,372997.274169,0,730
326846.427225,373215.867342,0,730
327167.41495,372813.258063,0,730
326999.561353,373184.023522,0,730
327318.776781,372865.189085,0,730
326600.499469,372825.070514,0,730
326457.842292,372779.916868,0,730
326393.567957,373392.712414,0,730
326999.169762,372871.732705,0,730
327191.994823,372913.21237,0,730
327356.16461,372717.675255,0,730
327102.693186,372655.638845,0,730
326699.064706,373274.289484,0,730
326245.344848,373504.957566,0,730
326303.715713,373388.761827,0,730
327166.272803,372850.577222,0,730
326274.534665,373339.702739,0,730
326451.637254,373435.834632,0,730
327294.669861,372750.346822,0,730
326184.907496,373237.070328,0,730
327263.002697,372761.127975,0,730
326695.711125,373123.925153,0,730
326548.90049,373183.136173,0,730
326796.191179,372898.800326,0,730
326243.338939,373089.498843,0,730
326761.261492,373218.365481,0,730
327455.537509,372786.909135,0,730
326929.131972,373155.496329,0,730
326881.191083,373166.640443,0,730
327262.684928,372700.818559,0,730
327384.884062,373062.57172,0,730
326582.473357,372800.763911,0,730
326470.07197,373416.602173,0,730
327190.714415,372778.367524,0,730
327326.765499,372884.678585,0,730
326562.645813,373157.929668,0,730
326763.48369,372945.105049,0,730
327007.705877,373040.582367,0,730
326600.000444,373120.603924,0,730
327462.649138,373119.553608,0,730
326306.772983,373484.260058,0,730
327322.331798,372987.515001,0,730
326696.844635,373114.363611,0,730
326472.005553,373092.491722,0,730
326347.403381,373216.537929,0,730
326943.517702,372992.737231,0,730
327301.278393,373143.216077,0,730
327107.636253,373159.307166,0,730
327384.65563,372971.341226,0,730
326576.050283,372716.781011,0,730
327203.386083,372740.057522,0,730
326398.505238,372966.579145,0,730
326573.198842,372999.956061,0,730
326571.318279,372763.303434,0,730
326687.869759,372815.111167,0,730
326467.450924,373267.324084,0,730
326397.412373,373476.507627,0,730
326400.906272,373163.491254,0,730
327022.17888,372750.568187,0,730
326289.874666,372993.788606,0,730
326589.652362,372974.123452,0,730
327179.576395,372740.792694,0,730
326399.772962,373076.605457,0,730
326999.511151,373081.761907,0,730
326943.291428,373201.394834,0,730
326990.310133,372851.941783,0,730
326303.724908,373133.97871,0,730
327113.745202,372824.846243,0,730
327366.639642,372961.06297,0,730
327141.2546,372686.107566,0,730
326801.791256,372903.099096,0,730
326353.480129,373515.898113,0,730
326412.883236,373322.549067,0,730
326691.571898,373085.170113,0,730
326526.655931,373008.695343,0,730
326210.705309,373288.769961,0,730
327298.416334,373096.793085,0,730
327063.121982,373047.41278,0,730
326744.272262,372811.555368,0,730
327304.83492,372785.374123,0,730
326454.154931,372773.370958,0,730
327466.429133,373058.520404,0,730
327048.937031,373181.924569,0,730
326948.06024,372739.930879,0,730
326205.048211,373311.567344,0,730
327194.208803,372934.688797,0,730
326495.632179,372780.619849,0,730
327098.287733,372766.058148,0,730
327196.175802,373069.11587,0,730
326929.38701,373209.182829,0,730
326930.491294,372778.010269,0,730
326997.831799,373149.775224,0,730
327106.921817,373180.288212,0,730
326403.241456,373013.851623,0,730
326637.034497,373311.633117,0,730
327221.0195,372681.069457,0,730
327399.301621,373130.962743,0,730
327162.006275,373153.080513,0,730
327009.848701,372810.878719,0,730
326733.483729,373071.115643,0,730
326325.195144,373415.849484,0,730
327236.437469,372938.020109,0,730
327277.287779,372819.695922,0,730
326463.744111,373432.51533,0,730
326338.547563,373179.571257,0,730
326713.013874,372865.043077,0,730
327276.068942,372854.315441,0,730
326361.738323,373484.46681,0,730
327432.374137,372934.07691,0,730
327072.993433,372678.56503,0,730
327029.957927,372714.871483,0,730
326947.34903,373135.755609,0,730
326668.779332,373316.919707,0,730
327200.189346,372696.346808,0,730
327108.923612,372798.136283,0,730
326771.316024,373132.804654,0,730
326576.150806,372689.181127,0,730
327358.464928,372986.34544,0,730
327414.968343,372980.842298,0,730
326340.512249,373334.722897,0,730
327310.805436,373032.142966,0,730
326847.63014,373251.579341,0,730
327361.00192,372996.275046,0,730
326877.491196,372948.213168,0,730
326351.144863,373595.477977,0,730
326174.70253,373253.117923,0,730
327030.748436,373148.887987,0,730
326460.210651,372880.700681,0,730
326889.428146,373129.897735,0,730
326523.355189,372987.788302,0,730
326880.778071,373227.98718,0,730
326700.402826,372970.508196,0,730
326939.829203,373242.785911,0,730
327373.940502,372949.373629,0,730
327159.056117,373032.319924,0,730
326371.7379,373256.515334,0,730
327360.071255,372687.17036,0,730
326233.972081,373475.388635,0,730
326988.047118,372880.864128,0,730
326886.328218,373058.112776,0,730
326198.984892,373277.947254,0,730
326502.732101,373201.281866,0,730
326201.58624,373132.125406,0,730
326196.446063,373220.513637,0,730
326204.850753,373212.075644,0,730
326947.215614,372863.90948,0,730
327226.015718,372623.633317,0,730
326535.352573,373324.802737,0,730
327177.313099,372647.051001,0,730
326770.351666,373094.106361,0,730
327072.253275,373106.358404,0,730
326332.391708,373289.80856,0,730
327189.270077,373064.08287,0,730
326333.663073,373104.966981,0,730
327196.677173,373167.700369,0,730
326668.979042,372955.70051,0,730
326676.830503,372819.677481,0,730
326666.491649,372782.508239,0,730
326286.615041,373492.280812,0,730
326455.05795,372905.312373,0,730
327100.521561,373160.51948,0,730
327260.225206,373028.283693,0,730
327325.245506,372835.595942,0,730
327369.325006,372975.484213,0,730
326213.435219,373153.604147,0,730
326767.376475,372976.692892,0,730
326888.631419,373111.163678,0,730
327266.579818,372856.695397,0,730
327034.985796,373242.584672,0,730
327002.011925,373027.716124,0,730
326947.91685,373056.713797,0,730
327502.983549,373155.465146,0,730
327317.785416,372898.524607,0,730
327328.096893,372990.909364,0,730
326368.149528,373104.746618,0,730
326648.555566,372701.386823,0,730
326370.410517,373203.380779,0,730
326508.107452,373014.786694,0,730
326817.936228,372979.02202,0,730
326392.595428,373368.53051,0,730
327467.811552,373026.810523,0,730
326786.410039,373185.908027,0,730
326394.565327,373391.343556,0,730
327228.011722,372691.903753,0,730
326298.983117,373602.397403,0,730
326297.607787,373397.303898,0,730
326554.785243,372879.385938,0,730
327282.888578,373140.169483,0,730
326247.065548,373367.409736,0,730
326959.183669,373103.726081,0,730
326528.035564,373245.605258,0,730
326805.654701,373075.72703,0,730
327091.719824,373050.270157,0,730
326496.606737,373047.541322,0,730
326511.166934,373314.039379,0,730
326945.66901,372788.591609,0,730
327484.827699,372973.293353,0,730
326291.85396,373521.966349,0,730
326181.778659,373053.867885,0,730
326514.337394,373223.801489,0,730
327029.410718,373125.559679,0,730
326551.649705,372945.022075,0,730
326932.742606,373081.740053,0,730
327377.648396,372759.838331,0,730
327159.221237,372792.882251,0,730
326580.22333,373030.536188,0,730
327294.795095,373046.075912,0,730
327437.212637,372720.937692,0,730
326669.681926,373051.413271,0,730
326874.441769,372866.473247,0,730
327334.521909,373064.838284,0,730
326791.733192,372770.33469,0,730
327387.891264,373134.162673,0,730
327240.213609,372872.182676,0,730
326628.437422,373101.722515,0,730
327355.464405,373132.39615,0,730
326582.590048,372864.549972,0,730
327027.928039,373193.11555,0,730
326440.161726,373019.599737,0,730
326822.689765,372826.33836,0,730
327269.238342,372961.000161,0,730
326358.845057,373561.595839,0,730
327330.682588,372757.862802,0,730
326688.879544,372950.501748,0,730
326569.768879,372789.018835,0,730
327112.063609,373005.661993,0,730
326653.869401,373182.704409,0,730
326215.492407,373155.030811,0,730
327013.151717,373007.806236,0,730
326787.148834,372974.14225,0,730
326894.765307,372884.473005,0,730
327189.889245,373186.347942,0,730
326665.211975,373308.900985,0,730
327404.491275,372998.263437,0,730
326401.417815,373103.946407,0,730
327275.893961,372597.174278,0,730
327027.308836,372873.925947,0,730
326830.168842,372825.921807,0,730
327158.737467,372892.314169,0,730
326659.990824,372992.437327,0,730
326827.541949,372974.604185,0,730
326748.447133,373230.179237,0,730
326305.49195,373433.123579,0,730
326215.697731,373257.988203,0,730
327313.190626,372895.365194,0,730
326957.503915,373030.234598,0,730
326816.006864,373063.829884,0,730
327107.623171,373080.023086,0,730
326404.481805,373193.100135,0,730
326395.789372,373077.012046,0,730
326550.686641,373166.409352,0,730
327381.698511,373176.21463,0,730
326566.563953,373272.095894,0,730
327123.582863,373059.207857,0,730
327063.240432,372939.435826,0,730
326594.21876,372765.456361,0,730
326831.629628,373218.007286,0,730
327464.746364,372954.973474,0,730
327418.273327,372752.972044,0,730
326479.590894,373107.686303,0,730
327378.767526,372681.020636,0,730
326895.362917,373246.843189,0,730
326447.623128,372981.87533,0,730
326568.899518,373078.796708,0,730
326844.980372,373035.147231,0,730
326267.087569,373067.099808,0,730
326349.638801,373692.93515,0,730
327252.286161,372737.399142,0,730
326422.330963,373426.752874,0,730
327207.328488,373145.439539,0,730
327463.664507,372770.49223,0,730
326676.77931,373016.166801,0,730
326491.763647,373152.254971,0,730
326420.810761,373436.333301,0,730
326849.079603,372847.810065,0,730
326353.64338,373304.484851,0,730
326661.980207,372972.643128,0,730
326803.041167,372706.442771,0,730
327169.266123,372651.668996,0,730
326987.267362,372902.481175,0,730
326611.071705,373243.18708,0,730
326722.642952,373073.593036,0,730
326763.250752,373229.827577,0,730
326383.860975,373461.046102,0,730
326993.061438,372935.698499,0,730
327001.845514,373154.047529,0,730
326661.679423,373094.061961,0,730
326541.523129,372739.893793,0,730
327148.25417,372861.137964,0,730
327063.936017,372709.941193,0,730
326335.364815,373101.215737,0,730
326542.741435,373088.873,0,730
326348.57598,373350.073779,0,730
326540.724583,373211.972001,0,730
326510.217357,373144.467964,0,730
326204.0677,373296.652722,0,730
326490.444194,372918.495939,0,730
327416.906485,373141.288239,0,730
327340.091708,373146.564036,0,730
326793.898692,373260.957286,0,730
327130.275331,373148.225491,0,730
326855.067291,372805.67617,0,730
326233.415516,373060.979272,0,730
326171.244804,373284.945976,0,730
326779.669618,372932.040975,0,730
326859.012885,373155.451258,0,730
327287.500388,372976.781732,0,730
326289.373452,373575.791516,0,730
327307.367023,372569.78892,0,730
326762.329203,373207.342421,0,730
327267.729801,372820.40578,0,730
326570.081808,373223.731849,0,730
327125.312501,372705.784485,0,730
327103.187994,372787.774131,0,730
326935.124122,372868.970244,0,730
326209.093161,373245.998276,0,730
327268.353656,373060.444312,0,730
326409.551787,373073.158633,0,730
326715.340233,372732.622454,0,730
326724.640137,372794.9299,0,730
326735.639223,372802.759558,0,730
327332.019021,372787.94363,0,730
327020.387943,373192.469696,0,730
326835.352286,373071.486163,0,730
327035.055305,372877.811089,0,730
326644.22095,373067.755006,0,730
327281.906789,372869.94266,0,730
326744.399789,373037.234974,0,730
326563.438612,372991.101261,0,730
327136.562154,373164.111787,0,730
327457.178962,372878.500073,0,730
327392.823521,373009.738824,0,730
326629.518298,373140.684106,0,730
327325.932946,373139.565038,0,730
326381.052967,373175.839528,0,730
327099.788337,372705.378155,0,730
326685.836685,373300.888515,0,730
326558.446533,373241.275367,0,730
326319.696866,373566.723429,0,730
326765.523167,372928.258798,0,730
327189.301708,372737.091508,0,730
327359.583566,372656.870811,0,730
326956.529277,372852.346216,0,730
326447.370024,373035.347004,0,730
326840.5083,373237.267925,0,730
327337.739557,372686.776853,0,730
327165.759323,372930.388489,0,730
326688.036557,373085.279916,0,730
327457.909127,372807.771845,0,730
327091.040363,372739.588534,0,730
326271.50934,373098.008415,0,730
326626.709709,373051.944636,0,730
326373.334952,373443.083715,0,730
326754.358322,373120.91593,0,730
327512.73168,373029.435085,0,730
326457.122681,373363.334817,0,730
326280.535355,373012.641152,0,730
326845.329741,373103.044978,0,730
326370.820509,373635.306635,0,730
327249.869914,373183.720547,0,730
326571.809228,373296.790051,0,730
326451.691137,372946.289102,0,730
326760.861613,372960.530564,0,730
326228.654977,373227.987762,0,730
326587.702623,372739.735916,0,730
326249.292289,373535.396928,0,730
327511.422276,373002.481585,0,730
327141.08533,372833.679682,0,730
327286.329423,373068.1204,0,730
326975.671657,373019.944493,0,730
326498.190002,373127.896384,0,730
327279.859204,372897.642505,0,730
326275.080535,373494.445094,0,730
327100.211413,372839.661629,0,730
327272.076907,372682.524147,0,730
326250.563864,373409.596265,0,730
327185.387043,373062.057836,0,730
326719.116484,372726.349309,0,730
326327.720839,373482.650554,0,730
326670.770306,372997.881722,0,730
326926.920361,373059.470502,0,730
327025.900284,373189.248469,0,730
326901.164049,373269.860873,0,730
326318.973624,373437.357912,0,730
326341.611669,373014.810792,0,730
327139.854357,373042.942139,0,730
326389.426985,373201.057855,0,730
327007.20292,372808.320196,0,730
327216.26638,373189.161792,0,730
327433.853487,373000.482364,0,730
326589.086614,372712.258477,0,730
327378.780755,372888.028721,0,730
326293.459056,373481.11333,0,730
327331.225258,372744.353308,0,730
326653.868278,373223.715838,0,730
327187.9291,372680.735464,0,730
327222.834093,373134.508778,0,730
326328.872893,373534.759487,0,730
326598.952296,372867.902495,0,730
326778.111731,373203.454424,0,730
326594.200144,372922.901275,0,730
326609.814922,372751.651987,0,730
326995.005658,373132.415674,0,730
326283.125558,373520.804774,0,730
326370.28143,373159.791145,0,730
326220.928124,373192.09079,0,730
326487.5251,373249.23924,0,730
326375.696275,373222.278551,0,730
327091.729763,372722.394783,0,730
326485.44439,372849.380399,0,730
326906.404184,372771.803201,0,730
326325.657794,373594.86782,0,730
326860.40015,372883.134829,0,730
326234.901284,373473.845709,0,730
327086.398641,373050.28657,0,730
327032.639056,373184.84027,0,730
327310.63835,372799.325951,0,730
326498.073729,373399.41017,0,730
326800.046961,373148.583179,0,730
327460.417577,373136.67527,0,730
326702.329974,373058.436594,0,730
326337.711415,372984.226029,0,730
326348.01483,373064.525198,0,730
327372.95158,372967.874306,0,730
326302.928223,373540.88438,0,730
326620.944779,372762.155491,0,730
327395.010161,373155.506375,0,730
327431.494007,372887.857168,0,730
326187.622574,373260.491328,0,730
326937.554908,373008.862284,0,730
326331.647153,373259.042427,0,730
326614.689074,373284.396555,0,730
326748.141948,372920.939531,0,730
326583.303387,373183.060047,0,730
326451.992637,372991.500828,0,730
326787.992449,372769.555248,0,730
327284.079446,372792.323393,0,730
326480.613128,373375.900025,0,730
326332.146759,373589.163777,0,730
326339.02777,373093.49781,0,730
327070.585111,373183.38144,0,730
327225.878066,373089.441371,0,730
326271.933021,373564.147759,0,730
326831.208383,372850.224903,0,730
326328.040355,373266.036069,0,730
326644.248686,373236.1495,0,730
326726.00836,372763.795493,0,730
326502.182276,373051.827625,0,730
326924.331126,373270.601211,0,730
326269.497934,373186.41539,0,730
326341.91238,373198.385909,0,730
327235.661292,373032.842224,0,730
326426.432509,373397.466128,0,730
326970.742861,373142.875747,0,730
326493.075249,373203.61214,0,730
326676.592601,373008.529353,0,730
326753.14419,373108.77771,0,730
326682.785459,372769.041521,0,730
327405.002576,373131.013959,0,730
326960.521097,372983.790789,0,730
326242.639882,373114.462999,0,730
327291.659868,373182.44616,0,730
327274.166974,372939.911268,0,730
327234.13863,372883.64137,0,730
327145.186451,373094.093286,0,730
327340.853953,372789.15936,0,730
327129.000766,372880.905852,0,730
327045.861942,373211.909267,0,730
326593.689087,372800.168094,0,730
326536.119374,373093.638378,0,730
327350.550891,373042.176876,0,730
326357.105239,373460.47751,0,730
326411.880789,373181.851966,0,730
327455.244332,372904.98111,0,730
327352.750696,372979.844366,0,730
326543.453394,372907.025957,0,730
326641.517941,373098.395453,0,730
326716.49462,372977.896474,0,730
327431.864804,373083.247883,0,730
327281.24062,372766.929544,0,730
326310.451458,373148.219341,0,730
327282.002876,373172.772813,0,730
327333.598769,373074.218074,0,730
326807.77165,373285.156348,0,730
327046.044995,372922.211744,0,730
326393.920922,373415.777191,0,730
327449.83335,372813.674607,0,730
326329.132997,373682.689054,0,730
327122.730659,372775.456407,0,730
326335.082422,373140.650034,0,730
326528.821721,373068.123924,0,730
326618.194698,373018.017193,0,730
327131.125119,372867.704554,0,730
327081.119564,373069.400285,0,730
326191.25583,373253.378642,0,730
327182.494141,373128.813573,0,730
326617.853188,373201.745735,0,730
327124.104108,372758.076484,0,730
327454.22591,373067.211139,0,730
327184.97425,373190.889891,0,730
327272.391064,372663.451935,0,730
327326.896437,372954.642866,0,730
326560.970006,373178.944106,0,730
327432.692585,373028.230529,0,730
326699.778163,373270.033958,0,730
326248.250784,373097.245643,0,730
327066.534774,372952.062003,0,730
326647.204144,372764.086124,0,730
327176.293424,372913.275864,0,730
326471.404018,373224.280343,0,730
326281.112793,373461.402829,0,730
326839.652663,372797.048602,0,730
326969.822564,372803.238819,0,730
326261.46729,373513.628453,0,730
327397.100828,372955.102211,0,730
326968.877808,372879.543382,0,730
326460.689666,373369.294973,0,730
327083.179174,373243.01465,0,730
326527.531544,373341.477147,0,730
326776.686426,372847.786655,0,730
327134.665905,372702.523367,0,730
327071.596308,373202.296647,0,730
327409.773087,372920.7342,0,730
326312.320193,373408.700445,0,730
326707.146772,372785.999112,0,730
327361.258199,372895.338591,0,730
326466.705154,373042.085144,0,730
326581.204328,372886.76361,0,730
326799.994236,372730.228558,0,730
326683.151676,372906.667183,0,730
326699.891681,373301.454626,0,730
326347.648204,373706.040324,0,730
327108.227519,372726.028157,0,730
327152.684843,372947.300468,0,730
326738.748493,373108.873625,0,730
327456.070292,372946.928045,0,730
326740.90389,373022.315484,0,730
327169.070289,372991.623118,0,730
326425.001756,373101.19131,0,730
326221.824072,373066.220871,0,730
326457.045738,373009.703764,0,730
326672.190356,372968.51922,0,730
327190.400804,372919.926387,0,730
326486.475755,373294.415833,0,730
326378.498001,373151.470588,0,730
327351.184243,372791.292474,0,730
327163.800528,372780.217302,0,730
326738.63524,372774.538534,0,730
326921.254258,372921.516138,0,730
326207.042893,373132.58317,0,730
326214.336521,373268.634263,0,730
327290.873869,372927.150243,0,730
327097.167038,372743.145162,0,730
327150.234021,372694.563038,0,730
326783.998593,373087.334023,0,730
326785.996162,373313.151864,0,730
327283.199712,372653.033887,0,730
326236.376462,373242.508969,0,730
327489.117956,373062.68732,0,730
326508.350988,372777.485228,0,730
327010.957179,373182.651037,0,730
326736.031571,372827.050055,0,730
326533.078911,373076.826168,0,730
327422.334964,372714.924105,0,730
327193.421841,372676.712675,0,730
327308.334987,373138.28438,0,730
326177.685776,373082.211333,0,730
326224.736497,373062.349057,0,730
326484.797152,372910.889983,0,730
326785.614771,372970.338112,0,730
327279.723819,373040.158915,0,730
327047.318052,372905.79137,0,730
326323.140333,373027.488614,0,730
326696.766513,373057.641448,0,730
327449.843302,372832.696602,0,730
327032.430645,372779.719407,0,730
326323.385873,373385.069208,0,730
326335.127572,373250.788872,0,730
326369.378742,373373.740751,0,730
326298.070509,373055.747803,0,730
326521.255329,373036.558368,0,730
326425.61164,373257.944817,0,730
327468.895678,373110.667939,0,730
326724.778584,372836.721157,0,730
326342.359574,373587.583828,0,730
327201.499244,372818.365533,0,730
326715.119638,372980.332449,0,730
326246.41089,373285.227993,0,730
326243.006343,373413.458874,0,730
327493.229382,373028.72229,0,730
326704.993911,372753.233913,0,730
326224.075466,373160.06156,0,730
326999.086181,373150.36353,0,730
327484.711587,372983.250066,0,730
326290.382403,373613.927476,0,730
327437.252493,372926.641466,0,730
326956.593608,373224.926028,0,730
326211.348308,373549.915343,0,730
326798.631982,372732.774979,0,730
326496.090998,373116.654179,0,730
327419.617171,372854.226222,0,730
327156.748888,373008.426703,0,730
327343.556831,373083.074623,0,730
326719.431894,372864.37981,0,730
326487.417062,372865.525218,0,730
327364.335768,373123.891683,0,730
326544.701054,373291.544294,0,730
326779.774341,373022.879705,0,730
326379.721207,373486.804172,0,730
326400.638596,373360.538884,0,730
326484.558751,373152.996857,0,730
327431.668018,372762.185072,0,730
326486.815795,373368.831686,0,730
326483.339621,372903.738962,0,730
326877.666312,372771.385592,0,730
327145.362145,372657.171789,0,730
326435.557806,373466.172762,0,730
326342.740311,373056.010416,0,730
327378.436096,372799.091338,0,730
326392.015206,373371.69518,0,730
326797.001123,372941.875006,0,730
326242.736413,373455.108279,0,730
326673.337437,373023.709157,0,730
326261.961204,373402.67078,0,730
326795.350457,372750.656125,0,730
326679.411141,373088.290331,0,730
327151.010007,372894.534785,0,730
327214.180705,372690.148037,0,730
327299.855951,373159.585117,0,730
327412.092455,373030.447408,0,730
326838.928487,373274.285451,0,730
326541.230553,373102.850576,0,730
326579.054342,372967.021752,0,730
327454.268203,373047.178301,0,730
327237.770055,372624.758768,0,730
326317.11729,373229.100844,0,730
326632.741593,373205.753096,0,730
326572.296031,372975.927943,0,730
327309.899614,373103.509084,0,730
327350.505232,373178.692352,0,730
326222.521396,373500.893445,0,730
326239.847509,373123.497046,0,730
326588.603947,373055.475048,0,730
326645.914869,373280.844107,0,730
326210.918588,373147.303202,0,730
327070.480825,373004.088083,0,730
326628.317562,372966.397867,0,730
327074.91299,372990.872856,0,730
327292.227919,372619.595468,0,730
326558.911823,372878.821955,0,730
326957.745282,373069.675049,0,730
327028.577997,373049.144469,0,730
327133.673522,373066.781664,0,730
326225.638822,373275.115957,0,730
326631.915828,372808.747006,0,730
327440.003603,372778.85087,0,730
326989.735322,373235.253266,0,730
326636.023093,373049.354465,0,730
327311.574853,372731.158593,0,730
327029.486164,372773.851507,0,730
327126.025225,372726.377592,0,730
327348.079357,373004.997774,0,730
326348.299407,373259.349588,0,730
326590.52669,372778.965744,0,730
326933.129289,373170.925858,0,730
327339.810802,372718.877028,0,730
326732.042629,373112.892704,0,730
326390.101527,373075.849398,0,730
326604.648851,372878.030057,0,730
326557.546957,373102.970484,0,730
327022.039589,372857.913149,0,730
327224.220857,373157.796394,0,730
326999.308904,372999.065868,0,730
326937.963073,372979.237064,0,730
327253.516282,373133.520205,0,730
326846.36401,373100.259653,0,730
326538.161198,372836.445167,0,730
326548.976918,372757.577324,0,730
326891.539491,372801.835755,0,730
327428.245987,372977.677138,0,730
326966.820466,372826.187235,0,730
327009.553324,373104.57319,0,730
327325.544737,373174.629053,0,730
326768.211853,372982.568093,0,730
326635.681341,373004.945969,0,730
326243.501656,373517.864966,0,730
326258.268569,373208.10022,0,730
326343.791358,373192.769615,0,730
327102.936787,372906.846764,0,730
327169.762403,372751.077737,0,730
326252.916341,373394.520092,0,730
326464.800468,373450.689025,0,730
326316.657436,373200.880815,0,730
326565.506246,373286.606458,0,730
327091.962182,373134.441979,0,730
326488.999335,373251.809302,0,730
326853.803904,373203.274186,0,730
326855.744971,372852.808188,0,730
327008.579239,373193.755969,0,730
327114.193119,372871.196201,0,730
326979.129773,373012.92,0,730
326737.380547,373009.64504,0,730
327319.674303,372590.839212,0,730
326375.083692,373244.009321,0,730
327456.552027,372773.041592,0,730
326449.566211,373280.091623,0,730
326413.689002,373325.055831,0,730
326324.423431,373538.453671,0,730
326311.728914,373504.797305,0,730
326625.555239,372926.362175,0,730
326327.09425,373195.438295,0,730
326261.254643,373253.589312,0,730
326496.158758,373019.474817,0,730
326984.351036,372816.97349,0,730
326904.485634,372885.970429,0,730
326789.577957,372723.583779,0,730
327108.869702,372890.062845,0,730
327045.614633,372915.069093,0,730
327063.673756,373025.725922,0,730
327041.076299,372700.917717,0,730
327308.122603,373164.276526,0,730
326931.933701,373043.776007,0,730
327130.77746,373060.206778,0,730
326644.903358,372884.470159,0,730
326887.604099,372923.095466,0,730
327494.791928,372926.991801,0,730
327322.822951,373073.921424,0,730
327334.246481,373144.255338,0,730
326967.16206,373203.234985,0,730
326904.13767,373063.199624,0,730
326370.467185,373541.807237,0,730
326404.680244,373480.027788,0,730
327407.163457,372894.511925,0,730
326614.854122,372889.831015,0,730
326279.674127,373124.116652,0,730
327355.727312,372857.780429,0,730
326446.754163,373147.848389,0,730
327107.599119,372958.453204,0,730
326603.119203,373123.456282,0,730
326970.948392,373026.789275,0,730
326277.508747,373087.744215,0,730
326549.115856,373130.832196,0,730
326252.017843,373095.373335,0,730
327437.249837,373138.31086,0,730
326902.130231,372795.538989,0,730
326762.673829,373105.945206,0,730
326798.974979,372979.94679,0,730
326486.878014,372875.635227,0,730
326465.044387,372869.948317,0,730
326349.500885,373625.318011,0,730
326331.353934,373597.776453,0,730
326710.890765,373300.025684,0,730
326624.651441,373128.144135,0,730
326965.452864,372918.958145,0,730
326331.709132,373471.389061,0,730
326428.581144,373321.740036,0,730
326497.801098,372987.004778,0,730
327104.701746,372916.75369,0,730
327236.019529,372757.960341,0,730
326485.99221,372936.902891,0,730
326309.503391,373138.170031,0,730
326656.466319,373074.320755,0,730
326320.374089,373599.266836,0,730
326345.331504,373710.062611,0,730
327394.35877,372988.060864,0,730
327052.061844,372708.491293,0,730
327002.05538,372839.635208,0,730
326740.925224,372805.242688,0,730
326389.663554,373435.59307,0,730
327151.075938,373067.264628,0,730
327233.743669,372731.679412,0,730
326834.369252,372789.984139,0,730
326549.322595,373226.920994,0,730
327174.434866,372944.60629,0,730
326411.794359,373077.06511,0,730
326684.641388,373179.391111,0,730
327263.141662,372625.012238,0,730
326356.666453,373236.949007,0,730
326547.955017,372876.698333,0,730
326881.804134,372823.815485,0,730
327144.206023,372990.39493,0,730
326795.279865,372902.959364,0,730
326472.312188,373319.308247,0,730
326594.643842,372925.375736,0,730
326632.260656,372711.707419,0,730
326442.123545,373100.249052,0,730
326436.294685,373061.909856,0,730
326520.363291,372952.356864,0,730
326747.321758,373054.772571,0,730
326613.50225,372873.3854,0,730
327475.759921,373084.184213,0,730
326773.562757,373034.892178,0,730
326418.25005,373148.216492,0,730
326387.301188,373416.320197,0,730
326997.257902,373042.068727,0,730
326465.700362,373191.321844,0,730
326327.962868,373532.321511,0,730
326787.821849,372705.251005,0,730
327016.41944,372976.199889,0,730
327354.145794,373137.847925,0,730
326400.645417,373213.024852,0,730
326965.046503,372905.766833,0,730
326345.511158,373322.505179,0,730
327401.795991,372854.966363,0,730
326855.483175,373077.94922,0,730
327298.823862,372625.974153,0,730
326850.868059,372830.369059,0,730
327234.575575,372766.063696,0,730
326606.648307,373046.88018,0,730
326722.281865,373140.343119,0,730
326795.037465,372860.521816,0,730
327075.606066,372783.378566,0,730
327285.208711,372798.461558,0,730
327237.41163,373196.029036,0,730
326991.129869,373089.515454,0,730
326331.006512,373284.092588,0,730
326485.239326,372978.384712,0,730
326740.765173,372807.186017,0,730
326653.522791,372924.276138,0,730
326545.924476,373065.49094,0,730
327037.599841,373147.46935,0,730
326289.767013,373473.631844,0,730
327328.288292,373008.265513,0,730
326551.377835,373293.936699,0,730
326995.995937,372868.995951,0,730
326738.227698,372880.542066,0,730
327031.834232,372788.187343,0,730
326903.980585,372787.76465,0,730
327043.345402,373022.282801,0,730
326499.120006,372836.521773,0,730
326654.875141,372879.012893,0,730
326172.463037,373066.2478,0,730
327291.357043,373115.22434,0,730
326711.404872,373126.537742,0,730
326359.5926,373425.925599,0,730
326224.734801,373198.823921,0,730
326410.067473,373382.731459,0,730
327184.719043,373103.623425,0,730
327079.972198,372759.634067,0,730
326222.927512,373200.642863,0,730
326707.287982,373015.424314,0,730
326766.854305,372779.470646,0,730
327048.445389,372859.429146,0,730
327020.112314,373054.571617,0,730
327306.84842,373052.145433,0,730
327421.984565,372869.322371,0,730
326262.497162,373203.382816,0,730
327035.959318,372979.347563,0,730
327068.358431,373101.158031,0,730
326358.642627,373655.290951,0,730
327134.154237,373004.023029,0,730
327063.252784,373016.203401,0,730
326672.005531,373305.40276,0,730
326626.29829,373186.065571,0,730
326159.217314,373267.444198,0,730
327311.735706,372954.409734,0,730
327160.721772,372699.736616,0,730
326678.935452,373039.436705,0,730
327146.064261,372855.373847,0,730
326312.585812,373053.96082,0,730
326617.848839,372986.269824,0,730
326270.298627,373119.654995,0,730
327369.299831,372854.016699,0,730
326892.487952,373103.122996,0,730
326797.17313,372875.7652,0,730
326726.80402,373082.04731,0,730
327499.055787,372915.028321,0,730
327459.519789,372798.050144,0,730
327092.020485,373034.588432,0,730
326217.306877,373102.968665,0,730
326954.879052,373165.739682,0,730
326682.090206,373208.598262,0,730
326783.312757,373138.669327,0,730
326474.989164,373356.994175,0,730
326776.044695,372733.187548,0,730
327166.546817,373115.494666,0,730
327515.8926,372910.317278,0,730
327391.914586,372937.928753,2,730
327354.172195,373063.489843,4,730
326417.180268,373252.467977,11,730
326261.610245,373396.550734,14,730
327268.66126,372881.280835,16,730
327196.523784,372908.007673,18,730
326604.753893,373198.25898,22,730
326934.026717,372811.031731,23,730
326695.110681,372928.050252,24,730
326280.534121,373299.899994,29,730
327471.62579,373143.584939,30,730
327167.831111,372935.18838,32,730
326295.683335,373566.685126,40,730
326625.286075,373086.11451,42,730
326810.001188,372731.276394,44,730
326639.612195,373281.322049,45,730
326383.445073,373427.721149,46,730
326307.426015,373588.99972,52,730
327329.403067,372872.849052,53,730
326297.606487,373278.653883,64,730
326679.764715,372879.407563,67,730
326639.612195,373281.322049,68,730
326695.110681,372928.050252,69,730
326696.287777,373315.676137,70,730
327329.950938,373033.071418,74,730
326261.221033,373258.43112,78,730
326318.941977,373228.295686,80,730
327295.306188,372607.728709,84,730
327405.987862,372877.700836,97,730
326934.026717,372811.031731,99,730
327329.950938,373033.071418,106,730
327282.020443,372914.344292,118,730
326946.928758,372762.980918,122,730
326612.898593,372880.29743,124,730
326383.485142,373214.741494,129,730
327288.546311,373042.573777,132,730
326738.012525,372915.605557,134,730
327096.387026,372855.716918,139,730
327193.751372,372956.358325,141,730
326726.768572,372882.380804,150,730
326425.539705,373111.949242,153,730
327041.931307,373090.514183,171,730
327395.440572,372732.81185,175,730
327354.755913,373072.776172,176,730
327206.498749,372990.701584,182,730
327326.543631,372694.611784,185,730
326547.193102,372732.149342,186,730
326316.388919,373476.535222,189,730
327243.622827,373168.134842,199,730
326289.242046,372945.40326,202,730
326213.609624,373568.816718,207,730
327196.523784,372908.007673,216,730
326549.807536,373049.568694,221,730
327399.371438,372990.35275,224,730
326469.598654,372958.505604,225,730
326907.459196,373181.342511,228,730
326295.754302,373232.110173,231,730
326230.631591,373124.740478,233,730
327282.020443,372914.344292,234,730
326737.192627,373263.717718,243,730
326938.087714,373235.388958,245,730
327369.694527,372709.784659,247,730
327328.062929,373056.684372,250,730
327279.698128,372836.673464,253,730
326216.033302,373259.993611,254,730
326457.404966,373273.887155,259,730
327290.447023,372974.281969,262,730
327469.57502,372775.597929,264,730
326737.192627,373263.717718,268,730
327268.50961,372838.463451,274,730
326440.266102,373164.321814,275,730
326568.79256,372887.056423,280,730
327437.606677,373025.926098,288,730
327091.571399,373224.211095,302,730
327261.702672,373121.359366,303,730
326489.118857,372918.51735,304,730
327437.606677,373025.926098,308,730
327404.960349,372787.930145,312,730
326213.609624,373568.816718,314,730
327004.305713,372851.451707,315,730
327163.743409,373197.323059,320,730
327207.80323,373005.354084,321,730
327087.994429,373044.284967,322,730
327369.694527,372709.784659,324,730
327291.743375,372692.432761,339,730
327245.560434,373042.550578,342,730
326942.892926,372918.57459,347,730
327243.622827,373168.134842,353,730
327386.038516,372728.239615,355,730
327399.371438,372990.35275,358,730
327292.82437,372780.243683,362,730
326261.221033,373258.43112,363,730
327096.387026,372855.716918,364,730
326986.639249,373228.417602,369,730
326693.588047,372929.896129,371,730
326739.893067,373163.794737,373,730
326360.662832,373146.682102,374,730
326419.399111,373006.260121,377,730
327527.486815,373164.461258,382,730
326419.399111,373006.260121,383,730
326726.768572,372882.380804,385,730
327290.447023,372974.281969,400,730
327372.71586,373038.789376,404,730
326926.420115,373244.061722,408,730
327329.950938,373033.071418,409,730
327315.519044,372781.896786,413,730
327014.625546,373140.495426,417,730
327007.399465,372895.617476,418,730
327038.175575,373018.136572,419,730
326383.445073,373427.721149,420,730
326378.821114,373293.916386,425,730
326509.478515,373250.111638,426,730
326458.310105,373445.844615,433,730
326305.159821,373399.704231,435,730
326257.330419,373422.978963,436,730
327173.396564,373117.928957,449,730
327399.084125,372899.163136,453,730
326340.070433,373263.352874,460,730
327004.862182,372762.343983,461,730
327096.387026,372855.716918,468,730
327395.440572,372732.81185,472,730
327508.933719,373081.693929,477,730
326818.202966,373174.042865,478,730
326706.451323,373122.783121,479,730
327218.199327,373157.798259,480,730
327472.973246,373096.023118,487,730
326509.478515,373250.111638,488,730
327292.82437,372780.243683,490,730
326672.851408,372945.756483,492,730
326228.763119,373260.397662,506,730
326818.202966,373174.042865,508,730
327091.571399,373224.211095,511,730
327250.837636,372626.786705,513,730
326394.659525,373016.452932,516,730
326973.308817,372934.201241,517,730
326289.310342,373060.898584,518,730
326604.904385,372699.377275,529,730
326447.181993,373039.520681,532,730
327233.071635,373069.897574,533,730
327087.994429,373044.284967,534,730
327081.732352,372934.15591,536,730
326267.89256,373185.475679,538,730
326746.523127,372780.69184,539,730
326930.223963,373119.445823,540,730
327290.447023,372974.281969,545,730
327464.174426,372775.565648,549,730
327404.960349,372787.930145,552,730
327153.747031,372917.835343,557,730
327508.933719,373081.693929,562,730
327310.486629,372743.857348,566,730
327196.523784,372908.007673,568,730
326690.262164,373129.339059,573,730
326986.639249,373228.417602,576,730
326856.915633,372753.470936,577,730
326934.964195,373111.667353,579,730
327071.710811,372814.455841,581,730
326447.181993,373039.520681,582,730
327399.371438,372990.35275,593,730
326735.811506,373253.392302,595,730
326521.498324,373151.150454,605,730
327369.694527,372709.784659,609,730
326385.268831,373119.113184,615,730
327011.742166,372946.287253,619,730
327268.66126,372881.280835,623,730
326829.623102,372761.9694,625,730
326230.631591,373124.740478,626,730
327471.671465,372962.281565,637,730
326378.821114,373293.916386,641,730
326374.44849,373559.6923,649,730
326257.330419,373422.978963,660,730
326244.077827,373226.205488,662,730
327114.171561,373073.204356,668,730
326502.861723,373075.081723,672,730
326850.868759,372975.301089,673,730
327472.973246,373096.023118,674,730
326802.190072,373185.738766,678,730
327405.987862,372877.700836,686,730
327437.606677,373025.926098,688,730
327539.484761,373165.807166,689,730
326257.330419,373422.978963,698,730
326839.92548,372783.2784,702,730
327279.698128,372836.673464,707,730
327237.277781,372797.585252,708,730
326766.826175,372807.784451,710,730
326512.434713,373196.784373,713,730
326281.575672,373404.368741,716,730
326330.693359,373734.293663,718,730
326554.714351,373258.198375,727,730
326504.751573,373032.676555,728,730
