327035.057407,377919.063521,0,730
326955.03235,377639.745647,0,730
326931.910261,377730.714998,0,730
326866.982112,377865.625196,0,730
327049.754771,377802.145821,0,730
326980.951247,377793.796786,0,730
327060.949069,377854.070033,0,730
326887.989217,377630.022763,0,730
327009.154285,377596.858382,0,730
327031.172315,377821.258683,0,730
327055.494263,377912.359304,0,730
326960.088785,377857.951938,0,730
326891.944323,377588.019583,0,730
327052.161584,377955.707048,0,730
326844.703852,377694.378179,0,730
327006.232516,377647.563383,0,730
327036.890199,377870.381067,0,730
327059.687198,377926.72499,0,730
326987.794259,377933.742574,0,730
326972.215727,377703.620007,0,730
326970.506556,377622.704512,0,730
327004.541181,377921.794601,0,730
326938.617173,377786.962995,0,730
326911.714688,377620.854268,0,730
326841.859519,377759.641248,0,730
326914.429679,377849.643315,0,730
326886.506246,377865.009078,0,730
326981.303391,377532.108805,0,730
326981.75809,377994.503682,0,730
327049.493906,377931.911139,0,730
326960.366918,377889.312937,0,730
326943.970022,378009.62198,0,730
327031.087774,377900.991873,0,730
326876.595201,377617.32285,0,730
326963.632756,377734.980683,0,730
327030.326984,377933.165828,0,730
326945.83998,377903.43274,0,730
326968.853967,377878.311592,0,730
326950.20624,377815.830615,0,730
326958.329909,378000.434535,0,730
326980.169787,377653.152526,0,730
327030.311564,377904.467043,0,730
326978.814669,377750.218292,0,730
326976.346403,377727.586976,0,730
326898.545137,377666.418762,0,730
327027.75199,377850.213941,0,730
326878.402036,377863.027104,0,730
326945.144804,377587.244704,0,730
326871.107215,377786.911234,0,730
327041.768814,377543.416478,0,730
327042.460618,377945.126722,0,730
326927.548656,377982.046853,0,730
326970.011814,377619.104542,0,730
327051.28744,377784.137997,0,730
327031.357653,377911.569162,0,730
327013.713619,377834.78176,0,730
326877.536386,377615.624279,0,730
327024.640724,377701.559273,0,730
326885.646139,377769.887908,0,730
326950.324167,377866.229496,0,730
326972.263161,377550.226482,0,730
326876.66009,377845.967153,0,730
327023.828401,377713.411265,0,730
327056.513059,377799.795959,0,730
326984.890096,377863.847873,0,730
327015.758504,377678.797823,0,730
326989.599084,377761.569993,0,730
327002.494671,377899.673869,0,730
326857.89583,377778.488276,0,730
327045.553541,377566.869034,0,730
327002.175763,377653.791764,0,730
327044.178694,377831.902978,0,730
326948.66975,377861.797226,0,730
326954.049769,377749.408988,0,730
326951.101164,377949.742203,0,730
326952.724176,377900.691288,0,730
326897.02826,377792.334612,0,730
326976.786437,377649.990509,0,730
326840.640843,377686.587389,0,730
326922.270045,377646.767169,0,730
327014.118249,377774.575768,0,730
326943.718118,377973.895809,0,730
327053.873308,377786.1959,0,730
327023.417958,377670.332024,0,730
326996.069527,377751.337653,0,730
327025.241835,377745.095688,0,730
326951.47895,377669.248941,0,730
326944.853081,377719.73827,0,730
326953.517671,377706.970598,0,730
327021.89371,377731.368305,0,730
326942.378423,377731.302841,0,730
326863.780314,377749.870071,0,730
326979.058514,377865.585687,0,730
326834.202031,377595.316899,0,730
327067.138888,377903.676031,0,730
327061.415401,377915.021897,0,730
326973.313639,377934.728249,0,730
326900.767142,377923.275415,0,730
326901.69167,377645.471997,0,730
326994.01254,377635.641038,0,730
326922.142812,377599.181294,0,730
326900.117545,377693.438165,0,730
326900.670377,377816.354359,0,730
327050.659766,377901.202229,0,730
326882.186818,377789.129947,0,730
327036.717941,377876.291613,0,730
326909.361702,377677.137108,0,730
326915.95936,377774.126171,0,730
327024.70286,377543.028397,0,730
326898.818201,377892.076064,0,730
326959.69902,377885.547017,0,730
326837.876213,377735.454983,0,730
327049.979934,377788.287083,0,730
326929.870597,377835.628597,0,730
327031.084873,377975.931322,0,730
327047.374648,377691.710148,0,730
326939.824003,377803.586163,0,730
326953.496068,377770.379835,0,730
326987.324085,377817.346818,0,730
326936.336718,377757.930258,0,730
326962.111189,377868.618093,0,730
326969.732026,377661.830837,0,730
326906.805094,377970.672235,0,730
327005.692244,377536.0992,0,730
326983.158546,377965.784181,0,730
326964.348677,377787.595183,0,730
327025.168065,377766.769674,0,730
326995.519262,377872.921005,0,730
327016.369535,377696.809126,0,730
327047.885229,377650.650954,0,730
327003.749156,377568.281299,0,730
326926.139811,377585.733863,0,730
326929.22364,377663.448485,0,730
326982.197759,377750.647016,0,730
327000.427815,377666.939624,0,730
326875.843455,377659.165873,0,730
326966.938759,377959.382922,0,730
327022.788303,377919.924297,0,730
327014.241243,377771.578525,0,730
327018.930989,377681.548548,0,730
326887.74874,377912.453097,0,730
327006.755648,377677.338492,0,730
327026.518186,377985.613485,0,730
326934.714857,377677.427106,0,730
326859.62262,377686.543184,0,730
326955.27621,377582.233627,0,730
327020.014295,377881.252371,0,730
326864.363632,377612.048779,0,730
327061.491903,377962.178712,0,730
327019.47961,377604.608259,0,730
326872.041287,377667.020669,0,730
326970.132007,377687.457543,0,730
326961.644794,377617.265773,0,730
326967.1335,377994.030111,0,730
327024.203034,377682.273679,0,730
326817.614066,377682.682949,0,730
326884.765048,377591.809903,0,730
326885.436563,377784.391222,0,730
327013.420354,377768.031399,0,730
326964.139927,377702.406429,0,730
326954.182815,377984.591067,0,730
326958.58125,377773.369941,0,730
327064.500009,377868.412008,0,730
326838.189628,377662.162734,0,730
327000.8845,377676.613332,0,730
327043.476245,377905.6406,0,730
327034.806566,377604.939072,0,730
327034.336201,377728.437228,0,730
326949.266297,377601.539557,0,730
327026.035662,377853.396132,0,730
326987.482779,377594.08687,0,730
326902.682133,377590.073104,0,730
326963.039983,377592.667272,0,730
326843.921436,377703.504606,0,730
327040.728627,377545.170354,0,730
327045.577029,377984.464007,0,730
326963.220484,377671.127506,0,730
327022.77089,377868.64682,0,730
327037.424959,377786.610674,0,730
326891.723438,377905.664783,0,730
326983.748897,377915.446336,0,730
326973.970143,377701.172797,0,730
327054.877376,377709.689137,0,730
326992.489743,377910.644704,0,730
326943.847585,377682.653438,0,730
326897.407601,377958.080728,0,730
327034.364054,377871.605237,0,730
326956.227403,377836.23561,0,730
326895.262523,377849.650698,0,730
327042.104734,377822.563887,0,730
326881.465959,377894.004349,0,730
326987.865008,377871.302719,0,730
326869.366173,377598.794216,0,730
326889.694423,377761.376188,0,730
327032.362013,377947.005714,0,730
326975.989508,377621.169252,0,730
326881.702559,377614.80279,0,730
327048.484326,377641.328961,0,730
326902.522139,377571.040044,0,730
326866.16335,377793.686037,0,730
326979.343735,377785.631939,0,730
327034.142479,377550.781178,0,730
327009.134433,377873.634593,0,730
327038.841911,377908.657208,0,730
326878.649134,377857.302802,0,730
327047.069349,377615.410677,0,730
327053.360451,377738.656995,0,730
326949.700198,377617.414382,0,730
326972.060428,377950.856138,0,730
327022.43165,377635.54802,0,730
326842.332391,377709.777095,0,730
326982.104586,377979.943996,0,730
326906.071164,377936.633725,0,730
326908.674266,377656.15097,0,730
326976.316842,377796.966077,0,730
327041.713924,377529.811207,0,730
326986.914102,377593.760015,0,730
327000.440093,377840.183689,0,730
326940.584688,377939.085594,0,730
326971.755579,377919.397365,0,730
327053.646614,377827.991785,0,730
326906.631373,377694.582658,0,730
326880.709278,377721.759316,0,730
326947.296486,377546.292199,0,730
326953.380434,377817.378846,0,730
326928.017668,377679.534717,0,730
326930.289934,377564.086884,0,730
327038.710657,377548.113731,0,730
326976.576912,377576.471662,0,730
326977.662647,377607.632282,0,730
327018.89959,377734.714558,0,730
326937.65466,377712.461793,0,730
326877.246863,377631.194705,0,730
326905.712643,377729.329657,0,730
326854.097301,377608.798159,0,730
327040.867527,377593.558268,0,730
326981.108073,377814.533023,0,730
326962.45454,377561.549295,0,730
327046.308059,377572.057817,0,730
326985.975107,377918.013679,0,730
327054.977218,377702.584261,0,730
326912.398719,377850.708028,0,730
326891.20087,377877.229285,0,730
326957.532087,377533.276841,0,730
326991.611627,377951.189458,0,730
327005.522146,377995.998754,0,730
326891.43879,377816.43381,0,730
327034.957214,377537.55054,0,730
326991.986639,377664.620822,0,730
326853.891244,377772.78793,0,730
326948.206679,377922.542341,0,730
326859.482632,377759.004182,0,730
326902.218155,377837.610868,0,730
327040.276848,377875.210956,0,730
326827.635632,377610.436317,0,730
326851.528076,377692.929222,0,730
327044.083347,377813.03973,0,730
326899.51849,377812.841665,0,730
326938.884913,377599.270392,0,730
327010.343158,377848.930844,0,730
326947.337291,377686.897956,0,730
326891.437149,377839.135235,0,730
326900.712831,377790.534338,0,730
326876.647932,377870.233753,0,730
326884.067643,377789.659089,0,730
326856.5125,377736.871122,0,730
326982.868441,378006.857115,0,730
327022.368448,377865.407739,0,730
326946.379094,377948.95503,0,730
327022.720775,377656.975907,0,730
327061.342044,377810.81003,0,730
326937.183358,377652.304815,0,730
326933.362751,377810.860146,0,730
326970.077846,377546.452014,0,730
327020.292212,377645.167304,0,730
327005.003898,377884.405173,0,730
326967.60996,377586.687739,0,730
326880.582771,377763.207096,0,730
326854.477644,377739.848668,0,730
326933.76138,377538.07702,0,730
327038.004791,377903.112548,0,730
327005.738127,377993.594496,0,730
326987.289345,377949.611888,0,730
327005.203946,377652.875714,0,730
326947.730509,377993.654398,0,730
327005.530299,377550.607043,0,730
326947.893407,377673.736557,0,730
326960.25697,377953.18253,0,730
327011.065938,377971.500931,0,730
326911.960937,377974.351051,0,730
327042.250728,377842.267477,0,730
326864.495704,377736.363067,0,730
327063.518298,377908.185937,0,730
326955.858232,377575.285943,0,730
326898.374548,377564.25001,0,730
326991.623563,377853.337703,0,730
326953.575935,377838.32702,0,730
326973.393011,377533.752139,0,730
326940.876099,377797.981378,0,730
326867.31817,377824.091667,0,730
326989.620631,377908.29303,0,730
326923.522259,377973.411223,0,730
327000.900245,377842.304926,0,730
326991.979379,377817.364898,0,730
326993.578305,377944.687032,0,730
327020.466822,377654.176584,0,730
327005.23462,377855.303416,0,730
326974.581375,377565.093787,0,730
327025.156854,377596.325408,0,730
327047.13517,377962.446887,0,730
326977.884765,377729.570865,0,730
326867.885081,377819.126978,0,730
327003.891327,377749.333834,0,730
326917.306916,377724.593069,0,730
326926.305963,377697.77527,0,730
326858.718371,377798.485015,0,730
326977.582869,377537.141712,0,730
326968.155997,377631.810095,0,730
326874.967018,377703.270463,0,730
326904.168124,377976.149444,0,730
327021.503749,377742.726857,0,730
326971.653712,377847.750647,0,730
326975.029963,377730.76821,0,730
326946.572713,377793.591014,0,730
326926.21862,378025.221194,0,730
326982.31601,377859.101615,0,730
327069.67118,377983.079137,0,730
327005.703421,377839.95116,0,730
326992.280331,377532.401184,0,730
327001.883306,377815.358097,0,730
326971.984312,378007.484364,0,730
326947.060721,377542.925765,0,730
326934.12966,377727.830955,0,730
326820.759548,377585.140611,0,730
327034.063965,377720.048528,0,730
326914.772415,377598.464593,0,730
327025.128111,377686.503858,0,730
326871.288977,377861.220399,0,730
327014.442342,377575.116041,0,730
326827.343108,377571.662786,0,730
327040.864737,377791.85004,0,730
326864.671882,377673.439132,0,730
326962.596098,377908.645898,0,730
326878.261753,377618.731545,0,730
326976.540639,377901.449544,0,730
326950.346063,377700.114502,0,730
326836.206193,377655.168578,0,730
326869.778518,377771.964522,0,730
326837.678152,377684.59426,0,730
326856.462408,377826.789836,0,730
326868.934158,377714.04674,0,730
326866.913346,377748.61608,0,730
326968.607284,377792.865029,0,730
326943.229279,377644.218254,0,730
326919.049776,377902.924612,0,730
327032.623139,377909.313631,0,730
326889.436091,377755.906724,0,730
327038.725201,377669.328063,0,730
326969.085117,378015.068785,0,730
326963.24498,377929.067406,0,730
326944.927169,377613.084689,0,730
326916.153647,378016.846541,0,730
326900.410902,377665.133981,0,730
327003.111283,377874.151557,0,730
327009.282955,377947.336106,0,730
326902.850678,377801.95519,0,730
326938.778595,377757.613483,0,730
326840.598557,377693.105348,0,730
326952.834062,377723.708182,0,730
326925.98363,377996.178704,0,730
327062.156061,377810.242903,0,730
326975.012244,377724.151007,0,730
327012.631308,377702.332104,0,730
326875.719098,377576.55579,0,730
326825.75401,377716.437725,0,730
327036.65167,377758.502317,0,730
326960.875683,377813.045581,0,730
326872.248069,377753.761877,0,730
327067.584504,377851.848889,0,730
327028.413752,377714.850885,0,730
326862.589815,377823.4942,0,730
327040.606832,377656.70105,0,730
327008.94942,377724.337452,0,730
326852.470098,377611.917441,0,730
326960.867522,377641.888938,0,730
326820.936435,377690.294681,0,730
326867.444562,377609.165456,0,730
327014.728397,377559.189818,0,730
326971.656584,377803.265842,0,730
326999.729185,377833.08075,0,730
326893.132277,377929.342764,0,730
326977.19345,377568.557278,0,730
326997.072543,377627.862533,0,730
326891.903391,377946.744462,0,730
327038.930421,377762.63245,0,730
327044.261545,377586.79457,0,730
326886.144725,377616.517798,0,730
326982.22939,377780.459424,0,730
327006.19997,377675.39177,0,730
327018.180369,377735.940936,0,730
326976.632059,377792.351883,0,730
326905.427038,377788.394313,0,730
326882.576197,377773.157606,0,730
326935.254403,378000.700354,0,730
326988.891818,377614.245557,0,730
326991.869757,377973.604041,0,730
326962.111158,377931.842049,0,730
327037.608492,377862.371681,0,730
326979.346994,377729.955517,0,730
326958.097633,377860.576205,0,730
326941.225164,377909.178285,0,730
326939.515037,377630.124436,0,730
326949.787571,377606.832235,0,730
326928.326177,377595.626268,0,730
327046.534701,377950.580102,0,730
326959.221098,377807.170142,0,730
326934.497132,377793.858922,0,730
326935.75655,377599.057865,0,730
326958.915927,377573.252064,0,730
326948.969129,377967.5958,0,730
326929.736017,377664.782748,0,730
327011.352609,377897.68465,0,730
326982.28893,377832.328682,0,730
327035.058113,377988.337447,0,730
327037.136278,377894.05899,0,730
327029.639051,377685.143674,0,730
326987.807398,377828.084731,0,730
326909.400628,377806.566951,0,730
326993.677746,377844.410903,0,730
326982.336733,377753.633948,0,730
326872.477975,377590.632883,0,730
326990.780096,377780.737142,0,730
326882.043833,377574.735302,0,730
327016.307191,377614.94299,0,730
326968.794852,377563.058803,0,730
326891.156131,377552.745032,0,730
327028.002977,377930.396918,0,730
326820.418128,377641.858723,0,730
326974.478015,377726.85648,0,730
326935.472537,377730.748348,0,730
326950.879747,377852.310434,0,730
326847.332945,377573.610934,0,730
326972.41271,377631.360683,0,730
326967.379459,377586.423242,0,730
327061.17547,377921.17716,0,730
326897.460594,377940.518182,0,730
326896.643334,377797.904619,0,730
326829.573678,377645.480677,0,730
326987.834412,377618.234867,0,730
326989.855718,377867.748225,0,730
326894.422523,377679.168022,0,730
326956.273034,377972.775732,0,730
327037.088813,377841.357926,0,730
326925.587526,377623.148659,0,730
326967.647132,377972.200671,0,730
327071.906491,377957.688851,0,730
326904.783268,377857.812786,0,730
327045.353934,377672.818575,0,730
326969.57149,377656.808374,0,730
326844.845104,377653.273595,0,730
326891.378117,377780.36138,0,730
327039.865636,377987.72568,0,730
326842.351499,377689.144691,0,730
326931.82924,377868.178385,0,730
326878.390988,377658.221705,0,730
326850.632909,377776.541052,0,730
326842.682123,377717.010471,0,730
327047.817352,377678.547869,0,730
326929.717065,377955.943781,0,730
326964.48889,377790.415161,0,730
327000.220648,377613.011583,0,730
326941.00975,377806.315416,0,730
326900.560741,377784.755282,0,730
327050.629192,377890.322567,0,730
326917.368068,377622.341191,0,730
326980.510515,377813.181867,0,730
326936.087909,377597.216569,0,730
326965.700359,377737.545052,0,730
326968.128642,377966.967901,0,730
326953.368505,377921.124454,0,730
326852.820723,377664.119807,0,730
326949.992944,377604.330093,0,730
326962.724244,377921.084377,0,730
326896.795469,377607.980876,0,730
326937.118999,377748.235843,0,730
326983.234985,377995.752746,0,730
326930.975364,377724.101156,0,730
326919.470632,377818.106345,0,730
327029.039917,377920.335281,0,730
327038.333476,377951.318714,0,730
326874.480763,377668.542519,0,730
326911.098383,377595.107226,0,730
326841.442614,377719.655927,0,730
327005.343829,377805.031962,0,730
327039.1335,377831.120325,0,730
326846.817751,377770.214505,0,730
326921.287089,377776.246059,0,730
326913.779654,377888.229965,0,730
327015.250064,377646.867535,0,730
326916.436117,377659.207982,0,730
326912.357232,377624.582327,0,730
326849.131456,377761.73719,0,730
326922.188787,377696.788566,0,730
327045.069824,377586.075776,0,730
326874.855673,377860.315575,0,730
326981.472467,377629.971942,0,730
327010.269325,377651.571756,0,730
326955.748358,377748.129423,0,730
326871.180795,377776.914772,0,730
326827.344616,377720.819078,0,730
327014.986213,377582.916351,0,730
326883.787095,377819.015421,0,730
327015.544844,377587.46667,0,730
326910.450708,377564.579399,0,730
326987.856467,377999.265502,0,730
326940.306936,377976.21272,0,730
327002.739655,377757.790062,0,730
326878.908072,377690.815767,0,730
327011.715941,377619.43955,0,730
327003.609765,377682.068021,0,730
327016.640279,377919.5394,0,730
327051.627282,377804.810289,0,730
326991.496572,377633.549312,0,730
327010.161069,377912.92579,0,730
327003.395247,377704.453442,0,730
326921.415303,377914.356678,0,730
326924.388096,377968.116232,0,730
326879.958769,377836.39758,0,730
327017.960759,377736.113843,0,730
326883.060008,377766.881761,0,730
327058.681219,377914.236588,0,730
326899.543126,377608.59087,0,730
326895.836593,377800.209817,0,730
327038.554479,377938.18198,0,730
326890.57448,377756.591108,0,730
327055.157686,377761.621647,0,730
327003.75876,377990.273599,0,730
326914.540382,377714.963106,0,730
326863.586118,377794.511174,0,730
326962.236908,377608.723874,0,730
326857.251426,377763.818788,0,730
326946.470951,377705.576247,0,730
327054.391772,377808.689722,0,730
326858.13375,377593.368273,0,730
326969.534299,377799.514933,0,730
326892.894018,377675.265074,0,730
326966.917928,377833.84322,0,730
326971.362369,377871.236846,0,730
327051.840579,377941.093837,0,730
326961.713527,377612.896381,0,730
326858.466566,377608.800369,0,730
326911.755787,377716.643869,0,730
326962.374096,377552.651492,0,730
326980.247349,377847.677773,0,730
326968.706182,377677.353866,0,730
326980.068896,377824.816643,0,730
327007.718618,377985.738395,0,730
326893.461559,377897.359182,0,730
326964.726275,378014.204863,0,730
327018.410713,377721.975362,0,730
326981.044784,377854.400891,0,730
326955.863776,377688.735425,0,730
326836.297494,377608.807589,0,730
326974.302205,377557.663109,0,730
326980.455679,377983.240317,0,730
326957.340265,377841.346367,0,730
326907.431632,377937.340032,0,730
326954.084478,377571.855089,0,730
326882.384354,377639.042495,0,730
327019.335106,377796.033151,0,730
327042.042704,377777.627316,0,730
326946.15362,377865.220944,0,730
327032.188239,377580.734783,0,730
326980.153185,377867.790431,0,730
326984.433722,377590.769561,0,730
326901.199829,377675.286625,0,730
327046.57261,377842.715405,0,730
326975.804986,377689.145961,0,730
326997.424329,377639.315,0,730
327010.957227,377811.983282,0,730
327033.109746,377563.956001,0,730
326962.703595,377799.797847,0,730
327065.399926,377935.981404,0,730
326959.608925,377708.709868,0,730
327059.982331,377880.117553,0,730
326892.42917,377642.350395,0,730
327055.60982,377959.134455,0,730
327045.593632,377855.847488,0,730
326995.225129,377650.871594,0,730
327024.765665,377743.23674,0,730
326917.672191,377546.75495,0,730
326927.270583,378018.751697,0,730
326966.837009,377835.308851,0,730
326938.886473,377823.424109,0,730
326830.688578,377658.659944,0,730
327052.243353,377875.580671,0,730
327040.780643,377951.156409,0,730
326883.095952,377696.468977,0,730
326892.65236,377866.700312,0,730
327006.970856,377967.059424,0,730
327034.338385,377907.184669,0,730
326887.430142,377636.898374,0,730
327048.256495,377599.683909,0,730
326963.497372,377743.434067,0,730
326972.137312,377569.643486,0,730
327045.049372,377766.598538,0,730
326941.50921,377680.250672,0,730
326929.525591,377842.92686,0,730
326835.060857,377651.734086,0,730
326978.362614,377875.288143,0,730
326905.243389,377893.817425,0,730
327042.760099,377754.890242,0,730
326973.074151,377946.633931,0,730
327050.173091,377798.977182,0,730
327000.902165,377920.662889,0,730
326945.017956,377584.237152,0,730
326984.569105,377759.038937,0,730
327010.021456,377868.539822,0,730
326984.509173,377910.615975,0,730
326932.882986,377861.696089,0,730
326908.88972,377691.63107,0,730
327011.135845,377917.167389,0,730
326927.973972,377798.305577,0,730
326860.057556,377796.16196,0,730
327031.422145,377758.27901,0,730
326920.307244,377858.241151,0,730
327054.145764,377919.792236,0,730
326859.14655,377679.68359,0,730
326875.12891,377748.977078,0,730
326950.523434,377914.632356,0,730
326939.424346,378007.938356,0,730
327054.05083,377723.480355,0,730
326967.926916,377624.368488,0,730
326855.829236,377648.910385,0,730
326893.929088,377584.659886,0,730
326861.290957,377608.420729,0,730
326938.663651,377838.094321,0,730
326884.494729,377848.2643,0,730
326953.131058,378005.425967,0,730
326879.012855,377580.760838,0,730
326902.777857,377786.084567,0,730
327048.179177,377700.16392,0,730
326914.535495,377849.871392,0,730
326971.434375,377919.173321,0,730
327009.876166,377603.022519,0,730
327044.856113,377856.674964,0,730
327048.571259,377752.028857,0,730
327012.121034,377988.330228,0,730
327038.928444,377569.726367,0,730
326914.006708,377661.089528,0,730
327034.565768,377842.943761,0,730
326991.870977,377665.353452,0,730
326879.753168,377557.140851,0,730
326988.779893,377941.820226,0,730
327041.32638,377970.594291,0,730
326923.958326,377690.273747,0,730
326965.10291,377954.075146,0,730
326975.852532,377589.926768,0,730
326952.694922,378000.588446,0,730
326848.936689,377686.07113,0,730
326821.035059,377695.398613,0,730
327051.402232,377922.088079,0,730
326994.428829,377788.44963,0,730
327002.335117,377540.947652,0,730
326879.675146,377796.508097,0,730
326829.10387,377574.984048,0,730
326830.595871,377616.360332,0,730
327024.10565,377710.833585,0,730
327052.754827,377694.257938,0,730
326988.626559,377742.955646,0,730
327024.244859,377626.154597,0,730
327028.389402,377671.371298,0,730
326939.738152,377941.537664,0,730
326952.271458,377545.048886,0,730
326990.004033,377533.416883,0,730
327007.372739,377600.739479,0,730
326836.946931,377745.305291,0,730
326996.610865,377856.805506,0,730
326999.940884,377769.558988,0,730
326956.729125,377803.804398,0,730
326857.532358,377640.515879,0,730
326887.739286,377594.992402,0,730
327024.896328,377687.59715,0,730
327025.711062,377873.38534,0,730
327012.248272,377661.796367,0,730
326959.461202,377833.892665,0,730
327034.127534,377664.371046,0,730
326972.658903,377602.198514,0,730
326982.200443,377782.860612,0,730
327034.86435,377543.089509,0,730
326904.380452,377666.600882,0,730
327002.657579,377989.745129,0,730
326980.642967,377801.30282,0,730
326869.845571,377679.166981,0,730
326874.288067,377745.172173,0,730
326943.193797,377567.801033,0,730
326826.160342,377723.678948,0,730
327034.275099,377978.505945,0,730
326911.872154,377780.86811,0,730
327056.532567,377967.142601,0,730
326936.309384,377801.126137,0,730
326923.444377,377671.725533,0,730
326815.484409,377633.071511,0,730
326946.038292,377962.440859,0,730
326853.569636,377734.597574,0,730
327046.019189,377828.154832,0,730
326844.666665,377764.789201,0,730
326916.184406,377795.865287,0,730
326829.606705,377699.709324,0,730
326941.458323,377934.870854,0,730
326998.280591,377645.628635,0,730
327059.99387,377759.430233,0,730
326844.066124,377655.945185,0,730
326953.69363,377712.271307,0,730
326890.057873,377706.163288,0,730
326888.927766,377635.119575,0,730
327032.531172,377956.524549,0,730
326908.941492,377832.678092,0,730
326894.336706,377827.972312,0,730
326915.81635,378000.350925,0,730
326950.470812,377565.681892,0,730
326842.190443,377638.35738,0,730
327068.479829,377904.353866,0,730
327031.629552,377751.984764,0,730
327013.934423,377694.087891,0,730
326901.616906,377901.704022,0,730
326976.956043,377704.969095,0,730
327004.994465,377845.109765,0,730
327070.009774,377946.592414,0,730
326897.239364,377593.949088,0,730
326988.88858,377952.345441,0,730
327013.299306,377726.532192,0,730
326860.973995,377815.951376,0,730
327041.345555,377895.738372,0,730
327005.318282,377796.967994,0,730
327035.985253,377945.699741,0,730
326977.459581,377577.12778,0,730
326918.118696,378013.372332,0,730
326816.106342,377568.424184,0,730
326930.946663,377895.771467,0,730
326897.16957,377800.525499,0,730
326994.410534,377538.32135,0,730
326834.714731,377747.641426,0,730
326892.781617,377922.031629,0,730
326974.436157,377889.57791,0,730
326823.455806,377665.023903,0,730
327022.278912,377773.228351,0,730
326867.375939,377724.209942,0,730
326960.611864,377543.078982,0,730
327022.458438,377543.066161,0,730
326876.275559,377695.904107,0,730
326980.229917,377973.331811,0,730
326882.00576,377807.335578,0,730
326938.160751,377948.248862,0,730
326946.890118,377711.810558,0,730
327016.858962,377651.524155,0,730
326842.212784,377732.507688,0,730
326907.866899,377697.087426,0,730
326955.798981,377851.408362,0,730
327047.183326,377718.76916,0,730
326967.328704,377770.903346,0,730
326957.288487,377931.037508,0,730
326891.692306,377807.609777,0,730
326897.745678,377815.912067,0,730
326860.76669,377694.066272,0,730
326958.487364,377843.764945,0,730
326995.944198,377799.994159,0,730
326845.238787,377577.760351,0,730
326997.090007,377840.848291,0,730
327018.739088,377915.443298,0,730
326863.00527,377699.399827,0,730
326953.009345,377819.942757,0,730
326927.324218,377992.109265,0,730
326971.526431,377852.896318,0,730
326988.835234,377787.393599,0,730
326992.455817,377941.309599,0,730
326912.134132,377649.977621,0,730
326962.257386,377924.926541,0,730
326843.081268,377766.375639,0,730
326986.425703,377910.069547,0,730
326941.265004,377986.283911,0,730
326892.724181,377891.186063,0,730
326910.25031,377709.542707,0,730
327038.760484,377525.583664,0,730
327021.382265,377960.873833,0,730
327037.156813,377781.543114,0,730
326888.908921,377838.420673,0,730
327005.665778,377537.599267,0,730
327011.222896,377763.260223,0,730
326989.522829,377602.656074,0,730
326961.939273,377653.988952,0,730
326830.014511,377615.854344,0,730
327046.445332,377899.558357,0,730
326913.652562,377699.956768,0,730
326917.622378,377577.419957,0,730
327021.60523,377893.256217,0,730
326949.037559,377714.138064,0,730
326857.723806,377746.593906,0,730
327036.036173,377637.717114,0,730
327020.765316,377669.130972,0,730
326928.92129,377961.969656,0,730
326845.14872,377605.672204,0,730
327032.495498,377703.111935,0,730
326877.36718,377702.955075,0,730
327016.317476,377905.808622,0,730
326967.890169,377728.624532,0,730
327036.644496,377923.968819,0,730
327043.877419,377613.760147,0,730
326822.321856,377642.330902,0,730
326986.688791,377996.646921,0,730
327004.417002,377959.985969,0,730
327046.95738,377621.009465,0,730
326889.865101,377593.68024,0,730
326981.620139,377833.235078,0,730
326897.657088,377571.679814,0,730
327044.817171,377608.011246,0,730
327016.467433,377597.966234,0,730
326907.508557,377796.688486,0,730
327019.770763,377899.380233,0,730
327040.883603,377798.857589,0,730
327061.661319,377942.299783,0,730
327000.801189,377847.581267,0,730
327018.18947,377590.962127,0,730
327002.801473,377675.105508,0,730
326973.840149,377721.457795,0,730
326977.851231,377973.763081,0,730
326974.414703,377734.964398,0,730
326913.057903,377814.032805,0,730
327029.75562,377696.507186,0,730
326881.984771,377811.313278,0,730
327020.926966,377765.903968,0,730
326838.450205,377574.132131,0,730
326949.065504,377713.57489,0,730
326965.908616,377839.305025,0,730
326976.682226,377830.658089,0,730
326977.845658,377546.712993,0,730
327009.629852,377817.321942,0,730
326932.943494,377852.687332,0,730
326952.269799,377769.144881,0,730
327027.0451,377590.209686,0,730
326972.902728,377592.608766,0,730
326918.564692,377629.825326,0,730
326897.318015,377917.410127,0,730
326985.709988,377710.638937,0,730
327020.513486,377993.811552,0,730
326906.724416,377793.544116,0,730
327056.74506,377842.493156,0,730
327017.316184,377845.967175,0,730
326926.120631,377896.820836,0,730
326953.218425,377975.919775,0,730
327065.095321,377984.202311,0,730
326983.313038,377783.187819,0,730
326916.976764,377769.343242,0,730
326976.405892,377928.60857,0,730
326953.555691,377767.810637,0,730
327063.497342,377976.659805,0,730
326913.023607,377821.643093,0,730
327048.04173,377827.274231,0,730
327022.578213,377648.0523,0,730
326853.753777,377691.803431,0,730
326956.697852,377989.388345,0,730
326852.629756,377589.361531,0,730
326992.952145,377582.790573,0,730
326906.303073,377779.409614,0,730
326885.470098,377845.644697,0,730
326894.12645,377681.609958,0,730
326874.043601,377575.583186,0,730
326821.937022,377610.187399,0,730
326899.899436,377570.956092,0,730
327052.804667,377848.415922,0,730
327026.061408,377944.161198,0,730
326970.099558,377756.684185,0,730
326911.44672,377886.831103,0,730
327021.439769,377620.137163,0,730
326924.985993,377643.228316,0,730
327024.759925,377808.884518,0,730
326929.908397,377993.079584,0,730
326833.694512,377724.155808,0,730
327053.130264,377954.32151,0,730
326955.976497,377854.344724,0,730
326971.816121,377621.978269,0,730
327051.486764,377984.541779,0,730
327062.955763,377845.466232,0,730
326929.032023,377694.958109,0,730
327000.191019,377579.389762,0,730
326864.981243,377759.641639,0,730
326888.45419,377881.392008,0,730
326856.888613,377604.502904,0,730
327019.746047,377861.407548,0,730
327029.102913,377802.961915,0,730
326972.731453,377805.660658,0,730
326923.481768,377796.437042,0,730
327004.457184,377760.973223,0,730
327031.794585,377679.863562,0,730
326922.915405,377924.271689,0,730
327000.592377,377714.31876,0,730
326910.148445,377893.282831,0,730
326879.438939,377670.443762,0,730
326956.063973,377809.311588,0,730
326988.027496,377771.005591,0,730
326967.002546,377785.418957,0,730
326888.922865,377627.492454,0,730
326892.504013,377844.777109,0,730
326921.511498,377830.616792,0,730
326996.024003,377945.557487,0,730
326965.715123,377646.355942,0,730
326870.46428,377850.568168,0,730
326959.360834,377949.635791,0,730
326904.697499,377559.937054,0,730
327016.876637,377694.559754,0,730
327027.644911,377850.949185,0,730
327016.191137,377830.287122,0,730
327005.238321,377650.774921,0,730
326959.522843,377600.507476,0,730
326934.245041,377690.053442,0,730
326862.27927,377766.87823,0,730
326818.002203,377587.28782,0,730
327024.204508,377798.316329,0,730
326960.363993,377908.715216,0,730
326908.93722,377795.351343,0,730
326940.791323,377699.958176,0,730
326930.286057,377774.230924,0,730
326898.947077,377705.083854,0,730
326939.020967,377602.126765,0,730
326949.323083,377916.649972,0,730
326876.580165,377818.873726,0,730
327007.372352,377552.755861,0,730
326875.750172,377800.348289,0,730
326995.973187,377925.296058,0,730
326917.324811,377748.1639,0,730
326988.329116,377566.87329,0,730
326955.548965,377688.110807,0,730
326873.792759,377879.831699,0,730
326902.461898,377744.367791,0,730
327045.72468,377659.287053,0,730
326950.553617,377897.435774,0,730
327005.672628,377775.617057,0,730
326846.245498,377643.179769,0,730
326910.490647,377805.832172,0,730
326952.150592,377851.916459,0,730
326877.027885,377762.722102,0,730
326883.867379,377576.483817,0,730
326930.415439,377771.582048,0,730
326985.643031,377865.343142,0,730
326904.558442,377726.079617,0,730
326938.287892,377876.111778,0,730
326840.786795,377635.027345,0,730
326840.199495,377740.816039,0,730
326826.916236,377684.130443,0,730
327011.712921,377812.479149,0,730
327059.419863,377905.407257,0,730
326891.074544,377775.173316,0,730
326872.822994,377788.304241,0,730
326907.957327,377696.198336,0,730
326868.858499,377683.419049,0,730
326846.43133,377692.102875,0,730
327050.668526,377633.948946,0,730
326932.518479,377573.887873,0,730
326863.135922,377632.036777,0,730
326916.07018,377663.422259,0,730
326946.092119,377567.824189,0,730
327048.900442,377616.210619,0,730
327022.8471,377840.832827,0,730
326820.255804,377582.948366,0,730
327008.428437,377641.172702,0,730
326886.982127,377667.797574,0,730
327016.434707,377617.74948,0,730
327040.530815,377699.291682,0,730
326927.011127,377762.200016,0,730
326928.570348,377799.813524,0,730
326976.147338,377556.312777,0,730
326974.957252,377967.015563,0,730
326890.181791,377755.449153,0,730
326950.924672,377634.96815,0,730
326895.194884,377607.312399,0,730
326972.486293,377685.440016,0,730
327046.169695,377721.265445,0,730
326891.95751,377645.600179,0,730
327022.908079,377594.291494,0,730
327048.593911,377979.744683,0,730
326958.290207,377869.337001,0,730
326928.314925,377626.527556,0,730
326847.838042,377736.034951,0,730
326988.784533,377681.244941,0,730
326911.532218,377691.857898,0,730
326867.333529,377668.693394,0,730
326971.420573,377604.912534,0,730
327025.117888,377982.315353,0,730
327006.526372,377654.613269,0,730
326905.870175,377994.273418,0,730
326912.66736,377653.987209,0,730
326865.169048,377787.341324,0,730
327018.60426,377709.101775,0,730
326923.649225,377573.411842,0,730
326926.95881,377787.272367,0,730
326860.244533,377596.524343,0,730
326854.00538,377624.298268,0,730
326941.231489,377603.168718,0,730
327012.870114,377929.601,0,730
326916.910431,377608.833731,0,730
326883.122145,377895.102612,0,730
326901.044539,377782.849504,0,730
326885.400613,377562.894864,0,730
326861.015046,377568.065335,0,730
326907.429016,377828.84686,0,730
326999.904924,377820.02189,0,730
326937.787666,377645.246542,0,730
326900.978511,377956.433101,0,730
327006.598,377992.925056,0,730
326980.6434,377656.961181,0,730
327042.944004,377778.345281,0,730
326966.2088,377668.873041,0,730
326955.383286,377790.35579,0,730
327025.43571,377613.69791,0,730
326922.206302,377636.020269,0,730
327006.253372,377600.645658,0,730
326988.875003,377719.966,0,730
326854.713211,377730.724625,0,730
327012.141373,377754.29947,0,730
326950.63422,377579.387458,0,730
326936.733322,377747.895409,0,730
326836.524333,377751.139155,0,730
326919.328892,377799.205782,0,730
326836.080743,377676.752591,0,730
327014.419215,377758.433215,0,730
327024.326704,377562.139423,0,730
326990.056294,377885.130712,0,730
326840.296212,377574.786067,0,730
327041.345011,377753.514577,0,730
327038.933408,377547.080773,0,730
327020.731434,377545.50148,0,730
326933.495387,377942.94134,0,730
326946.599739,377994.78563,0,730
326907.284198,377992.66845,0,730
326958.133407,377575.182476,0,730
326898.949216,377694.502391,0,730
326865.899613,377673.1506,0,730
326891.845871,377772.169075,0,730
327029.325628,377949.826028,0,730
326928.560187,377880.232316,0,730
326836.511441,377752.460968,0,730
326946.749304,378023.920441,0,730
326916.894959,377892.934663,0,730
326978.646707,377639.095848,0,730
327017.610654,377847.854665,0,730
327063.968181,377977.389226,0,730
326891.095283,377706.926149,0,730
326890.802165,377599.447377,0,730
326969.275411,377670.81654,0,730
327024.134815,377780.028328,0,730
326951.27528,378008.78694,0,730
326822.545347,377681.575557,0,730
327041.147021,377652.306538,0,730
326850.077217,377610.456786,0,730
326861.688682,377840.311079,0,730
326953.689153,377637.594667,0,730
326984.455462,377776.153868,0,730
326946.56556,377632.547235,0,730
327021.133768,377812.878032,0,730
327042.377063,377790.779099,0,730
326947.742665,377635.623475,0,730
326959.477416,377616.040917,0,730
326823.686693,377664.879206,0,730
326877.487821,377649.671981,0,730
326957.561706,377811.613614,0,730
326931.60411,378012.949863,0,730
326900.624288,377804.72111,0,730
327034.504994,377690.238893,0,730
326882.113145,377674.911266,0,730
327007.341815,377540.694618,0,730
326903.743384,377710.571726,0,730
326982.163624,377971.456015,0,730
326863.248471,377691.822407,0,730
327024.543986,377767.886897,0,730
327032.351761,377887.305508,0,730
327000.228958,377972.524641,0,730
327013.366091,377774.264549,0,730
326934.12773,377651.846726,0,730
326973.250901,377768.186139,0,730
326925.009025,377947.097983,0,730
326992.786223,377716.972368,0,730
326925.137231,377928.694097,0,730
326845.892591,377610.857343,0,730
326836.641669,377648.460198,0,730
327029.754469,377764.597348,0,730
326827.549462,377588.313559,0,730
326965.439064,377759.200816,0,730
326935.678688,377637.759093,0,730
326920.576535,377806.155914,0,730
326986.575482,377570.922179,0,730
327005.704877,377756.895201,0,730
327036.030472,377927.165887,0,730
326854.194519,377654.740324,0,730
326915.177641,377830.90967,0,730
326902.551173,377755.570606,0,730
326856.513836,377776.078514,0,730
326893.836038,377945.46579,0,730
326989.058979,377889.890079,0,730
326890.806727,377812.694635,0,730
326905.489986,377673.787106,0,730
326953.575331,377935.53036,0,730
326875.236192,377736.951103,0,730
327065.557729,377844.16978,0,730
326833.700842,377668.376585,0,730
327044.822238,377765.710343,0,730
326972.617106,377979.600346,0,730
327009.411418,377745.767581,0,730
326914.455724,377588.109965,0,730
326930.070529,377726.969773,0,730
326873.609678,377610.096861,0,730
327043.773104,377785.687951,0,730
326906.496883,377620.018233,0,730
326889.320315,377739.720213,0,730
327029.070556,377991.624601,0,730
326911.188407,377945.04573,0,730
327018.573502,377556.052326,0,730
326952.216991,377984.905579,0,730
327040.065816,377911.368431,0,730
326983.425033,377885.617296,0,730
327003.677623,377955.443234,0,730
327025.597459,377879.424571,0,730
326897.538286,377866.774879,0,730
326870.762173,377802.566027,0,730
326883.028311,377706.999591,0,730
327033.844563,377772.35705,0,730
326917.077554,377973.290764,0,730
326902.719563,377760.969339,0,730
326973.780564,377578.788213,0,730
327024.795494,377544.774905,0,730
326939.266321,377978.90171,0,730
326885.36474,377842.135218,0,730
326845.498294,377718.738681,0,730
326988.160182,377802.482933,0,730
326998.463123,377868.750125,0,730
326905.851877,377608.77782,0,730
327006.480349,377835.870804,0,730
326864.356983,377809.091127,0,730
327037.76616,377965.684353,0,730
327032.730795,377743.138557,0,730
326962.29802,377890.971524,0,730
326825.35403,377672.524113,0,730
326850.227624,377627.855539,0,730
326914.091634,377662.83685,0,730
327017.420575,377952.785701,0,730
326926.499061,377726.057333,0,730
326915.889252,377984.068511,0,730
326995.899902,377828.601606,0,730
326843.778727,377743.040294,0,730
327025.409216,377881.444651,0,730
326929.108836,377698.197283,0,730
326931.351949,377951.785877,0,730
327044.24177,377661.530997,0,730
327028.518191,377884.851575,0,730
326996.700424,377649.756997,0,730
327053.58363,377723.48655,0,730
326904.266728,377833.412115,0,730
326996.091359,377894.578647,0,730
326871.432363,377854.206546,0,730
326992.354302,378007.618681,0,730
327022.975738,377992.132242,0,730
327004.083571,377882.828885,0,730
327049.81664,377802.620875,0,730
326913.229994,377937.978099,0,730
326877.599705,377823.421457,0,730
326914.520397,378018.656071,0,730
326959.678578,377968.138458,0,730
327001.83447,377839.77535,0,730
326989.816303,377751.930059,0,730
326990.992917,377636.629941,0,730
326938.229399,377936.538374,0,730
326928.546928,377936.520345,0,730
326895.655421,377657.932879,0,730
326919.316972,377937.039499,0,730
326994.230081,377734.029419,0,730
327004.655669,377848.811744,0,730
326976.524721,377725.81833,0,730
326965.071473,377886.243686,0,730
326964.765778,377700.40002,0,730
326979.239717,377615.557408,0,730
326847.421634,377776.673267,0,730
326958.843094,378013.727862,0,730
327025.683308,377578.838736,0,730
327049.691488,377670.195193,0,730
327021.068777,377778.419999,0,730
326917.403648,377624.034581,0,730
326981.329716,377541.594672,0,730
327016.957546,377949.42041,0,730
327043.665702,377624.533222,0,730
326843.249079,377775.825653,0,730
326959.454286,377696.708964,0,730
326911.129291,377548.514573,0,730
327010.382335,377696.001809,0,730
326990.485217,377576.553729,0,730
326880.006706,377665.889119,0,730
326928.588709,377649.897335,0,730
326984.421379,377827.066466,0,730
326845.641821,377567.376743,0,730
327012.985878,377975.923567,0,730
327007.140748,377731.745917,0,730
327018.295772,377721.288536,0,730
327064.243275,377831.908588,0,730
327058.010283,377841.081085,0,730
326967.900332,377897.549531,0,730
326987.213751,377912.979966,0,730
327050.48514,377851.490786,0,730
326877.065051,377710.882919,0,730
326962.570254,377754.602559,0,730
326971.9811,377877.387201,0,730
326953.050449,377724.09044,0,730
327066.400365,377920.930197,0,730
326838.778687,377735.577766,0,730
327021.642914,377685.180888,0,730
326949.528713,377699.533223,0,730
326969.926437,377687.716514,0,730
326981.608601,377748.070801,0,730
326945.182802,377909.082028,0,730
326951.441387,377900.596496,0,730
326950.034318,377953.927677,0,730
327054.947201,377921.930347,0,730
326913.699462,377553.66564,0,730
326960.689839,377990.517364,0,730
326887.294303,377811.023395,0,730
327042.692638,377926.977521,0,730
326985.729704,377924.726957,0,730
327018.787188,377586.375187,0,730
326903.322478,377759.985607,0,730
327031.937606,377662.042926,0,730
327038.240364,377982.59504,0,730
326960.574413,377673.836068,0,730
326869.369034,377812.271856,0,730
326884.291183,377759.539038,0,730
326882.183341,377866.530187,0,730
326911.33726,377868.059957,0,730
327000.905273,377941.833789,0,730
326912.136908,377656.36733,0,730
326898.793956,377581.843854,0,730
327037.946744,377759.828533,0,730
326997.904843,377782.01432,0,730
326953.584173,377918.966262,0,730
327020.813704,377820.323231,0,730
326845.480076,377738.160465,0,730
327019.842805,377620.601535,0,730
327031.421402,377594.998981,0,730
326861.885914,377586.789112,0,730
326952.734291,377868.105576,0,730
326937.856028,377572.796398,0,730
326891.554023,377741.095263,0,730
326952.291765,377616.950146,0,730
327003.349315,377641.342886,0,730
327010.013453,377550.227816,0,730
326893.751533,377632.63536,0,730
326836.755629,377749.211285,0,730
327004.809086,377820.784833,0,730
326908.861902,377747.70556,0,730
326979.942811,377997.916175,0,730
327065.332464,377883.037423,0,730
326911.036885,377958.638914,0,730
326991.226321,377804.265865,0,730
326938.219269,377900.859954,0,730
326951.862841,377939.356641,0,730
326969.572029,377977.882325,0,730
326906.094259,377642.293677,0,730
326892.828971,377571.039848,0,730
326966.347052,377788.060345,0,730
326963.863976,377586.470977,0,730
326898.345656,377842.365511,0,730
326900.166852,377614.528056,0,730
326870.64407,377632.115821,0,730
326884.050897,377756.157071,0,730
327045.495631,377804.698842,0,730
326980.040788,377819.27205,0,730
327028.609184,377962.845483,0,730
327030.016946,377971.168838,0,730
327057.527239,377813.850421,0,730
326857.444824,377778.661155,0,730
326893.086357,377868.71566,0,730
326931.403173,377611.178905,0,730
326940.760214,377952.98498,0,730
326924.815654,377858.945838,0,730
326862.766986,377772.404254,0,730
326892.936199,377922.854739,0,730
327019.308561,377641.409927,0,730
326928.959849,377731.753762,0,730
327056.713232,377829.8394,0,730
327018.382365,377590.944512,0,730
326899.260388,377946.730668,0,730
327027.972633,377887.131487,0,730
326827.219795,377579.522615,0,730
326986.806994,378011.061904,0,730
326894.02958,377884.69257,0,730
326834.329237,377639.875377,0,730
327054.837462,377805.945181,0,730
326911.270195,377773.334638,0,730
326838.060913,377717.863262,0,730
326972.945963,377836.166044,0,730
326991.491953,377949.563634,0,730
326886.159394,377653.112212,0,730
326907.52165,377657.307371,0,730
326966.670415,377764.432362,0,730
326922.26113,377819.286771,0,730
326945.059694,377608.670605,0,730
326895.203102,377573.845432,0,730
326944.963467,377580.247493,0,730
326932.218855,377788.372594,0,730
326966.463549,377685.872547,0,730
326949.107566,377837.519148,0,730
327010.560317,377684.287963,0,730
326852.448131,377650.430528,0,730
327024.927601,377986.296679,0,730
326946.289332,377601.756183,0,730
326956.96813,377889.03963,0,730
326852.596878,377672.002898,0,730
326982.422589,377921.365678,0,730
326899.754095,377909.117822,0,730
326924.279361,377755.563121,0,730
326952.411873,377992.925808,0,730
326950.046547,377761.365372,0,730
326883.780884,377864.700494,0,730
326895.16571,377641.169783,0,730
326962.502791,377892.345782,0,730
326880.023491,377788.523785,0,730
326831.140498,377624.527947,0,730
326916.049567,377821.984613,0,730
326962.38657,377740.975664,0,730
326841.02557,377773.3438,0,730
327003.198157,377575.239691,0,730
326929.028913,377697.11715,0,730
326867.931157,377805.830443,0,730
326874.796676,377753.288114,0,730
327045.723397,377886.317749,0,730
326891.25242,377912.925136,0,730
327006.896222,377631.434247,0,730
326935.320228,377537.47394,0,730
326854.824353,377597.23418,0,730
326940.685597,377805.923463,0,730
327003.541297,377842.126674,0,730
327058.712401,377957.221291,0,730
326919.531846,377668.863324,0,730
326968.889431,377580.081571,0,730
326941.782967,377720.891211,0,730
326908.178872,377788.688918,0,730
326923.210996,377706.325063,0,730
327015.01201,377543.350658,0,730
327006.440895,377803.848103,0,730
326967.866938,378001.311554,0,730
326981.593495,377589.414907,0,730
326848.479313,377589.527094,0,730
327002.723994,377785.115801,0,730
326842.683859,377654.600235,0,730
327047.415146,377598.762356,0,730
326954.282329,377582.181734,0,730
326902.621642,377846.716006,0,730
326943.240694,377926.943983,0,730
326903.539588,377713.795989,0,730
326897.607415,377670.175479,0,730
327035.326148,377875.291811,0,730
326919.229252,377605.640994,0,730
326961.211088,378000.237078,0,730
326843.097812,377682.142559,0,730
326879.48582,377726.956299,0,730
327022.810659,377578.822221,0,730
326965.781412,377921.36849,0,730
326950.670083,377895.987569,0,730
326976.632312,377813.887398,0,730
326989.336344,377876.140159,0,730
326908.140986,377852.606975,0,730
326880.365562,377597.915437,0,730
326850.361627,377788.792242,0,730
326965.612811,377533.625767,0,730
326987.20886,377854.761882,0,730
326909.132216,377894.902529,0,730
326955.194614,377552.174842,0,730
327019.649235,377912.17916,0,730
326903.755697,377817.391884,0,730
327023.146365,377901.365587,0,730
327039.966996,377917.844515,0,730
327021.287473,377650.513753,0,730
326982.339373,377569.783187,0,730
327006.602036,377790.811619,0,730
326984.852009,377828.43835,0,730
326901.413722,377618.483976,0,730
326950.271774,377943.281105,0,730
326841.701819,377735.827488,0,730
326859.706292,377795.910208,0,730
326938.761562,377662.605603,0,730
327032.810561,377699.712476,0,730
326995.192146,377877.006235,0,730
326939.541868,377947.903526,0,730
326876.580595,377561.049777,0,730
326972.810225,377571.371018,0,730
326968.593,377724.431301,0,730
327031.786871,377895.766116,0,730
326932.801202,377911.509774,0,730
326937.315295,377858.103361,0,730
327043.756301,377962.265791,0,730
326940.479098,377749.26184,0,730
327028.234832,377707.892332,0,730
326977.245509,377755.200424,0,730
327004.847066,377705.725257,0,730
326858.652324,377637.908791,0,730
326967.470651,377935.591982,0,730
327027.538295,377865.55314,0,730
326956.512734,377761.594481,0,730
326991.580665,377794.475613,0,730
326919.820934,378029.130396,0,730
326899.569551,377828.397857,0,730
326938.697421,378015.959385,0,730
326880.590214,377588.684303,0,730
327043.276487,377923.802874,0,730
326997.664626,377774.660795,0,730
327013.893944,377961.472917,0,730
326928.903552,377904.088292,0,730
327038.343836,377694.59635,0,730
326941.870423,377604.404827,0,730
326996.613241,377886.195195,0,730
326842.191106,377765.694422,0,730
327039.493251,377556.957787,0,730
327014.814467,377880.221939,0,730
326899.244573,377955.881716,0,730
326919.440826,377598.64901,0,730
326886.159114,377770.825744,0,730
326996.567488,377947.399942,0,730
326956.780876,377695.730272,0,730
326933.02301,377576.755286,0,730
326871.034356,377746.39338,0,730
326953.118009,377856.987206,0,730
326904.885341,377924.853883,0,730
326871.438768,377747.770569,0,730
326866.501631,377725.461115,0,730
327051.482676,377701.201129,0,730
327033.050379,377957.933732,0,730
326970.790149,377649.524401,0,730
326917.914847,377733.116683,0,730
327013.346765,377795.950867,0,730
327015.649441,377896.547854,0,730
326906.938037,377861.583972,0,730
326861.731341,377747.227799,0,730
327000.407693,377574.504791,0,730
327049.227088,377929.919551,0,730
326831.615626,377746.616297,0,730
327025.870873,377993.615954,0,730
326956.656253,377991.343229,0,730
326870.640468,377634.140815,0,730
326885.733402,377637.85196,0,730
326985.700801,377657.222051,0,730
326973.447765,377771.22026,0,730
326859.919339,377642.982661,0,730
327029.595758,377830.263256,0,730
326927.646114,377681.12445,0,730
327026.722897,377864.525262,0,730
326890.956168,377760.106353,0,730
326857.794542,377735.554174,0,730
326949.139992,377927.368115,0,730
326929.229024,377729.738398,0,730
327057.702101,377862.190141,0,730
326949.662266,377954.203616,0,730
326988.289795,377631.36127,0,730
326832.010687,377669.882031,0,730
326994.061226,377806.771284,0,730
326877.946279,377776.189059,0,730
326916.985033,377693.139828,0,730
326924.850764,377657.677565,0,730
327024.723721,377721.758253,0,730
326955.912493,377576.14043,0,730
327053.407355,377791.329536,0,730
327002.811696,377911.046943,0,730
326840.78046,377738.117811,0,730
326928.145585,377955.597393,0,730
326991.774235,377719.637281,0,730
326920.728429,378005.003036,0,730
326895.367262,377617.762508,0,730
326839.205084,377766.300858,0,730
326998.78482,377926.095741,0,730
326968.82295,377666.293655,0,730
327037.729863,377700.639187,0,730
326869.414618,377642.504521,0,730
327020.527089,377614.488266,0,730
326860.120585,377708.490415,0,730
326848.306773,377617.010618,0,730
327035.04888,377840.367107,0,730
327037.355796,377906.251679,0,730
326973.885037,377839.613484,0,730
326987.763575,377607.645253,0,730
326906.135412,377905.710041,0,730
326959.381546,377582.790745,0,730
326981.207667,377930.168618,0,730
326981.59683,377752.58344,0,730
326990.273893,377657.40784,0,730
326984.16757,377857.605526,0,730
327009.386263,377540.089781,0,730
326984.30065,377576.546142,0,730
327041.78914,377793.833638,0,730
326973.774567,377962.257409,0,730
326949.027604,377583.247758,0,730
326921.538221,377565.614296,0,730
326917.802163,377655.549967,0,730
326853.884656,377777.277017,0,730
326834.837723,377592.165087,0,730
326950.213041,377905.588757,0,730
326941.796821,377730.851857,0,730
326988.177716,377912.74547,0,730
326855.56333,377704.459648,0,730
326876.843303,377700.688666,0,730
326959.004501,377622.088353,0,730
326878.336374,377827.319446,0,730
327004.173356,377786.416618,0,730
326942.985697,377888.526774,0,730
326899.403493,377806.212899,0,730
327038.850195,377992.225335,0,730
326918.530604,378013.125842,0,730
326984.272764,377937.28707,0,730
326918.372956,377557.435725,0,730
326896.690555,377945.947806,0,730
326882.687625,377558.727157,0,730
326824.304154,377567.389475,0,730
326852.481157,377801.622546,0,730
326902.318448,377682.214728,0,730
326912.441312,377903.4759,0,730
326888.684977,377843.113762,0,730
326871.927042,377873.728206,0,730
326900.835145,377600.719669,0,730
326855.440474,377650.988623,0,730
327007.968855,377815.54769,0,730
326942.046394,378005.721307,0,730
326906.9891,377987.930303,0,730
326964.816285,377595.899975,0,730
326861.712907,377696.082336,0,730
326859.011839,377714.417896,0,730
326893.733787,377674.628032,0,730
326980.969458,377755.168677,0,730
326949.611762,377960.664779,0,730
327023.622298,377862.285951,0,730
327042.305321,377927.73296,0,730
326952.230471,377738.688062,0,730
326975.16096,377875.055004,0,730
326918.408825,377834.256583,0,730
326999.657879,377664.441272,0,730
326981.333256,377884.557341,0,730
326843.357634,377723.330809,0,730
326988.018402,377838.960274,0,730
326945.56139,377616.36968,0,730
327047.287134,377756.315322,0,730
326949.954577,377652.531622,0,730
327015.248565,377916.414834,0,730
327059.346135,377773.826787,0,730
326928.546847,377774.622008,0,730
326917.874262,377690.472901,0,730
326875.667639,377647.386073,0,730
327026.115712,377738.925067,0,730
326870.668996,377879.392686,0,730
326986.514231,378005.985403,0,730
326947.030343,377658.055474,0,730
326941.413406,377796.824369,0,730
326930.878365,377631.592934,0,730
327002.763155,377550.533944,0,730
326834.931312,377740.641045,0,730
326962.262692,377599.165682,0,730
326865.753989,377581.037623,0,730
326882.258259,377900.961959,0,730
326879.377597,377606.742505,0,730
327025.332917,377670.76542,0,730
326890.008707,377820.570235,0,730
326927.995536,377756.177341,0,730
326908.834175,377769.025693,0,730
326932.252146,377814.117551,0,730
326880.90159,377751.764711,0,730
327007.674968,377721.88296,0,730
326849.014561,377703.969619,0,730
327029.125031,377959.489663,0,730
326921.922687,377720.944387,0,730
327043.895688,377889.608573,0,730
326911.726362,377700.041661,0,730
327014.987551,377916.288678,0,730
326868.215202,377723.311052,0,730
326955.103264,377672.723973,0,730
326891.644948,377730.873466,0,730
327019.74705,377790.242594,0,730
326905.369493,377839.596795,0,730
326885.957888,377565.508629,0,730
326923.653183,377607.256076,0,730
326854.951844,377661.286073,0,730
326939.772958,377586.166613,0,730
327007.426815,377676.940252,0,730
326876.555845,377606.595501,0,730
327070.556295,377933.76543,0,730
326917.408142,377760.159999,0,730
326897.160894,377610.839504,0,730
326990.985516,377819.772875,0,730
326966.454609,377895.191644,0,730
327012.743951,377607.337778,0,730
327043.69499,377688.062675,0,730
327044.31688,377962.844806,0,730
326996.456664,377929.070707,0,730
326905.017151,377682.777968,0,730
327014.61046,377867.564021,0,730
327006.564047,377820.58241,0,730
326943.976478,377709.754783,0,730
326912.270574,377668.364111,0,730
327047.995861,377646.697548,0,730
326891.209125,377907.02316,0,730
326899.369569,377905.801296,0,730
327016.673073,377927.750843,0,730
326957.84636,377709.441265,0,730
327060.596546,377952.638591,0,730
326893.599837,377586.494375,0,730
326989.405054,377961.235998,0,730
327015.742564,377569.17993,0,730
326871.449241,377695.144485,0,730
326911.750191,377585.929259,0,730
327030.618954,377936.065958,0,730
326909.022811,377586.461852,0,730
326931.52034,377959.404316,0,730
327002.98595,377717.767473,0,730
326887.850098,377774.226944,0,730
326988.497991,377567.773452,0,730
326885.31127,377632.077165,0,730
326932.969265,377654.919232,0,730
326950.797933,377803.833344,0,730
326821.035468,377664.476872,0,730
327002.763207,377552.099006,0,730
326830.645857,377598.923941,0,730
326927.151401,377840.879158,0,730
326939.963139,377717.777279,0,730
327007.357548,377533.56639,0,730
326990.353533,377879.404475,0,730
326938.082184,377897.102496,0,730
326984.120137,377901.768636,0,730
327011.920255,377712.776269,0,730
327001.29515,377911.652478,0,730
326953.423217,377666.40046,0,730
326982.995713,377583.790834,0,730
327035.253302,377950.397109,0,730
326861.574262,377689.947528,0,730
326954.269013,377855.670791,0,730
326909.630871,377712.316426,0,730
326962.715737,377966.764228,0,730
327006.144152,377582.186755,0,730
327011.444321,377773.408283,0,730
326947.157586,377942.692102,0,730
326972.795951,377780.083571,0,730
326948.225406,377955.072397,0,730
326960.989272,377771.185887,0,730
327017.58185,377784.807744,0,730
327050.686789,377743.735578,0,730
326947.239507,378004.045968,0,730
327042.353466,377771.345049,0,730
326866.515909,377778.202156,0,730
327035.761787,377749.777529,0,730
326955.209549,377871.179064,0,730
326917.232618,377672.214704,0,730
327032.029961,377555.008161,0,730
326852.517538,377813.07703,0,730
326912.152535,377685.228216,0,730
326827.883343,377653.706725,0,730
326900.430555,377746.972968,0,730
326976.152442,377657.707933,0,730
326879.187147,377658.08799,0,730
327007.404958,377877.624571,0,730
326890.683044,377930.410294,0,730
327049.541433,377620.722051,0,730
326931.757092,378003.842553,0,730
326826.322394,377725.381597,0,730
326948.612821,377624.954456,0,730
326993.769326,377976.067709,0,730
326897.637517,377774.437364,0,730
327036.514101,377869.707033,0,730
326863.895003,377703.441513,0,730
326982.162965,378011.986316,0,730
327019.592737,377597.356479,0,730
326917.423283,377928.968042,0,730
327046.045018,377724.797439,0,730
326884.822765,377896.259972,0,730
326989.637883,377644.92709,0,730
326890.430214,377660.340721,0,730
326949.251133,377607.006035,0,730
326939.492792,377661.537618,0,730
326951.803267,377631.721928,0,730
326901.133393,377928.984824,0,730
326994.550514,377592.841624,0,730
326816.002126,377641.011743,0,730
326953.908187,377550.196383,0,730
327017.391788,377870.705273,0,730
326954.656674,377868.262959,0,730
327019.811077,377666.08019,0,730
326921.12099,377804.949404,0,730
326982.600073,377723.849955,0,730
326867.430248,377742.618222,0,730
326962.106331,377747.178396,0,730
327043.713798,377732.721812,0,730
326974.740909,377593.975877,0,730
326831.594826,377737.016115,0,730
326914.394817,377732.880986,0,730
326906.559713,377768.525485,0,730
326992.574402,377541.551191,0,730
326957.094896,377899.884945,0,730
326887.568911,377700.944781,0,730
326982.523802,377998.527455,0,730
326993.980374,377697.797523,0,730
327036.646607,377705.793453,0,730
326990.573192,377718.941136,0,730
327012.175468,377567.945954,0,730
326855.237746,377617.390998,0,730
327026.638056,377559.073153,0,730
326875.213684,377768.986337,0,730
326884.464267,377663.495315,0,730
326840.099054,377760.107749,0,730
327061.439635,377776.29638,0,730
326923.397555,377595.985794,0,730
326879.579936,377674.406473,0,730
327017.989501,377594.201071,0,730
326877.482801,377598.346007,0,730
326883.469583,377726.46576,0,730
326902.213112,377774.223212,0,730
326966.485773,377792.75359,0,730
327046.194539,377713.395704,0,730
326925.238162,377634.221057,0,730
327039.608051,377663.200199,0,730
327025.569636,377802.022014,0,730
326894.686767,377609.487608,0,730
326971.670604,377798.905631,0,730
327011.504934,377692.916028,0,730
326981.257991,377742.115867,0,730
327028.234565,377821.399057,0,730
327011.219074,377604.599829,0,730
326934.43845,377862.406385,0,730
326962.703578,377595.826811,0,730
327028.909638,377674.82557,0,730
327029.299644,377645.055216,0,730
327041.081535,377757.442431,0,730
327014.757554,377839.01627,0,730
326937.581172,377750.296657,0,730
326928.420495,377825.082803,0,730
327031.520169,377876.8463,0,730
326944.2039,377789.630331,0,730
327062.837676,377976.666426,0,730
327041.047774,377824.97525,0,730
326847.688554,377616.074996,0,730
326895.457802,377639.815372,0,730
326991.916681,377815.203403,0,730
326999.787022,377858.211456,0,730
326981.169267,377866.456414,0,730
326987.693484,377807.893542,0,730
327016.515181,377834.367236,0,730
327019.584658,377931.281123,0,730
326924.839712,377719.010656,0,730
326878.337897,377568.878901,0,730
326997.082383,377848.58119,0,730
326985.964883,377999.459459,0,730
326922.087202,377861.74973,0,730
327041.051405,377540.964236,0,730
327040.332692,377822.448726,0,730
326872.71248,377863.48465,0,730
326932.636701,377957.700683,0,730
326820.420551,377682.905117,0,730
326864.048511,377622.869931,0,730
326845.692313,377747.789457,0,730
326991.473709,377758.717585,0,730
326948.655368,377871.556355,0,730
326950.576664,377960.694575,0,730
326846.815127,377583.40397,0,730
326979.243333,377802.266354,0,730
326862.346343,377703.930185,0,730
326961.468652,377776.331478,0,730
326879.793862,377694.230468,0,730
327035.098865,377958.609273,0,730
326939.710402,377552.469712,0,730
326902.852325,377811.532178,0,730
326916.482219,377903.291599,0,730
327001.491258,377950.211978,0,730
327031.414305,377642.987235,0,730
326864.732383,377715.316149,0,730
327029.065086,377800.961363,0,730
327052.146353,377847.693897,0,730
326908.652965,377682.336155,0,730
327050.064758,377910.964305,0,730
326904.417119,377863.025003,0,730
327040.996943,377801.782218,0,730
326940.037687,377750.567201,0,730
326943.084826,377756.001803,0,730
326824.767008,377597.73963,0,730
326891.265649,377629.001853,0,730
326978.050481,377740.322964,0,730
327057.806994,377778.198396,0,730
326983.450659,377572.922011,0,730
327012.972625,377885.388827,0,730
326992.673122,377855.004318,0,730
327054.892386,377826.852174,0,730
327023.875458,377582.121136,0,730
326871.293709,377767.124372,0,730
326931.916221,377999.076268,0,730
326967.567015,377747.355802,0,730
326902.633809,377607.155123,0,730
326850.053501,377585.836153,0,730
327059.265554,377818.110318,0,730
326910.6905,377667.563337,0,730
327002.767479,377898.657343,0,730
327009.397103,377915.9452,0,730
327029.967956,377562.462981,0,730
326949.825753,377772.840338,0,730
326959.741317,377807.401752,0,730
327050.901362,377729.925865,0,730
327039.636717,377687.882174,0,730
326863.909023,377619.684132,0,730
326907.411768,377790.519231,0,730
327054.007726,377911.634476,29,730
327045.423374,377596.462449,32,730
327044.736358,377653.743805,34,730
327048.742521,377819.370175,61,730
326962.693932,377570.755337,73,730
326960.678237,377816.034722,79,730
327012.366913,377623.161281,96,730
327016.039665,377748.279573,127,730
326985.945834,377998.272383,134,730
326884.638018,377701.556966,137,730
326981.445303,377903.464847,143,730
326958.153682,377950.222039,151,730
327053.999644,377969.078914,153,730
327002.782539,377688.418196,180,730
326981.445303,377903.464847,182,730
327022.532013,377776.981413,195,730
327020.516665,377701.690485,202,730
326967.643256,377701.668777,205,730
326862.949753,377836.000286,207,730
326845.719385,377640.468669,219,730
326825.420969,377661.98065,221,730
326960.678237,377816.034722,224,730
326845.719385,377640.468669,225,730
327032.246669,377584.369191,230,730
326883.639788,377742.206036,262,730
326975.191865,377962.343913,276,730
326998.342147,377683.103332,285,730
326883.639788,377742.206036,297,730
327010.03833,377908.971472,301,730
326850.762931,377710.588766,304,730
327018.822535,377722.942117,314,730
326977.484533,377950.001053,332,730
327013.880412,377633.027352,336,730
327001.481081,377954.646589,374,730
327049.854448,377813.171147,406,730
326849.934593,377720.776929,415,730
326964.989101,377881.782963,427,730
326852.807349,377661.699606,459,730
326914.077169,377694.938793,468,730
326852.652199,377782.185409,470,730
326922.211476,377839.686141,476,730
326950.757164,377858.934223,481,730
327054.894019,377745.596478,492,730
326867.967401,377761.439713,494,730
326857.905112,377823.037961,508,730
326919.331436,377633.177617,533,730
326927.36893,377970.538478,540,730
326933.577114,377811.707597,554,730
326965.128481,377677.155404,570,730
326951.567068,378008.198156,578,730
327026.649364,377868.493392,581,730
327052.436345,377871.32313,616,730
326930.409732,377783.097001,617,730
327034.762808,377879.560853,621,730
327018.822535,377722.942117,626,730
326958.618696,377837.36662,633,730
326958.618696,377837.36662,634,730
327001.481081,377954.646589,641,730
326862.949753,377836.000286,656,730
326975.402857,377734.65767,659,730
327023.171075,377915.69775,660,730
326882.382378,377598.674505,661,730
326819.173945,377577.422202,665,730
326947.777796,377982.909054,670,730
326851.233775,377636.666282,693,730
327034.762808,377879.560853,708,730
326954.559698,377697.958036,715,730
326947.777796,377982.909054,726,730
