333608.866641,380119.619315,0,440
333715.754573,380341.423174,0,329
333681.383771,380153.093812,0,730
333757.083837,380207.880129,0,730
333842.023059,380407.223533,0,52
333588.557523,380134.073545,0,730
333754.927041,380374.306996,0,577
333775.789878,380305.200285,0,201
333660.682218,380367.641283,0,46
333676.567584,380400.451681,0,730
333853.386375,380449.767021,0,418
333687.975228,380388.184694,0,730
333769.540234,380405.787724,0,1
333819.016487,380390.116445,0,730
333824.768915,380433.008063,0,628
333759.314885,380358.457201,0,287
333775.998885,380433.867393,0,730
333798.004615,380370.876078,0,382
333680.367657,380393.379379,0,730
333666.86699,380272.456746,0,107
333635.82525,380180.113398,0,527
333743.603883,380388.696027,0,56
333614.084015,380304.014217,0,633
333733.84648,380347.646457,0,730
333771.184161,380313.885763,0,730
333728.68597,380355.979345,0,602
333724.878499,380173.414333,0,730
333721.732792,380487.982992,0,730
333735.76316,380490.871158,0,730
333833.415922,380399.684024,0,730
333665.029749,380414.746252,0,730
333676.905679,380259.331597,0,332
333753.83687,380209.586293,0,730
333666.977999,380139.01401,0,730
333687.454446,380441.77683,0,12
333595.757526,380256.552174,0,730
333642.034634,380190.737505,0,730
333798.169717,380374.257706,0,530
333846.688712,380443.191268,0,552
333589.214294,380261.328884,0,205
333844.543882,380329.528525,0,324
333817.166244,380487.587105,0,424
333749.516824,380292.341568,0,394
333708.574359,380189.47628,0,679
333632.035609,380205.778246,0,730
333850.988392,380385.212996,0,110
333654.814581,380224.98888,0,642
333731.07947,380320.693954,0,730
333772.352566,380247.043797,0,665
333772.560127,380435.783744,0,730
333689.605041,380351.58948,0,385
333804.693884,380474.173287,0,730
333688.595335,380437.499241,0,639
333619.79875,380322.816644,0,135
333794.088256,380383.202791,0,45
333676.712708,380412.157046,0,722
333651.846032,380181.070339,0,730
333720.062824,380355.430646,0,730
333757.465659,380205.420615,0,730
333751.103222,380275.218419,0,322
333866.161718,380468.064826,0,702
333635.375675,380220.805818,0,730
333632.129173,380319.574568,0,127
333535.319977,380108.465244,0,288
333672.326546,380357.588372,0,264
333803.819225,380275.484448,0,730
333728.259421,380430.735406,0,730
333804.313331,380346.66347,0,640
333693.407971,380315.595363,0,270
333584.064097,380173.956292,0,548
333808.924699,380355.073441,0,280
333846.017475,380384.309172,0,730
333848.42949,380385.726014,0,573
333728.944065,380462.199866,0,730
333647.713538,380133.616162,0,384
333753.968491,380336.293132,0,636
333636.055991,380138.773606,0,730
333594.229718,380123.627625,0,225
333766.163664,380331.247768,0,730
333638.228432,380207.689433,0,495
333682.393474,380424.844968,0,523
333651.416728,380154.421601,0,98
333733.504782,380474.420405,0,177
333643.284408,380135.391758,0,438
333728.936061,380290.906021,0,730
333657.751574,380344.444744,0,126
333611.400028,380299.356433,0,590
333851.610955,380457.167806,0,534
333730.261908,380331.527666,0,625
333666.941583,380138.111442,0,730
333848.09325,380390.02307,0,422
333672.62704,380230.646407,0,584
333685.15844,380294.03978,0,730
333721.72528,380262.54192,0,22
333738.597828,380465.11832,0,120
333664.842097,380270.579983,0,730
333578.002142,380169.122886,0,352
333814.207973,380469.312837,0,357
333823.617251,380424.927178,0,716
333642.761558,380144.009186,0,286
333662.915085,380217.820047,0,730
333727.771382,380222.281714,0,520
333707.05674,380400.435036,0,575
333836.75822,380317.157624,0,159
333800.893196,380346.17045,0,730
333754.621854,380378.104264,0,646
333755.918316,380191.184352,0,565
333750.311323,380328.337311,0,730
333707.677549,380259.059629,0,730
333725.248031,380429.895576,0,719
333843.794558,380471.701563,0,460
333637.010143,380213.062497,0,321
333722.726529,380197.652229,0,272
333549.205023,380148.75722,0,195
333765.880389,380290.245669,0,423
333829.535633,380405.940969,0,397
333519.197438,380121.961858,0,582
333687.320032,380225.409792,0,600
333762.170376,380388.110069,0,669
333702.263547,380159.764501,0,549
333678.606377,380397.405379,0,489
333833.810453,380438.343538,0,730
333594.721651,380256.437544,0,730
333804.807082,380488.345142,0,190
333667.700679,380222.18493,0,708
333718.660628,380226.771312,0,512
333673.227995,380161.801034,0,730
333735.192759,380458.615881,0,730
333729.293035,380244.039443,0,730
333658.090964,380234.211367,0,189
333561.554527,380139.148128,0,730
333701.244998,380197.489688,0,539
333772.554694,380445.542382,0,624
333697.983188,380413.49798,0,17
333744.51277,380260.778303,0,104
333706.978355,380252.830255,0,730
333768.725172,380229.22984,0,168
333601.0928,380225.590658,0,730
333717.25627,380490.445717,0,468
333660.048976,380168.023484,0,656
333635.307029,380160.930978,0,555
333749.358893,380427.295077,0,117
333630.309078,380132.257897,0,685
333579.526165,380220.950438,0,730
333649.784429,380302.230305,0,641
333653.07079,380142.568799,0,267
333590.86916,380252.953863,0,730
333600.606651,380262.911773,0,61
333755.682056,380487.642773,0,643
333570.88305,380206.122451,0,730
333803.197366,380351.672531,0,398
333755.08372,380384.381501,0,394
333653.89708,380349.183998,0,730
333686.321855,380246.758433,0,730
333818.544431,380341.804232,0,730
333761.984799,380413.668833,0,730
333635.573325,380327.952542,0,730
333588.400751,380210.958033,0,730
333605.32379,380151.189046,0,506
333719.285496,380431.460097,0,422
333815.655909,380454.713799,0,730
333753.859666,380475.76854,0,31
333709.803139,380376.296358,0,730
333739.672762,380335.980513,0,406
333550.629518,380126.542242,0,730
333547.63079,380156.080374,0,455
333747.292981,380426.925968,0,677
333562.366586,380116.482963,0,423
333587.227377,380228.149383,0,730
333705.863634,380306.007946,0,730
333570.899211,380132.023659,0,428
333757.130674,380323.442859,0,547
333670.492881,380408.987087,0,730
333595.251753,380240.923655,0,730
333842.845081,380324.784635,0,730
333569.541645,380168.714906,0,349
333635.132609,380177.411616,0,223
333697.717088,380169.014965,0,447
333659.137765,380288.125796,0,569
333780.790603,380326.440743,0,79
333714.363162,380395.404768,0,550
333840.259818,380301.945105,0,730
333755.566476,380297.28725,0,730
333794.13956,380442.294356,0,39
333624.743683,380263.021445,0,730
333733.168182,380413.87722,0,388
333704.337034,380154.738022,0,730
333703.322503,380348.641532,0,730
333711.735372,380281.213597,0,730
333702.212578,380198.873175,0,119
333718.580918,380448.41719,0,42
333672.859816,380395.238369,0,696
333699.670728,380186.221752,0,730
333630.373204,380191.672779,0,589
333808.884023,380482.622746,0,730
333637.80837,380358.584533,0,521
333846.690423,380413.784103,0,632
333765.374063,380475.084704,0,532
333708.77902,380444.93409,0,187
333634.894468,380141.957965,0,499
333540.917859,380124.075891,0,299
333574.488569,380196.873453,0,356
333685.255679,380206.6212,0,229
333636.133382,380155.831038,0,729
333791.222151,380287.861045,0,381
333870.966868,380461.225512,0,712
333555.142031,380196.161773,0,730
333748.001325,380364.088466,0,730
333721.988802,380449.37364,0,254
333762.704381,380271.371355,0,730
333752.235384,380463.33598,0,644
333679.31603,380324.565521,0,169
333783.634847,380275.602772,0,730
333812.607673,380375.870446,0,296
333832.805828,380322.538411,0,420
333606.643735,380183.964377,0,730
333756.251237,380365.456555,0,601
333778.833719,380304.616216,0,157
333758.748987,380223.813679,0,520
333780.415249,380394.938268,0,730
333644.714845,380322.396539,0,730
333702.581911,380458.594838,0,209
333642.079691,380248.88624,0,71
333785.637504,380420.75906,0,730
333701.300083,380399.555821,0,730
333890.562595,380470.450381,0,730
333629.754311,380257.982744,0,502
333871.413427,380433.770068,0,730
333777.700123,380442.539675,0,730
333825.950106,380326.227917,0,84
333578.927518,380222.28569,0,730
333662.002954,380328.441813,0,730
333616.311399,380297.120571,0,730
333657.477268,380276.973232,0,351
333645.558841,380163.874058,0,730
333724.255394,380404.395794,0,730
333771.540894,380380.221617,0,518
333831.368811,380440.541511,0,730
333536.386571,380160.258497,0,76
333693.537966,380384.519191,0,263
333592.591144,380255.486201,0,730
333815.110955,380436.504241,0,135
333663.940655,380273.878844,0,252
333682.188756,380333.545988,0,730
333735.922567,380414.424326,0,333
333712.028834,380172.857182,0,730
333702.93622,380486.02791,0,376
333833.972926,380432.629273,0,730
333898.928377,380474.628075,0,267
333706.924389,380242.1835,0,680
333640.490517,380226.067584,0,730
333624.23675,380177.481971,0,730
333662.913983,380251.613177,0,730
333752.988771,380296.696159,0,727
333807.167571,380355.334239,0,684
333689.909143,380400.938778,0,718
333591.933795,380260.770332,0,645
333530.027271,380130.655163,0,614
333737.272845,380236.0725,0,730
333789.164894,380468.309955,0,730
333762.841874,380481.781216,0,517
333854.903855,380436.896652,0,601
333816.468933,380351.275514,0,406
333675.826658,380338.776877,0,128
333641.274956,380223.524742,0,537
333838.790298,380341.274997,0,730
333882.01404,380465.712579,0,471
333638.025618,380125.912275,0,730
333872.891593,380467.958341,0,650
333792.691066,380393.297926,0,624
333700.910644,380392.559801,0,730
333709.776653,380223.446984,0,17
333732.366807,380219.602095,0,67
333752.383435,380378.276813,0,730
333796.778109,380325.692835,0,86
333803.456763,380346.723688,0,448
333721.797423,380188.774956,0,468
333742.688809,380211.543699,0,730
333761.220436,380345.710423,0,172
333720.012907,380244.328644,0,730
333578.615474,380235.023296,0,730
333584.001991,380245.34453,0,730
333718.656323,380185.061742,0,662
333752.32411,380331.030146,0,383
333830.521196,380357.354099,0,579
333571.340246,380173.722394,0,730
333828.284835,380305.465867,0,689
333542.280417,380150.674327,0,730
333689.043723,380400.587875,0,219
333682.600468,380226.818916,0,354
333795.563452,380381.964964,0,659
333761.434599,380310.576987,0,699
333568.747819,380195.671218,0,717
333830.746518,380281.933098,0,730
333669.97983,380380.567531,0,297
333833.883266,380401.718666,0,730
333722.676451,380335.356945,0,730
333556.576364,380132.396746,0,653
333643.622361,380348.202996,0,699
333744.608335,380294.802164,0,671
333710.237363,380412.760142,0,671
333663.592761,380133.492298,0,730
333752.2158,380380.716761,0,113
333822.675684,380395.739326,0,547
333628.769879,380244.626284,0,730
333700.035306,380400.110227,0,642
333827.865677,380476.801191,0,730
333835.706475,380372.055531,0,572
333581.854141,380239.723455,0,730
333780.067467,380360.102831,0,400
333763.566042,380346.291072,0,227
333680.928263,380310.811341,0,166
333794.06035,380362.153099,0,306
333725.888884,380176.154189,0,458
333610.940713,380146.360788,0,719
333611.028406,380237.270489,0,548
333714.387608,380471.78858,0,258
333638.48903,380185.247917,0,389
333719.847535,380488.181466,0,730
333794.27303,380328.213359,0,323
333811.177839,380359.81377,0,344
333622.390722,380243.157251,0,368
333740.318265,380233.269878,0,730
333810.047545,380300.036113,0,305
333644.125832,380149.165908,0,485
333692.885065,380163.264459,0,514
333567.551934,380154.169784,0,730
333537.699078,380155.416805,0,730
333680.983589,380396.509597,0,177
333703.037768,380332.391253,0,730
333666.889857,380182.891467,0,436
333751.637858,380395.562748,0,194
333669.164375,380382.772165,0,378
333743.28138,380487.889853,0,724
333667.099175,380226.659571,0,574
333716.328476,380387.796736,0,730
333756.525204,380318.060212,0,674
333806.583518,380294.843128,0,712
333731.029185,380261.901343,0,730
333590.324571,380139.955363,0,730
333836.665554,380362.858653,0,629
333759.741848,380242.119225,0,730
333647.063973,380328.92579,0,730
333752.42102,380333.600104,0,681
333581.278582,380129.588606,0,104
333670.199887,380401.140107,0,569
333669.278889,380175.442441,0,664
333697.817081,380402.226649,0,464
333588.99988,380227.450283,0,33
333592.594537,380249.134276,0,356
333532.818031,380135.489545,0,730
333808.312178,380353.416217,0,730
333704.011165,380473.307976,0,207
333761.837381,380372.876316,0,730
333677.312797,380155.644515,0,575
333684.566879,380439.002281,0,657
333690.313054,380309.495043,0,730
333665.605853,380284.452782,0,178
333708.609183,380301.795902,0,125
333614.704662,380194.84171,0,677
333732.906172,380296.531668,0,730
333646.081988,380132.651302,0,730
333730.171793,380466.094401,0,330
333730.432149,380411.064422,0,661
333853.270044,380383.617068,0,730
333698.657899,380195.209201,0,730
333815.242063,380462.738496,0,730
333567.566581,380112.592191,0,730
333790.145733,380448.604991,0,631
333678.511285,380239.154935,0,512
333703.092638,380349.032438,0,443
333806.005574,380470.376057,0,652
333745.325081,380409.231544,0,730
333650.449714,380311.436713,0,730
333719.734758,380464.90681,0,711
333809.824677,380313.148254,0,503
333716.448125,380160.496785,0,702
333749.858445,380322.815364,0,730
333820.431706,380415.332668,0,730
333618.378827,380253.286168,0,564
333809.126176,380446.289527,0,427
333805.575156,380462.384226,0,730
333774.212602,380330.418697,0,185
333610.25276,380307.663276,0,606
333729.376756,380200.912207,0,730
333736.465012,380408.779512,0,214
333690.921947,380416.819433,0,292
333714.355815,380425.487476,0,200
333695.7423,380148.160952,0,730
333733.298998,380273.257321,0,519
333819.086748,380426.345778,0,426
333611.956055,380133.220899,0,730
333787.626143,380266.855342,0,376
333822.964123,380487.801086,0,730
333860.40435,380429.868015,0,730
333736.718907,380486.241042,0,597
333638.020671,380161.404445,0,730
333803.754429,380386.632634,0,81
333710.636375,380279.402793,0,318
333632.045358,380329.98514,0,730
333845.567998,380309.233262,0,244
333693.71298,380425.758521,0,419
333642.617071,380154.036044,0,730
333698.274879,380375.557319,0,730
333549.731292,380157.993376,0,730
333708.458983,380385.880934,0,705
333663.225527,380274.312197,0,730
333660.108151,380159.657309,0,570
333740.384606,380279.406259,0,425
333650.882629,380329.528936,0,592
333756.472061,380362.933747,0,382
333764.425971,380315.77668,0,476
333692.208126,380253.981824,0,730
333716.849078,380381.450392,0,416
333734.234099,380308.266813,0,61
333685.475265,380278.736709,0,730
333733.968337,380409.265144,0,730
333809.386883,380368.346254,0,92
333764.260836,380275.605405,0,262
333704.052021,380158.010163,0,705
333736.653271,380265.284734,0,730
333699.821926,380359.241924,0,272
333691.701384,380395.079494,0,553
333597.50535,380264.54463,0,559
333731.470728,380297.907903,0,662
333603.253646,380139.225277,0,19
333547.564326,380115.574953,0,48
333672.290641,380413.779575,0,424
333755.061181,380233.666672,0,658
333656.16076,380185.283443,0,730
333653.678166,380162.369684,0,152
333740.086318,380260.531574,0,730
333718.432877,380414.23381,0,97
333811.598004,380373.745048,0,730
333732.995275,380459.89971,0,229
333633.268952,380350.725886,0,730
333645.676317,380129.587082,0,59
333728.528731,380453.009023,0,730
333878.525138,380448.784974,0,563
333736.077072,380477.978654,0,479
333609.168786,380214.442881,0,252
333699.37669,380490.754099,0,730
333718.654508,380299.167222,0,623
333850.245553,380396.665607,0,481
333795.771906,380359.460175,0,659
333557.08174,380176.765827,0,730
333586.281557,380142.747246,0,310
333645.243248,380131.497378,0,239
333715.737617,380408.88822,0,373
333679.543515,380346.18322,0,450
333585.3269,380241.224273,0,366
333822.546337,380342.960105,0,730
333722.887277,380343.102486,0,730
333734.700287,380359.94625,0,686
333797.209166,380342.068028,0,429
333773.710836,380286.044774,0,730
333764.684865,380339.558396,0,730
333571.615767,380219.936632,0,673
333785.425128,380417.378231,0,414
333663.068286,380236.422473,0,730
333798.888459,380296.463617,0,730
333764.192097,380305.037199,0,26
333523.343257,380130.573911,0,316
333758.765767,380294.91522,0,730
333665.472976,380351.090648,0,221
333544.094225,380163.132493,0,251
333646.910961,380204.613984,0,448
333632.252938,380284.346132,0,483
333672.614532,380207.898789,0,237
333821.204813,380286.899499,0,358
333829.394424,380305.831528,0,730
333662.682646,380267.61744,0,730
333649.959443,380318.820183,0,730
333647.68081,380267.266454,0,730
333855.114367,380482.360841,0,730
333617.845371,380172.381165,0,730
333723.277515,380156.666783,0,132
333598.299452,380219.267002,0,118
333815.792783,380387.219557,0,730
333648.099144,380145.267937,0,730
333715.035006,380265.12482,0,730
333589.021287,380199.372909,0,730
333586.584192,380235.680096,0,608
333687.045838,380366.922663,0,480
333777.787168,380412.66545,0,605
333803.418298,380319.504109,0,730
333725.141155,380419.847539,0,77
333666.795521,380367.30136,0,730
333646.942792,380258.462559,0,730
333665.212808,380209.353804,0,526
333767.088105,380348.695684,0,730
333729.694309,380396.252578,0,494
333588.896923,380140.479774,0,75
333704.840085,380297.684154,0,261
333829.14472,380442.41247,0,186
333791.471992,380253.047708,0,242
333718.994873,380156.504948,0,73
333844.419408,380332.593669,0,730
333656.169766,380183.979998,0,325
333612.68837,380265.880024,0,730
333655.607216,380229.491302,0,726
333737.843092,380409.408047,0,730
333601.212146,380149.238341,0,477
333736.128302,380342.751584,0,730
333710.210256,380274.19675,0,543
333715.968394,380227.29869,0,557
333793.806686,380330.83483,0,704
333599.820634,380128.483595,0,209
333596.449958,380210.33405,0,656
333651.917179,380206.742736,0,730
333686.734229,380218.337942,0,730
333723.061946,380488.392636,0,146
333750.512964,380303.79374,0,180
333677.736609,380444.654922,0,51
333593.365706,380144.906305,0,730
333582.79231,380196.91738,0,730
333643.916819,380172.235582,0,180
333589.383268,380236.273881,0,340
333603.281533,380269.687789,0,446
333682.477248,380249.5202,0,730
333753.694651,380282.494849,0,458
333699.526557,380348.555926,0,730
333726.492868,380476.3904,0,325
333622.237085,380195.479612,0,65
333783.615732,380467.042036,0,639
333711.573155,380223.279933,0,435
333607.101756,380143.071254,0,730
333775.958142,380272.21045,0,728
333775.504186,380253.976835,0,730
333790.62265,380391.940615,0,241
333784.984352,380265.064161,0,730
333741.253348,380212.951315,0,727
333548.294843,380123.647908,0,730
333771.287568,380369.693054,0,236
333689.238115,380333.228801,0,730
333639.281936,380265.199511,0,28
333659.883873,380281.688237,0,319
333616.451363,380143.540924,0,471
333772.450082,380396.888162,0,730
333804.70404,380300.032986,0,216
333673.264489,380429.319065,0,710
333812.603497,380302.747812,0,291
333694.299352,380204.067259,0,730
333764.737683,380336.149272,0,609
333669.295581,380283.143982,0,106
333852.688981,380465.978458,0,604
333589.804017,380197.545454,0,730
333839.21154,380447.694269,0,496
333704.007189,380308.603804,0,326
333666.399534,380289.578961,0,544
333727.392788,380164.252325,0,730
333745.400223,380474.566629,0,183
333838.831899,380448.159559,0,301
333687.966717,380402.91345,0,613
333607.822828,380268.96713,0,730
333729.707604,380411.187682,0,615
333691.55697,380342.261104,0,730
333691.645805,380331.94314,0,730
333645.642659,380288.460503,0,475
333859.473955,380384.124937,0,730
333753.959216,380275.498324,0,610
333748.671474,380260.869968,0,730
333663.453633,380384.537432,0,112
333769.927238,380258.366445,0,419
333541.919477,380151.134583,0,708
333594.605385,380155.782394,0,707
333749.769242,380457.45588,0,682
333684.993644,380387.599464,0,22
333790.816187,380289.626827,0,55
333764.954831,380395.173639,0,254
333619.449059,380172.675255,0,730
333693.91554,380443.853576,0,260
333779.93807,380379.570842,0,48
333776.463684,380403.95566,0,379
333532.20757,380143.232127,0,730
333825.192676,380323.315762,0,651
333733.806166,380221.754864,0,322
333738.120417,380339.736846,0,730
333704.754541,380455.130415,0,730
333689.219491,380224.814915,0,602
333815.526869,380281.070581,0,580
333688.86654,380208.02942,0,730
333797.684026,380428.033012,0,730
333726.551537,380488.691132,0,277
333689.733372,380416.809222,0,681
333728.870539,380322.446519,0,730
333750.997431,380329.690048,0,567
333787.116026,380305.154421,0,724
333651.06324,380160.805174,0,730
333697.69723,380382.276286,0,730
333759.682005,380361.173317,0,730
333672.685521,380304.94834,0,268
333706.473614,380197.329677,0,476
333666.912173,380370.616733,0,34
333682.594783,380182.522257,0,452
333697.096988,380400.983235,0,730
333626.817675,380195.485554,0,730
333740.096304,380190.296685,0,730
333791.068608,380458.82918,0,729
333642.964075,380159.776215,0,451
333709.54843,380249.899531,0,286
333719.487093,380415.023821,0,546
333877.455845,380481.411076,0,730
333627.797031,380186.533016,0,351
333570.698485,380225.61141,0,730
333769.021744,380256.580187,0,591
333616.108958,380319.824727,0,730
333729.224965,380341.26054,0,89
333601.007773,380260.308797,0,730
333797.468204,380378.531134,0,341
333614.568767,380199.40847,0,121
333728.417749,380260.301556,0,431
333631.802136,380315.602428,0,585
333691.64776,380442.06446,0,684
333808.422985,380436.630664,0,535
333797.555603,380390.240114,0,210
333708.556441,380467.915,0,173
333601.531267,380209.881186,0,207
333685.642291,380207.604889,0,507
333617.218182,380248.33316,0,730
333796.440965,380255.112186,0,144
333654.082187,380331.998489,0,730
333809.759029,380439.041103,0,730
333757.569751,380342.346704,0,730
333787.526632,380363.268241,0,576
333648.641114,380294.461887,0,453
333524.469507,380123.114804,0,409
333697.202045,380243.644493,0,730
333737.600308,380248.443078,0,730
333700.129367,380384.247643,0,25
333629.280961,380263.550559,0,730
333584.143421,380168.798739,0,696
333738.4429,380461.522071,0,658
333732.891759,380336.869319,0,495
333717.296342,380295.957781,0,730
333660.319474,380281.670776,0,208
333646.446505,380330.582924,0,723
333728.10061,380219.481334,0,261
333820.977032,380281.841556,0,730
333651.410312,380378.843716,0,500
333660.872314,380356.617577,0,730
333643.059432,380366.981017,0,188
333793.818097,380257.672414,0,730
333845.563443,380461.952944,0,479
333587.054406,380146.41505,0,730
333826.138282,380284.553594,0,238
333628.926636,380184.836858,0,680
333681.570314,380196.827147,0,730
333540.660023,380136.665047,0,370
333818.943309,380450.17129,0,730
333713.872178,380283.58763,0,730
333700.626407,380214.126785,0,487
333698.791463,380478.119146,0,730
333741.042164,380351.603361,0,630
333673.721422,380141.97368,0,307
333791.816106,380340.517638,0,700
333782.033446,380314.892028,0,730
333820.36794,380276.717786,0,529
333613.380317,380125.203447,0,463
333769.182652,380265.987211,0,730
333563.034889,380172.105191,0,607
333771.415685,380443.081529,0,566
333754.183583,380237.107078,0,635
333736.081363,380373.707977,0,176
333706.492492,380213.131123,0,730
333805.495338,380477.776651,0,337
333843.082871,380416.161397,0,730
333794.294753,380365.901943,0,730
333593.332863,380234.890406,0,410
333597.607766,380166.612701,0,722
333734.783786,380315.864954,0,730
333722.326942,380380.298099,0,559
333836.336738,380341.473813,0,693
333544.392927,380157.597437,0,730
333672.199196,380296.272286,0,730
333845.148718,380406.958446,0,300
333559.30578,380125.220656,0,675
333757.08681,380406.508649,0,730
333801.216097,380421.3273,0,730
333783.234992,380436.394357,0,636
333802.911714,380421.66698,0,730
333822.73425,380279.473335,0,62
333676.748803,380330.782216,0,345
333587.336748,380204.620943,0,730
333727.982677,380181.18533,0,595
333685.147684,380166.860728,0,660
333713.759731,380454.185772,0,675
333714.868726,380442.940446,0,730
333684.142793,380383.900511,0,730
333750.985055,380469.31871,0,18
333640.348137,380278.810384,0,327
333720.026494,380184.375969,0,194
333798.168326,380369.87732,0,670
333647.41453,380217.844999,0,618
333612.577659,380278.790328,0,181
333837.916649,380356.115826,0,283
333694.316109,380214.090228,0,214
333849.266671,380476.835901,0,536
333733.2453,380439.468155,0,730
333591.599886,380198.159329,0,352
333763.205971,380377.825008,0,697
333589.738494,380141.245401,0,701
333675.2039,380353.190061,0,730
333660.744725,380138.944784,0,707
333782.841894,380416.964396,0,694
333718.850133,380412.74419,0,663
333721.444382,380414.982196,0,433
333848.286867,380372.913059,0,278
333663.268546,380160.561786,0,668
333637.989811,380225.357667,0,255
333720.767102,380332.959349,0,489
333681.709292,380145.093584,0,431
333699.96401,380373.693929,0,730
333692.558721,380171.089616,0,730
333779.699713,380247.098787,0,331
333622.771439,380316.326953,0,438
333708.883818,380266.037055,0,51
333787.738187,380381.207619,0,730
333724.211205,380414.312737,0,609
333815.526449,380428.649373,0,730
333807.183627,380388.275437,0,334
333730.301598,380448.511883,0,648
333673.789585,380356.326996,0,647
333725.275935,380303.507326,0,730
333737.319257,380481.102614,0,730
333600.546969,380173.111594,0,730
333629.751861,380186.933259,0,730
333775.43674,380395.481355,0,730
333811.438045,380449.981961,0,21
333834.033174,380308.374461,0,668
333742.30782,380390.322522,0,730
333737.91535,380276.151088,0,595
333681.735436,380306.41977,0,258
333705.760302,380298.236462,0,437
333686.871143,380428.105533,0,730
333720.035552,380443.114946,0,334
333850.054459,380445.262833,0,730
333714.594303,380367.717135,0,730
333608.39457,380274.317038,0,562
333772.785475,380370.875236,0,693
333721.071385,380321.692492,0,710
333889.777259,380481.198912,0,730
333747.028006,380317.290535,0,698
333737.501591,380467.180024,0,730
333792.165833,380378.893967,0,730
333670.897637,380241.941059,0,730
333840.82652,380443.304629,0,375
333742.351553,380288.631891,0,603
333647.290553,380200.740016,0,311
333642.821554,380347.638513,0,534
333720.142569,380239.109745,0,82
333681.596094,380321.240988,0,730
333722.650837,380346.117958,0,730
333636.215198,380215.190429,0,3
333757.499623,380315.128727,0,498
333761.397522,380483.796857,0,179
333817.034163,380353.346763,0,666
333574.67025,380148.217192,0,706
333713.419276,380201.640435,0,730
333901.769041,380481.10673,0,510
333625.936209,380203.52006,0,730
333826.449547,380477.883617,0,179
333744.831886,380227.891014,0,102
333703.338654,380354.083959,0,223
333710.619754,380153.336332,0,730
333724.760703,380253.804687,0,616
333688.094674,380176.169443,0,730
333694.104527,380179.78894,0,730
333671.790228,380325.454339,0,730
333740.469735,380338.287712,0,730
333626.856103,380313.227107,0,314
333824.477282,380363.596958,0,730
333668.978569,380403.595797,0,541
333689.035381,380438.780505,0,484
333909.321698,380474.987674,0,688
333744.840328,380247.601132,0,408
333779.720678,380312.845364,0,730
333778.918403,380471.501061,0,730
333752.701572,380480.855832,0,374
333776.017034,380273.086189,0,730
333604.14337,380250.4663,0,730
333730.419974,380468.341385,0,498
333717.739405,380297.386176,0,599
333664.392928,380388.20454,0,151
333839.591775,380463.877014,0,626
333625.086015,380144.996804,0,695
333752.501641,380275.213059,0,730
333706.696531,380184.583961,0,730
333680.964268,380453.490755,0,678
333750.192101,380297.186816,0,730
333744.953425,380476.312669,0,432
333742.072878,380358.276778,0,730
333799.120433,380368.754463,0,650
333669.285646,380387.379911,0,730
333708.501196,380313.767589,0,730
333804.507519,380396.653356,0,730
333771.77774,380388.129702,0,730
333739.334399,380418.422592,0,730
333783.618419,380380.728725,0,590
333742.062069,380336.167606,0,632
333673.310346,380422.47529,0,504
333656.304042,380138.501751,0,248
333816.899793,380425.337399,0,99
333788.444718,380325.899816,0,730
333869.930215,380446.117508,0,264
333748.222664,380423.876496,0,730
333610.881478,380260.961439,0,730
333720.175661,380476.005545,0,730
333680.103643,380253.905799,0,646
333688.677355,380207.646144,0,730
333530.867288,380126.782279,0,504
333793.990455,380337.676045,0,730
333557.174921,380127.363963,0,730
333753.112666,380320.054265,0,345
333778.640478,380489.111429,0,580
333808.270983,380352.537021,0,730
333677.78395,380149.728221,0,730
333729.91419,380280.600517,0,730
333651.264414,380262.590378,0,648
333796.317597,380269.920576,0,700
333683.893979,380147.109787,0,304
333786.490782,380299.86475,0,108
333721.897077,380438.813683,0,730
333730.563966,380484.391497,0,379
333684.712231,380163.03852,0,730
333651.483795,380256.969783,0,730
333810.833895,380464.894834,0,690
333559.596419,380132.675315,0,457
333704.860827,380269.513489,0,421
333781.099867,380473.673487,0,124
333543.188363,380133.21519,0,556
333737.564497,380270.012717,0,568
333634.547464,380354.403575,0,730
333865.765697,380443.713571,0,730
333707.37729,380386.12607,0,730
333786.695244,380303.960756,0,462
333684.166553,380148.260445,0,215
333855.49133,380436.497294,0,726
333828.064382,380446.011629,0,582
333671.780444,380158.615398,0,713
333715.683639,380407.456865,0,730
333665.112817,380359.305235,0,730
333694.52679,380187.67823,0,66
333866.547687,380419.415115,0,513
333805.196452,380271.497594,0,219
333701.39666,380310.407679,0,730
333713.39129,380180.270025,0,615
333740.806556,380216.244858,0,133
333577.146949,380205.085199,0,730
333720.4902,380232.592194,0,730
333842.364587,380328.407264,0,38
333679.102635,380376.691345,0,197
333559.239004,380171.971006,0,730
333783.436644,380301.993592,0,730
333836.578993,380336.527126,0,633
333611.92187,380116.524274,0,730
333661.574371,380274.922284,0,638
333802.988773,380441.01838,0,730
333820.668251,380411.982791,0,77
333623.02222,380261.537172,0,312
333756.481538,380239.411147,0,703
333586.528446,380246.093194,0,10
333869.481861,380451.71731,0,105
333806.351615,380284.336105,0,730
333616.275219,380163.495012,0,730
333714.519759,380435.367323,0,730
333742.13404,380322.288265,0,610
333538.571832,380147.354978,0,644
333636.434254,380229.964537,0,661
333861.763562,380398.209065,0,511
333642.043436,380208.93554,0,730
333602.69028,380261.985937,0,558
333663.863233,380310.872682,0,242
333691.901852,380268.265348,0,597
333691.032118,380280.519568,0,647
333819.664869,380391.160228,0,730
333646.331511,380152.818791,0,8
333699.194382,380328.719111,0,683
333820.956778,380414.88321,0,218
333770.510623,380230.355367,0,730
333735.487391,380292.498301,0,730
333538.055099,380153.961566,0,730
333674.736084,380164.50056,0,571
333712.266784,380224.373668,0,730
333708.118956,380232.166166,0,598
333637.067731,380352.33246,0,618
333883.352489,380471.629892,0,730
333738.444779,380369.187565,0,730
333724.771385,380199.856949,0,314
333717.667463,380449.469873,0,730
333675.099952,380275.102552,0,441
333869.178707,380485.092534,0,178
333745.456583,380335.535495,0,50
333724.388103,380205.881381,0,730
333736.159049,380406.492415,0,730
333709.094663,380291.781542,0,730
333636.368776,380127.592896,0,94
333777.892816,380470.818644,0,122
333841.892534,380429.343997,0,730
333773.9644,380261.618245,0,564
333658.351133,380245.68659,0,730
333702.355003,380323.311354,0,730
333757.840202,380391.885406,0,144
333687.14304,380343.936231,0,635
333729.643916,380180.226408,0,689
333716.154008,380434.164066,0,730
333547.283194,380154.178666,0,730
333782.395429,380421.448411,0,730
333803.347021,380374.620152,0,428
333624.720898,380180.597135,0,549
333528.489355,380123.029148,0,730
333639.029394,380260.587268,0,247
333758.801642,380366.391147,0,730
333800.529636,380328.825505,0,486
333640.374343,380169.666675,0,311
333795.764947,380351.990278,0,730
333835.144606,380408.917004,0,118
333690.039799,380461.960989,0,653
333837.539188,380410.723236,0,730
333637.419153,380362.868713,0,28
333876.213067,380484.105515,0,730
333744.718816,380375.776469,0,573
333860.576111,380395.47438,0,603
333763.694141,380222.321604,0,253
333604.629847,380205.469657,0,730
333839.625042,380336.55324,0,730
333672.584056,380312.662668,0,531
333863.800386,380434.463086,0,690
333804.167397,380310.999558,0,730
333721.251579,380183.140088,0,611
333806.333721,380354.743205,0,730
333712.358737,380295.289599,0,139
333627.311061,380235.669222,0,730
333716.521068,380363.530936,0,439
333835.905348,380475.952537,0,730
333680.632951,380151.68976,0,730
333605.840496,380246.586927,0,730
333628.474956,380305.796413,0,393
333698.070018,380168.767781,0,284
333731.20147,380384.956174,0,395
333626.663252,380341.169915,0,682
333701.860514,380266.423239,0,385
333680.128473,380439.777165,0,730
333757.860221,380274.897942,0,257
333813.126945,380460.1165,0,730
333597.706887,380207.795787,0,730
333644.759357,380278.359025,0,598
333784.471412,380408.303185,0,654
333568.213611,380193.338723,0,13
333671.171171,380336.902951,0,730
333689.076393,380162.813708,0,730
333709.712587,380373.454717,0,550
333607.443059,380274.494947,0,730
333730.056596,380309.075899,0,536
333660.528766,380375.267093,0,516
333672.844564,380322.823113,0,730
333666.023191,380406.966282,0,164
333832.095193,380329.919165,0,698
333673.00387,380301.586547,0,730
333825.365876,380440.923423,0,161
333628.006596,380331.997773,0,730
333845.720975,380452.817484,0,340
333742.761666,380226.886733,0,730
333811.424548,380444.351695,0,630
333580.2438,380155.449672,0,634
333828.831322,380481.316698,0,730
333844.078468,380373.725872,0,730
333723.857589,380367.105969,0,55
333773.045755,380287.500813,0,730
333710.574132,380294.883437,0,319
333720.912413,380322.261027,0,730
333816.395314,380307.739275,0,161
333821.012365,380448.882255,0,730
333698.981074,380402.822285,0,69
333775.595088,380401.743003,0,730
333848.030706,380483.741024,0,714
333765.798342,380301.549793,0,730
333729.29512,380421.605878,0,716
333799.298197,380487.179342,0,730
333688.007827,380338.429521,0,730
333722.262485,380291.138551,0,568
333741.510459,380392.762118,0,469
333640.877074,380294.430326,0,706
333742.076323,380247.868019,0,109
333658.804441,380220.18055,0,45
333679.575399,380275.445032,0,484
333726.042399,380474.257687,0,730
333645.666347,380259.112762,0,285
333781.311955,380399.234263,0,511
333859.014494,380470.147403,0,730
333868.603972,380478.626449,0,730
333673.67504,380238.885344,0,552
333621.564975,380317.367814,0,210
333639.235461,380344.349175,0,730
333758.290185,380368.541592,0,23
333803.189744,380379.452663,0,720
333807.67368,380426.63258,0,464
333737.211149,380283.235327,0,730
333665.185672,380330.609675,0,730
333717.16465,380309.50361,0,730
333562.607084,380156.463759,0,720
333613.06739,380296.529442,0,730
333688.090436,380300.641007,0,730
333637.283573,380138.171357,0,654
333640.640408,380369.587461,0,730
333591.224219,380239.387197,0,711
333723.719344,380325.602092,0,106
333579.01375,380141.925654,0,730
333635.631345,380178.498078,0,730
333695.754895,380243.126605,0,730
333756.175807,380282.91574,0,513
333795.905721,380334.476332,0,506
333695.704758,380431.274989,0,730
333842.872583,380344.016097,0,730
333794.143687,380377.087572,0,426
333724.625029,380163.130051,0,715
333792.516312,380358.871909,0,730
333804.530502,380330.263009,0,730
333816.184454,380457.352518,0,730
333728.769836,380402.481056,0,730
333834.286604,380326.274354,0,730
333744.680394,380387.907619,0,730
333765.023283,380408.845376,0,367
333713.428174,380438.558217,0,450
333665.109146,380151.941947,0,147
333800.483026,380433.966053,0,730
333702.502282,380322.912993,0,730
333672.867183,380342.001574,0,713
333706.968379,380422.490378,0,725
333762.031212,380344.106758,0,308
333868.379904,380447.333911,0,730
333814.136845,380454.974907,0,730
333633.333366,380221.644538,0,730
333852.818465,380370.580943,0,730
333748.356055,380396.407395,0,377
333699.360738,380232.565235,0,34
333798.343313,380382.763676,0,695
333758.756801,380224.521515,0,730
333837.048235,380369.996521,0,621
333830.778657,380479.508839,0,730
333616.64505,380174.67513,0,730
333736.59963,380382.751871,0,730
333797.202579,380461.527819,0,561
333749.258172,380249.573792,0,413
333672.24631,380296.761527,0,349
333630.494032,380167.907515,0,730
333715.078648,380264.583282,0,507
333743.641057,380427.156308,0,730
333670.137966,380153.097117,0,170
333638.900877,380365.659278,0,730
333753.152907,380379.339927,0,730
333865.613498,380441.571217,0,730
333744.998236,380491.926661,0,730
333806.868032,380461.179649,0,730
333731.157937,380317.744668,0,730
333762.547762,380350.312009,0,462
333774.353379,380398.694972,0,410
333641.7571,380279.812398,0,120
333612.716638,380178.262538,0,730
333794.765286,380292.533849,0,730
333700.392496,380488.328241,0,7
333831.552899,380407.82013,0,641
333756.683775,380465.124427,0,730
333595.757626,380182.051634,0,730
333580.487734,380170.350828,0,730
333754.979877,380218.062027,0,579
333542.16372,380130.416892,0,492
333646.836923,380326.751243,0,730
333830.356427,380403.719856,0,721
333582.621913,380244.184707,0,730
333763.293599,380373.677565,0,95
333652.278718,380371.451553,0,499
333865.620811,380436.107443,0,234
333789.271071,380346.561836,0,730
333611.186392,380217.063217,0,565
333607.589401,380237.915929,0,730
333642.665848,380229.474455,0,443
333591.375056,380242.327973,0,730
333664.18269,380364.117825,0,374
333588.904521,380181.957601,0,730
333698.17622,380386.734155,0,730
333678.011746,380186.139297,0,378
333839.612648,380423.902602,0,613
333721.676358,380206.705527,0,6
333704.848854,380188.92071,0,730
333597.227252,380136.607619,0,551
333816.65305,380412.865379,0,528
333613.430089,380164.661864,0,730
333650.704257,380171.224842,0,730
333709.477772,380366.496751,0,290
333713.954526,380219.453577,0,730
333677.33064,380357.236231,0,730
333851.024592,380376.404017,0,730
333665.106094,380307.866019,0,640
333586.639886,380253.972487,0,730
333863.219151,380408.37773,0,619
333545.661342,380157.045699,0,393
333818.943519,380431.971725,0,655
333693.856085,380466.103308,0,730
333768.043245,380397.819481,0,150
333580.399745,380206.149166,0,577
333827.448811,380425.761945,0,725
333660.315323,380346.398025,0,664
333666.646492,380224.056009,0,429
333621.299082,380210.478884,0,452
333759.893563,380473.710362,0,730
333628.901276,380208.615919,0,480
333608.495847,380215.334081,0,730
333815.754371,380348.692939,0,643
333765.182376,380379.15225,0,667
333636.062223,380204.494995,0,442
333612.804001,380235.650651,0,515
333732.594384,380281.221823,0,460
333707.258159,380323.542939,0,730
333699.380687,380372.430932,0,637
333697.077816,380197.95664,0,730
333737.372812,380168.222462,0,730
333833.19418,380399.819324,0,691
333847.1315,380398.072657,0,730
333766.083565,380454.543048,0,730
333718.977225,380391.133708,0,672
333648.078005,380269.851532,0,473
333773.053922,380486.618098,0,432
333700.070554,380448.247435,0,627
333821.058429,380384.912336,0,470
333704.487776,380188.452747,0,211
333635.094676,380210.37598,0,730
333783.621401,380247.132291,0,459
333650.167039,380179.83737,0,676
333711.844259,380353.030794,0,421
333753.363845,380459.685174,0,619
333655.199674,380246.317609,0,612
333850.693102,380408.448994,0,370
333708.79563,380159.891728,0,377
333702.346377,380192.2892,0,730
333595.218542,380250.019037,0,445
333825.901335,380453.146902,0,730
333675.122359,380425.138718,0,85
333566.825016,380165.442626,0,232
333566.088791,380210.615171,0,730
333645.264837,380307.18039,0,730
333695.185107,380383.109795,0,591
333706.225316,380231.7381,0,730
333604.726481,380270.495448,0,728
333701.369334,380387.295369,0,404
333643.253697,380257.214365,0,709
333833.904471,380350.208932,0,730
333705.041228,380392.654864,0,730
333857.975026,380395.283029,0,730
333601.638053,380166.897949,0,348
333878.843194,380455.819769,0,277
333793.942724,380479.9777,0,721
333843.495128,380384.6609,0,730
333845.592266,380417.154982,0,730
333729.463324,380248.556483,0,490
333851.85032,380457.364233,0,620
333744.781371,380483.812217,0,32
333842.590188,380391.320959,0,730
333650.763386,380171.180085,0,525
333726.340459,380403.353829,0,730
333716.00888,380350.80918,0,222
333765.794643,380341.987568,0,224
333824.24009,380285.064232,0,685
333667.516668,380227.044258,0,343
333724.495469,380242.981391,0,651
333780.31137,380363.518975,0,509
333579.714202,380133.843318,0,321
333773.196,380466.218127,0,730
333659.819247,380393.656023,0,364
333679.335582,380151.55114,0,300
333748.85531,380262.331744,0,627
333695.317006,380319.600743,0,478
333527.699056,380136.713636,0,666
333580.145936,380219.910976,0,30
333857.591459,380474.419978,0,730
333635.893855,380277.871812,0,572
333639.268059,380321.731622,0,371
333651.380962,380194.654525,0,709
333678.997503,380447.730043,0,281
333890.015615,380473.147447,0,594
333721.776086,380444.093365,0,411
333629.188509,380267.753817,0,390
333727.617869,380267.410298,0,730
333649.291866,380261.172437,0,730
333800.167399,380436.715737,0,730
333649.47261,380311.165247,0,730
333659.245675,380327.0438,0,493
333608.76785,380263.031502,0,75
333593.900709,380181.985974,0,730
333713.296953,380279.023246,0,730
333772.388739,380371.247695,0,361
333728.364767,380360.963,0,454
333755.418357,380284.519885,0,723
333618.203055,380278.191048,0,683
333597.148515,380121.282706,0,663
333752.17635,380323.876105,0,500
333594.098181,380169.663623,0,730
333655.823951,380350.15328,0,617
333786.186486,380484.957892,0,14
333776.671074,380465.881385,0,730
333751.918674,380412.038241,0,4
333638.048722,380321.346294,0,730
333624.361268,380193.860698,0,730
333686.702003,380158.066896,0,730
333657.719825,380178.586904,0,25
333757.46335,380460.82126,0,730
333852.96601,380442.006801,0,235
333692.265569,380179.866575,0,584
333842.142919,380419.77025,0,687
333853.004565,380478.116904,0,211
333852.536272,380361.971072,0,35
333689.196256,380347.74238,0,730
333856.055277,380442.322252,0,127
333823.939695,380373.230993,0,391
333577.077637,380226.619007,0,596
333663.791227,380262.268777,0,465
333673.674589,380195.738919,0,697
333764.69211,380388.634932,0,730
333743.202744,380451.001293,0,730
333844.40144,380463.945108,0,221
333815.911791,380322.668781,0,491
333664.884084,380203.400586,0,730
333671.05888,380158.344459,0,730
333718.340489,380341.179265,0,730
333816.804087,380438.367783,0,730
333681.645027,380164.48522,0,730
333650.720569,380262.786437,0,730
333628.936099,380219.53455,0,546
333850.646708,380421.870305,0,274
333591.047925,380241.890508,0,730
333652.0484,380198.838201,0,427
333732.229663,380359.015815,0,383
333768.403054,380376.342513,0,365
333765.42268,380332.860925,0,730
333685.336324,380314.146913,0,216
333617.902364,380315.14737,0,730
333854.602482,380403.042581,0,140
333761.606199,380455.321466,0,730
333622.013211,380174.388246,0,730
333748.177553,380214.891279,0,718
333885.563538,380468.868467,0,312
333713.222691,380361.427042,0,589
333857.309925,380453.480475,0,730
333680.520894,380196.688596,0,730
333568.702883,380175.052631,0,730
333710.744538,380317.892763,0,538
333585.492855,380150.414061,0,730
333704.998941,380236.048114,0,730
333764.566275,380283.144109,0,467
333633.922424,380137.721352,0,196
333776.187363,380336.63788,0,578
333869.465954,380462.602931,0,730
333770.55267,380234.174865,0,6
333595.192026,380240.015389,0,730
333846.636432,380476.022854,0,730
333754.338352,380288.165791,0,730
333789.302711,380304.096202,0,283
333686.475567,380401.668201,0,622
333546.823755,380123.629037,0,567
333682.805539,380339.688504,0,649
333609.668684,380276.033019,0,124
333686.024528,380239.819045,0,730
333628.965044,380188.961938,0,405
333802.651626,380424.552412,0,730
333561.938892,380135.809493,0,665
333712.193349,380274.828026,0,198
333690.813137,380185.888541,0,730
333563.381883,380181.744352,0,467
333718.092745,380325.860618,0,730
333676.429407,380436.56358,0,692
333649.142436,380178.010536,0,459
333763.15182,380478.956972,0,730
333569.413457,380189.231429,0,730
333726.197036,380492.315931,0,83
333847.523799,380349.390909,0,730
333665.196915,380321.529124,0,730
333684.044914,380392.789914,0,730
333613.681592,380147.819416,0,703
333674.39707,380157.121253,0,730
333780.368941,380249.397259,0,65
333713.543738,380275.515404,0,129
333673.158287,380193.035107,0,730
333723.564177,380492.761736,0,730
333542.062453,380135.144526,0,730
333656.560661,380324.11719,0,472
333705.406074,380230.763259,0,7
333687.729582,380188.276052,0,730
333757.185881,380231.411072,0,730
333590.756492,380204.166979,0,730
333738.818631,380487.525991,0,224
333578.919713,380113.913205,0,730
333696.309885,380352.271436,0,496
333653.190174,380259.216529,0,730
333661.268465,380226.398632,0,730
333769.756957,380270.148281,0,542
333579.457428,380138.311911,0,730
333665.975002,380166.409233,0,730
333773.899435,380429.264428,0,29
333586.55959,380167.217329,0,730
333746.640867,380245.642732,0,730
333759.453435,380356.029516,0,538
333823.065589,380460.703907,0,676
333750.118654,380387.125024,0,326
333702.370071,380242.186766,0,456
333665.42781,380244.390383,0,730
333701.021913,380376.401828,0,730
333692.414597,380397.880485,0,678
333707.156796,380308.898338,0,687
333626.544928,380197.567902,0,259
333646.628949,380135.65081,0,730
333674.220505,380418.979066,0,674
333692.726412,380330.427315,0,359
333851.070141,380417.694408,0,730
333578.122978,380150.891084,0,730
333610.20279,380249.884454,0,539
333692.004406,380243.238828,0,162
333570.733479,380109.927531,0,730
333827.686021,380477.465679,0,730
333697.392461,380372.338664,0,730
333816.362987,380474.757023,0,2
333798.495171,380433.163181,0,12
333825.530592,380285.3789,0,730
333577.512129,380181.446503,0,99
333720.659333,380327.972133,0,417
333657.959211,380387.226009,0,730
333775.075716,380483.830184,0,730
333730.4779,380420.906078,0,491
333713.959855,380308.966891,0,730
333635.498357,380159.496976,0,402
333683.265389,380300.115614,0,260
333718.698294,380328.156747,0,688
333667.766623,380159.201567,0,730
333568.119155,380212.167932,0,586
333778.198143,380244.723211,0,730
333711.770903,380444.606742,0,730
333725.04424,380169.493023,0,730
333718.956372,380489.858925,0,730
333643.828555,380145.569,0,133
333642.319601,380308.151731,0,730
333682.928078,380370.370969,0,561
333785.77657,380387.134262,0,730
333563.544085,380192.754748,0,730
333561.430995,380190.748606,0,123
333702.218046,380260.795675,0,660
333692.731889,380420.176574,0,253
333653.509619,380191.583178,0,621
333629.724302,380193.856448,0,730
333690.304739,380229.017898,0,508
333616.822811,380310.561848,0,518
333632.330679,380320.880981,0,730
333538.888066,380143.958716,0,626
333712.91809,380216.605865,0,730
333562.840409,380155.66721,0,730
333644.184483,380235.981634,0,730
333661.045023,380252.383678,0,652
333818.262574,380286.04136,0,730
333713.128544,380404.996592,0,730
333688.622093,380141.418562,0,730
333775.534257,380426.720967,0,673
333703.759094,380223.166344,0,730
333614.128572,380283.368497,0,533
333669.201674,380307.327069,0,623
333846.961475,380332.988983,0,121
333768.357571,380458.692619,0,730
333617.479858,380203.022386,0,14
333579.21898,380157.272893,0,343
333785.305203,380280.553823,0,730
333772.283051,380363.256735,0,344
333655.473159,380202.946419,0,488
333722.60815,380243.010869,0,620
333766.105843,380257.741339,0,571
333693.442314,380275.166,0,347
333712.581179,380219.548945,0,436
333755.933569,380261.506784,0,730
333746.671982,380337.172889,0,592
333820.997568,380338.848181,0,155
333608.709521,380286.537033,0,365
333834.974766,380412.916953,0,730
333759.593464,380373.700718,0,141
333621.158198,380183.629724,0,730
333746.612402,380341.13123,0,691
333711.691789,380152.183581,0,730
333771.266791,380340.190964,0,617
333690.674339,380390.199483,0,730
333737.623642,380397.23876,0,501
333677.193198,380318.774782,0,730
333649.876201,380337.545028,0,36
333757.904828,380223.776193,0,143
333838.870125,380424.545533,0,730
333749.401151,380274.98648,0,730
333665.468261,380210.744711,0,553
333565.403822,380120.443198,0,91
333665.700793,380369.524339,0,183
333653.295434,380131.317483,0,373
333566.350237,380197.361239,0,730
333574.73277,380187.438526,0,704
333758.537248,380375.52716,0,730
333572.6011,380138.444584,0,714
333547.145421,380145.401079,0,730
333783.588904,380431.380963,0,478
333797.828252,380453.724533,0,266
333725.307059,380396.005064,0,730
333681.874429,380286.481785,0,447
333716.806898,380380.554095,0,90
333599.065963,380152.450927,0,384
333644.569318,380317.206187,0,730
333673.860156,380306.872482,0,231
333826.4722,380413.172074,0,634
333733.704187,380350.50137,0,544
333694.987893,380372.461471,0,288
333673.099655,380411.346068,0,730
333758.555806,380214.731331,0,375
333730.418077,380287.312128,0,730
333598.438156,380283.124916,0,730
333723.885358,380298.897407,0,250
333777.669194,380288.035537,0,163
333777.74167,380269.473552,0,730
333644.661278,380349.797697,0,505
333625.992462,380137.153484,0,730
333752.777407,380281.506565,0,193
333824.199051,380276.744918,0,408
333650.021022,380341.475861,0,308
333747.244576,380368.454371,0,730
333605.920865,380283.805981,0,730
333673.643979,380407.78923,0,271
333848.1964,380407.282912,0,701
333726.769585,380433.585364,0,372
333629.212157,380338.124547,0,84
333691.117073,380397.194115,0,730
333588.489757,380178.548634,0,730
333613.969196,380219.82649,0,730
333580.577656,380234.295226,0,202
333628.610586,380276.175499,0,730
333605.031927,380128.606302,0,730
333567.485289,380219.801752,0,380
333667.601242,380256.923055,0,670
333861.169134,380478.013639,0,715
333761.900085,380230.863479,0,730
333565.236353,380144.309529,0,593
333735.667972,380405.844272,0,555
333765.207826,380453.27461,0,15
333628.533109,380257.148415,0,442
333602.77456,380187.800376,0,453
333743.161572,380458.887149,0,730
333741.203992,380455.528672,0,730
333677.342529,380405.48026,0,730
333544.724342,380136.435569,0,371
333697.460311,380235.309606,0,606
333618.500765,380205.482454,0,593
333676.496258,380220.720569,0,645
333670.306427,380189.966656,0,328
333712.273448,380466.219877,0,285
333578.100183,380234.895277,0,730
333604.908338,380125.393204,0,730
333631.30666,380305.126163,0,503
333603.66722,380208.998415,0,346
333609.149995,380193.862858,0,184
333622.212924,380251.943239,0,730
333825.7031,380302.704699,0,730
333714.383232,380267.397362,0,400
333667.073812,380254.430145,0,730
333679.271937,380229.734295,0,540
333619.118859,380146.960023,0,149
333776.673403,380303.200607,0,40
333765.867918,380234.141295,0,316
333819.375554,380317.687829,0,730
333828.778503,380451.793419,0,604
333837.453806,380462.965024,0,246
333611.529529,380247.629853,0,730
333736.436007,380298.587764,0,145
333627.863337,380154.832034,0,667
333654.953174,380304.193042,0,515
333689.599511,380469.159433,0,730
333788.529524,380486.384291,0,730
333627.088646,380129.396804,0,730
333645.307152,380281.02878,0,730
333609.707121,380249.790723,0,730
333705.996633,380433.609019,0,730
333587.411483,380180.30678,0,525
333714.327005,380195.944479,0,730
333798.258042,380293.368451,0,514
333842.331929,380368.672972,0,730
333731.732088,380392.751882,0,109
333751.475076,380217.724022,0,588
333768.6651,380486.297942,0,730
333704.284724,380217.66874,0,730
333784.543387,380384.191279,0,694
333783.834244,380272.946763,0,730
333776.206907,380243.828773,0,364
333793.076518,380330.533609,0,526
333805.957401,380438.38778,0,730
333790.50108,380452.387205,0,730
333635.60567,380231.137561,0,280
333737.520877,380222.275165,0,537
333781.789242,380463.998669,0,730
333828.997271,380425.007968,0,369
333712.917851,380151.751642,0,4
333707.207213,380349.428793,0,730
333851.258192,380413.352357,0,730
333813.5647,380408.554602,0,686
333657.920478,380322.450723,0,505
333625.486356,380257.781192,0,730
333712.726222,380286.63946,0,730
333863.174614,380423.398422,0,142
333611.446772,380212.010892,0,730
333622.096673,380182.935827,0,417
333614.565512,380116.018449,0,730
333764.128112,380485.051489,0,730
333616.119052,380218.447853,0,730
333838.575796,380306.541304,0,218
333765.714407,380323.58139,0,276
333781.334046,380334.803035,0,287
333795.511862,380278.440354,0,10
333676.308627,380160.390661,0,730
333719.904298,380491.031183,0,318
333770.298629,380477.379643,0,649
333715.026558,380234.02846,0,730
333553.087707,380182.318732,0,730
333679.226973,380376.10197,0,528
333750.523061,380461.017872,0,583
333584.88199,380145.190267,0,566
333837.957686,380378.862023,0,585
333678.934819,380311.027134,0,730
333832.354796,380348.439331,0,730
333730.872705,380174.62366,0,730
333849.173906,380429.941656,0,730
333744.320314,380361.764369,0,730
333530.729261,380142.42364,0,638
333782.147272,380397.763298,0,203
333856.854035,380389.919724,0,730
