327350.244443,380942.842936,0,576
327288.080653,380860.995156,0,510
327589.941467,380963.182443,0,559
327427.700662,380946.602484,0,318
327304.954857,381010.88327,0,730
327431.652975,380794.146372,0,532
327604.272425,380915.920413,0,416
327267.17572,380932.266708,0,455
327457.464689,380927.601486,0,172
327542.221562,381014.575619,0,512
327496.593578,380861.323198,0,637
327608.031313,380789.626612,0,378
327425.999793,381021.377649,0,434
327338.860672,380767.66763,0,354
327499.723193,380948.010391,0,730
327435.849975,380921.961963,0,688
327511.804166,380737.754591,0,270
327610.864136,380986.576753,0,699
327507.153104,380813.755723,0,613
327409.500241,380928.486916,0,596
327534.842341,380897.47172,0,275
327317.430506,380832.28602,0,369
327512.026381,380734.383908,0,702
327357.354134,380801.667069,0,727
327384.384162,380924.282314,0,719
327316.032058,380980.340558,0,691
327294.831491,380889.005167,0,730
327600.248027,381022.869528,0,730
327432.916622,380860.342445,0,233
327410.936464,380926.465797,0,674
327559.637491,380832.235316,0,290
327433.069248,380922.007126,0,442
327366.790864,380915.493323,0,620
327427.87723,380999.693391,0,192
327464.463138,381064.728698,0,722
327296.244444,380832.781629,0,361
327473.048977,380903.48394,0,314
327547.181109,381013.321228,0,730
327299.831467,380947.909636,0,546
327291.561058,380760.184385,0,56
327495.471866,380868.219813,0,653
327490.23746,380992.579511,0,445
327484.307061,380874.212065,0,490
327559.881498,380816.013942,0,486
327337.725382,380936.202835,0,646
327528.553932,380891.300208,0,730
327313.38427,380777.539077,0,424
327320.827288,380796.183894,0,641
327576.443805,380897.951618,0,581
327368.863084,380969.082366,0,662
327432.257591,381071.741329,0,202
327425.575884,380849.409618,0,405
327576.300715,381050.774903,0,441
327425.041894,380745.998078,0,730
327470.256231,380877.681659,0,369
327367.858708,381035.941545,0,730
327309.000631,380980.93074,0,730
327318.171892,381030.538798,0,730
327344.420209,380815.479085,0,730
327388.085597,380879.374678,0,15
327581.716721,380913.420884,0,649
327597.26092,380818.75899,0,718
327522.32401,381044.400934,0,260
327599.157462,380902.640279,0,730
327450.171561,380862.5812,0,648
327403.4659,380942.336963,0,545
327312.608979,380849.671334,0,381
327656.35151,380867.777617,0,413
327334.317087,380888.312606,0,666
327253.077342,380792.791087,0,730
327426.365643,380906.775137,0,577
327442.754319,380844.242566,0,730
327493.653027,380987.969765,0,471
327636.712436,380939.378592,0,64
327603.742315,380892.0029,0,730
327429.255738,380820.382544,0,730
327573.985082,380823.553477,0,698
327423.338728,380928.347604,0,730
327454.441899,380876.242616,0,730
327333.240902,380925.288995,0,649
327436.711459,380972.374727,0,730
327422.496841,380814.795993,0,730
327366.318367,380942.650103,0,82
327528.563256,380840.252351,0,730
327300.476328,380886.811977,0,730
327445.314762,380931.820389,0,730
327356.86341,380868.205935,0,530
327541.538766,380878.875918,0,73
327416.900222,380937.489116,0,322
327455.204812,380990.956204,0,651
327591.691307,380929.46242,0,730
327470.478981,381051.555972,0,730
327549.220467,380987.369357,0,730
327368.953977,380928.516186,0,730
327580.361329,380979.622482,0,449
327356.090978,380996.256746,0,730
327367.142969,380883.474729,0,661
327454.494404,380845.014767,0,534
327328.873351,380989.731583,0,730
327627.972737,380858.352383,0,693
327408.156913,380838.211726,0,444
327480.361899,380873.755192,0,16
327464.313052,381044.996786,0,254
327586.784494,381014.321409,0,578
327431.16209,380998.457396,0,704
327508.975259,380910.204009,0,686
327468.753268,380807.737637,0,502
327540.25454,380834.842201,0,730
327489.260175,380964.835137,0,473
327577.516984,380877.075385,0,602
327643.637055,380850.356526,0,179
327594.481815,380883.582391,0,365
327348.169367,380906.708616,0,685
327484.603054,380960.89001,0,730
327305.103612,380754.951801,0,520
327504.031339,380783.866472,0,665
327583.376687,380806.087428,0,25
327283.739067,380812.812322,0,258
327288.96634,380915.39813,0,527
327353.266869,380930.322522,0,451
327427.231435,381004.739139,0,304
327552.360825,381063.621391,0,720
327444.659094,380985.868213,0,541
327402.79555,380785.22647,0,696
327261.105492,380804.335921,0,505
327551.523402,380724.950444,0,566
327473.806703,381000.51401,0,400
327612.365569,380827.951141,0,498
327583.942568,380845.765959,0,730
327496.617537,380896.874719,0,336
327477.029036,380901.93626,0,606
327367.507357,381053.676698,0,506
327521.605819,380935.480287,0,730
327298.052569,380832.110165,0,730
327588.112725,381008.897131,0,730
327351.522384,380990.484535,0,603
327330.859894,380749.829841,0,492
327455.164817,380922.26162,0,601
327351.865582,380873.267278,0,554
327419.293769,381044.113516,0,176
327348.278442,380747.953534,0,205
327513.376447,380931.194545,0,582
327437.985015,380772.529305,0,682
327329.267456,380792.720709,0,730
327436.571191,380794.455415,0,137
327519.889677,380922.464405,0,376
327401.43918,380826.896881,0,630
327463.507823,381014.631519,0,185
327297.914404,380991.199997,0,702
327398.417382,380844.822987,0,372
327268.158795,380856.870198,0,730
327410.620051,380928.503595,0,730
327414.272761,380820.16018,0,676
327391.839428,381032.467326,0,577
327352.164047,380886.728316,0,730
327448.709525,380805.514972,0,47
327635.059727,380938.801162,0,730
327625.677031,380893.870849,0,481
327390.305159,380799.72613,0,475
327482.185995,380996.8914,0,490
327532.938959,381000.660366,0,63
327622.389008,380807.926123,0,519
327399.23533,381041.332748,0,703
327275.748314,380852.033034,0,730
327470.953592,380804.472234,0,643
327563.426925,380829.489739,0,693
327354.629031,380780.537704,0,730
327344.8577,381022.849097,0,634
327547.134061,380752.792809,0,730
327328.554933,380833.387854,0,730
327278.778453,380966.889197,0,414
327505.855379,380725.154774,0,103
327472.869189,381009.050008,0,730
327324.599782,380937.528079,0,74
327574.397566,381057.420218,0,590
327569.223551,380926.698422,0,703
327480.307414,380838.651355,0,701
327476.903342,380993.826749,0,723
327451.646758,380835.20394,0,730
327435.312424,380746.292502,0,730
327570.178147,380818.845807,0,680
327288.358664,380865.793584,0,397
327550.92847,380848.695485,0,730
327465.857243,380832.904121,0,355
327501.544208,380752.224928,0,635
327498.407645,380829.73898,0,130
327563.030225,380732.02213,0,586
327604.806455,380850.984156,0,600
327289.094954,380775.023352,0,627
327632.520228,380859.375833,0,638
327321.285102,380875.857686,0,730
327550.438268,380785.018719,0,520
327354.483235,380948.188712,0,730
327616.448728,380975.169222,0,474
327420.035171,380884.978218,0,622
327606.051514,380965.058475,0,639
327639.048162,380881.932036,0,730
327531.993511,380850.949247,0,422
327338.317241,380924.896062,0,730
327598.560341,381025.331545,0,730
327533.715064,381073.65004,0,730
327514.214444,381079.113368,0,730
327419.58061,380881.39671,0,247
327468.030317,380953.718192,0,460
327340.89134,380994.311899,0,730
327337.048959,380991.507132,0,724
327311.214501,380777.407964,0,457
327295.684202,380830.643749,0,730
327409.452788,380747.540816,0,708
327351.349985,380851.760303,0,570
327542.724954,380852.195806,0,467
327445.928066,380833.771444,0,578
327635.867087,380812.70197,0,667
327525.635169,381025.646467,0,482
327427.931042,380943.68783,0,170
327456.207945,381048.720409,0,625
327375.098847,380911.222652,0,551
327507.446789,380828.342233,0,351
327478.18417,380804.920143,0,67
327420.522682,380979.40565,0,543
327550.589899,380945.062524,0,633
327478.829764,380875.021081,0,403
327579.901984,380990.782845,0,607
327351.960984,381053.557892,0,364
327562.056767,380947.095762,0,600
327342.396765,380837.892595,0,34
327336.657416,380806.093997,0,730
327403.983572,380937.843433,0,161
327415.49444,380778.636951,0,277
327419.563992,380810.278212,0,730
327347.975644,381023.043785,0,488
327297.9215,380762.831515,0,365
327482.526188,380939.710516,0,730
327295.146027,380798.116175,0,561
327443.908949,380742.179901,0,660
327510.400868,380818.332433,0,730
327521.332598,380741.167162,0,333
327365.775984,380766.915523,0,421
327277.338478,380973.124343,0,730
327552.258029,380711.663207,0,313
327292.497223,380860.959944,0,730
327284.892126,380938.120245,0,314
327408.972768,380865.133273,0,730
327455.156309,380743.412403,0,481
327464.585031,380798.150818,0,730
327421.606371,381068.785177,0,193
327466.048742,380788.026101,0,317
327298.787075,380909.123255,0,730
327531.093766,380913.187454,0,730
327298.963416,380796.236056,0,655
327271.899623,380853.581988,0,685
327359.56347,380962.655485,0,429
327394.009579,380800.296586,0,640
327637.231805,380817.936351,0,665
327340.841732,380878.887126,0,379
327525.403552,380742.148862,0,730
327646.319746,380815.522079,0,679
327355.843277,380883.606553,0,16
327291.511794,381000.82614,0,730
327400.279757,380805.203143,0,730
327518.005557,380765.854634,0,720
327556.406816,381010.096652,0,659
327437.720213,380994.002016,0,625
327610.660938,380979.507944,0,5
327499.182398,380917.482529,0,730
327537.952438,381012.733734,0,730
327265.248883,380928.590118,0,730
327321.022396,380992.995519,0,711
327612.454097,380865.048424,0,487
327334.176546,380928.02159,0,730
327372.253884,380885.549298,0,210
327386.630443,380779.611529,0,548
327377.854558,381048.912937,0,456
327607.071422,380875.304871,0,716
327418.5493,380830.175639,0,432
327585.467849,380766.052473,0,669
327364.464071,380901.960542,0,249
327488.777109,381045.984609,0,321
327435.931506,380777.114465,0,709
327488.186726,380814.010687,0,335
327407.151291,381062.563882,0,564
327310.05059,380882.001761,0,730
327412.768793,381027.623265,0,495
327444.440036,381037.438885,0,166
327358.618759,380791.822036,0,495
327315.631621,380857.329512,0,191
327583.662015,380957.649663,0,620
327611.908705,380988.013869,0,159
327462.610187,380907.483401,0,725
327347.669377,380941.596091,0,560
327536.808418,380850.678995,0,528
327572.711825,380750.924628,0,730
327270.116473,380993.798632,0,710
327336.005252,380978.892879,0,138
327433.029473,380786.106838,0,69
327431.781669,381057.994916,0,730
327542.914874,380717.665949,0,730
327290.575378,380802.389514,0,203
327579.265051,381049.277076,0,156
327355.799945,380928.720844,0,436
327581.708909,380821.144342,0,670
327392.825354,380750.134617,0,19
327483.202628,380976.991774,0,667
327390.657448,380825.557652,0,730
327253.646466,380850.457648,0,545
327428.066042,380778.031364,0,486
327478.96929,381067.885653,0,347
327517.216452,380729.465263,0,224
327445.901743,381030.790984,0,356
327602.165031,380778.503265,0,556
327315.394046,380942.877817,0,718
327499.636738,381010.005745,0,393
327426.947183,380811.825003,0,632
327479.490131,380915.92071,0,442
327305.453644,380821.653798,0,682
327319.14103,380895.734033,0,730
327555.848409,380917.661305,0,349
327551.716351,380979.93108,0,516
327449.238922,380737.045028,0,544
327338.520226,380843.950292,0,705
327467.49725,380816.334492,0,730
327550.135066,380782.079349,0,92
327358.71001,380788.559028,0,650
327602.661852,380888.082333,0,58
327266.245028,380872.119118,0,586
327478.298204,380976.895503,0,624
327447.49906,380765.853755,0,716
327405.947981,381020.504172,0,357
327605.5502,381031.504875,0,63
327501.58846,380961.890362,0,334
327258.847877,380937.966455,0,118
327449.260177,381070.07726,0,730
327340.832974,380917.549395,0,674
327433.242347,380797.872175,0,730
327420.905352,380878.123534,0,730
327325.645365,380895.646218,0,730
327359.103629,380922.36051,0,26
327638.456647,380862.864376,0,730
327454.301804,380761.863417,0,296
327476.821923,380983.646696,0,473
327477.18836,380888.965057,0,657
327590.377135,380945.550901,0,485
327308.225682,380871.667696,0,24
327337.118638,381024.285601,0,459
327409.342059,380875.797364,0,642
327370.325709,381028.532455,0,581
327482.111232,380800.205588,0,730
327422.328166,380752.622955,0,611
327348.143076,381020.147791,0,241
327441.81741,380961.459502,0,730
327581.018398,380958.364736,0,319
327512.69856,380727.54165,0,406
327272.005132,380789.725195,0,679
327489.131894,380919.392152,0,160
327534.285406,380792.084405,0,730
327633.671627,380948.425546,0,730
327318.240422,380844.557443,0,437
327412.538405,380990.969474,0,730
327585.662195,380837.465752,0,713
327442.898936,380910.994016,0,730
327404.067753,380795.466356,0,730
327555.705406,380951.998772,0,580
327433.739094,380909.634231,0,423
327322.545727,381039.091884,0,463
327433.388397,381051.808227,0,8
327352.510344,380919.644875,0,524
327443.972782,380957.92926,0,730
327253.631559,380919.230979,0,730
327590.562353,380891.176022,0,570
327339.173185,380987.817235,0,730
327551.614105,380994.268686,0,574
327293.517179,380965.609253,0,472
327267.671399,380946.304348,0,492
327523.003477,381010.431889,0,724
327376.576406,380961.19023,0,430
327521.406964,380826.46846,0,396
327333.468142,381013.224169,0,647
327531.902294,380752.046268,0,730
327512.172698,380978.243182,0,730
327272.676313,380835.708863,0,730
327361.783767,380842.397791,0,730
327516.281643,381050.054771,0,730
327285.029345,380993.240567,0,220
327338.195034,380932.611825,0,553
327520.730649,380719.21434,0,426
327576.004356,381059.822783,0,81
327451.197214,380813.076555,0,150
327540.244245,380949.614762,0,730
327442.128926,380950.947886,0,730
327597.59853,380840.201245,0,697
327387.986749,380819.75316,0,133
327310.746072,380748.714281,0,730
327484.639335,380975.302038,0,626
327610.594805,380953.241688,0,372
327531.043204,380985.210991,0,616
327561.994139,380798.648067,0,730
327445.111734,380752.616455,0,709
327240.258817,380919.413229,0,695
327462.959522,380733.844366,0,584
327572.185729,380872.223198,0,721
327494.854656,380935.167927,0,730
327455.988912,381037.110199,0,219
327391.208567,380819.551143,0,730
327293.717773,380788.649474,0,730
327596.231844,380882.55105,0,417
327440.747813,380810.148467,0,616
327464.030524,381067.022571,0,642
327612.873131,381030.85407,0,730
327399.94515,380773.5806,0,730
327313.726003,380749.704104,0,730
327279.062208,380920.406605,0,531
327557.974168,380833.595027,0,40
327436.454285,380871.765283,0,337
327531.223826,380808.308141,0,508
327385.649513,380934.066647,0,512
327446.946746,380932.901833,0,730
327354.965358,380846.47467,0,730
327391.549826,381030.153492,0,730
327437.580257,380893.355628,0,454
327261.05982,380981.673513,0,730
327516.117083,380789.783715,0,542
327629.4434,380858.660113,0,672
327610.606301,380896.340261,0,555
327273.95245,380979.592315,0,730
327547.91418,380734.923641,0,671
327444.82113,380893.258438,0,730
327626.178493,380913.290871,0,209
327319.007849,380873.325258,0,540
327582.696091,380841.613277,0,190
327548.871124,381067.283106,0,730
327460.562059,380796.212488,0,364
327467.710214,380859.856983,0,445
327535.955781,380812.738087,0,154
327360.039416,380991.717986,0,730
327256.636929,380857.373553,0,338
327260.073065,380936.964285,0,598
327567.822098,380964.997085,0,680
327316.316257,380983.013936,0,394
327521.135135,380808.036206,0,730
327509.276549,380937.395202,0,604
327556.170216,380906.295396,0,338
327453.530531,380907.732496,0,325
327386.683531,380948.388529,0,475
327351.565992,380844.065167,0,409
327560.376817,380802.509839,0,661
327316.114763,381008.582249,0,346
327296.599685,380883.92817,0,730
327357.106215,380744.31101,0,730
327294.636055,380986.904863,0,215
327395.554644,381065.221491,0,651
327321.331531,380816.483639,0,340
327594.606122,380746.740164,0,730
327366.442116,380945.341564,0,730
327439.785118,380914.158709,0,730
327424.519755,380976.305208,0,541
327519.126458,380956.140126,0,517
327352.036814,380842.82677,0,608
327615.754451,380790.573845,0,489
327554.499548,380948.991283,0,292
327569.743702,380738.475941,0,694
327522.256943,380734.33281,0,446
327477.989858,380756.095961,0,519
327569.657242,380733.743379,0,615
327346.735268,380925.236213,0,31
327601.594275,380905.054361,0,730
327406.309581,380898.09359,0,730
327391.110469,380847.276721,0,523
327507.148962,380820.918298,0,622
327427.3278,381022.988622,0,730
327472.828152,381011.293139,0,252
327584.190421,380943.209031,0,184
327625.322342,380934.788228,0,225
327462.447837,380757.307371,0,675
327494.937407,380883.31842,0,730
327501.831714,381041.951117,0,730
327524.035284,380743.644646,0,398
327236.517378,380819.653888,0,668
327460.848024,380882.365112,0,730
327564.294966,380843.577334,0,645
327325.754429,380791.27866,0,273
327581.10865,380758.714021,0,280
327322.094199,380990.223582,0,730
327455.355818,380910.613417,0,730
327619.560536,380970.373019,0,363
327619.972485,380889.919462,0,305
327389.022146,380839.210255,0,238
327444.79952,381068.127311,0,399
327417.772758,380854.056511,0,666
327524.856215,380985.641584,0,730
327516.021132,380953.897562,0,177
327374.473915,380973.727115,0,631
327459.718409,380898.346537,0,6
327466.175077,380759.526924,0,700
327416.63103,380903.204999,0,18
327463.499808,381075.283162,0,194
327589.515655,380801.95522,0,325
327489.54053,380956.945805,0,437
327557.76366,381050.132603,0,343
327574.211016,381050.771703,0,315
327492.053419,381029.744015,0,730
327579.146826,380879.129077,0,392
327529.760739,380792.424363,0,730
327449.256467,380803.861281,0,730
327245.701132,380853.31421,0,730
327578.815749,380882.436777,0,462
327575.516043,381009.249701,0,730
327561.075171,380736.941738,0,730
327357.180192,380866.963491,0,459
327356.017444,380982.60351,0,730
327438.942365,380863.961106,0,730
327598.344979,380860.646346,0,730
327582.193041,380801.623548,0,730
327350.401728,380990.314976,0,347
327348.999665,380943.260508,0,497
327533.792,380776.461161,0,303
327646.770149,380864.065445,0,631
327494.60221,380862.128194,0,7
327599.485382,380853.767704,0,286
327442.578403,381017.879584,0,730
327582.464696,380963.989248,0,299
327428.825222,380856.928524,0,654
327369.220391,381005.009463,0,730
327496.767851,381028.9236,0,663
327495.354435,381054.457954,0,730
327265.483233,380994.171775,0,730
327593.705494,380854.491045,0,730
327523.593104,380802.068656,0,257
327433.150274,380923.641742,0,730
327473.965992,380973.216073,0,73
327497.776608,381015.517225,0,447
327429.127452,380918.737411,0,187
327362.367357,380944.488875,0,379
327524.59968,381048.427204,0,730
327362.306375,380848.846168,0,730
327430.838184,380956.030775,0,435
327382.64835,380766.129154,0,730
327282.696518,380936.315857,0,213
327391.020735,380956.653128,0,730
327472.955561,381027.562251,0,530
327499.40157,381064.620556,0,84
327333.994301,380831.356764,0,730
327493.560685,380756.253055,0,730
327339.999222,380997.790023,0,160
327455.583973,380988.274468,0,730
327507.437325,380924.679312,0,730
327555.623358,381018.55243,0,560
327362.286857,380829.396756,0,629
327335.942885,380967.908653,0,730
327565.588993,380755.847513,0,472
327552.513272,380775.061733,0,111
327375.549824,380830.005546,0,730
327335.734555,380959.88395,0,27
327307.039626,380749.552901,0,97
327641.342001,380806.63703,0,602
327360.726033,380788.402581,0,730
327461.825868,380888.084137,0,629
327443.608261,380837.055798,0,730
327486.235913,381043.619753,0,71
327428.133486,380973.51171,0,552
327540.243941,380823.938801,0,730
327520.460821,380966.049234,0,309
327614.83739,380777.232642,0,647
327315.43069,380818.247099,0,730
327560.928868,381014.840762,0,605
327530.583602,380887.387889,0,673
327619.197544,380923.463242,0,730
327581.683795,380697.372094,0,126
327592.645459,381056.957842,0,451
327419.621096,381033.815643,0,730
327344.85711,380929.128178,0,493
327390.043866,380886.971858,0,633
327548.724679,380783.965704,0,730
327499.979042,381051.407609,0,375
327394.729099,381002.581888,0,272
327499.085363,381016.703085,0,730
327328.761588,381008.580321,0,730
327343.228731,380949.14716,0,618
327565.676637,381007.855323,0,524
327522.630996,380741.484586,0,246
327433.881659,381044.029664,0,730
327475.073206,381006.513633,0,420
327461.678747,380929.072797,0,730
327345.725952,380826.627457,0,162
327438.058459,380968.202765,0,180
327540.533914,380738.689105,0,728
327536.539136,380919.70574,0,55
327357.08017,381030.05207,0,697
327472.190586,380884.203145,0,707
327409.979705,380992.207523,0,715
327342.21288,380813.119258,0,730
327575.578884,380901.261514,0,730
327603.652592,381067.692487,0,589
327299.73642,380915.123889,0,603
327380.551207,381006.026927,0,730
327509.59632,380797.853607,0,531
327536.63361,380915.668951,0,655
327597.31254,381035.257861,0,730
327526.658526,381074.513062,0,529
327273.368096,381004.943872,0,354
327327.424843,380949.603399,0,714
327400.663769,380896.286796,0,509
327422.592799,381009.455565,0,302
327351.233708,381046.590393,0,595
327489.24302,380762.919944,0,730
327521.114189,380846.69744,0,730
327533.093016,380735.132123,0,456
327364.742426,380914.701612,0,730
327495.927706,380754.909513,0,291
327564.125333,380749.614323,0,730
327536.723903,380994.725458,0,23
327323.104772,380936.969323,0,730
327321.297512,380868.783383,0,102
327545.460578,380839.106169,0,730
327375.931163,381014.838523,0,730
327370.742127,381053.069652,0,714
327279.47612,380883.203876,0,268
327431.538897,381062.94996,0,212
327471.358399,380822.678769,0,392
327374.083784,380839.89069,0,391
327236.126398,380807.378641,0,730
327506.055554,380867.092026,0,222
327484.129326,380746.050591,0,614
327545.827625,380805.964374,0,730
327412.93156,380764.618553,0,217
327535.643126,380808.166354,0,588
327530.457013,381043.960906,0,730
327347.067748,380760.048543,0,516
327506.036136,380779.486034,0,594
327543.615274,381063.733163,0,660
327439.207665,380888.352957,0,730
327478.186594,380974.634666,0,88
327571.160785,380795.751958,0,705
327554.972166,380751.842042,0,669
327326.250527,380785.200293,0,681
327296.603727,381012.962446,0,730
327515.205707,380860.243858,0,301
327355.019983,380855.826549,0,377
327403.684001,380823.294653,0,83
327477.416276,380746.51566,0,730
327545.092934,381046.380942,0,713
327474.401766,380774.42194,0,725
327309.929902,380868.739968,0,730
327552.479536,381028.919785,0,597
327462.174161,380862.193266,0,589
327281.867639,380768.126583,0,730
327314.388021,380852.610385,0,82
327433.524712,380762.599502,0,730
327621.288067,380794.038193,0,664
327514.931234,381061.894966,0,730
327462.429338,380830.822891,0,730
327500.301138,381065.064547,0,706
327416.892633,380947.712765,0,458
327609.341491,380764.365697,0,247
327437.297473,380793.398702,0,412
327569.406242,380911.564919,0,710
327484.226955,380888.137067,0,216
327573.869165,380802.535919,0,450
327631.827549,380902.590179,0,255
327437.226157,381019.617404,0,237
327309.003216,380861.066071,0,127
327297.442126,380851.537457,0,284
327467.535495,380997.028537,0,341
327439.348764,380791.211426,0,370
327264.76178,380789.105868,0,610
327463.273991,380891.840658,0,587
327502.845293,380731.548265,0,368
327501.293536,380857.088595,0,208
327296.012723,380898.820349,0,607
327431.507448,380901.743497,0,549
327424.967206,381013.845722,0,546
327445.65606,381016.527116,0,328
327640.19775,380848.071673,0,302
327335.777029,380834.393864,0,428
327352.993883,380808.000466,0,419
327472.079204,380777.779977,0,677
327613.351122,380849.104473,0,730
327545.406199,380765.047811,0,730
327385.786854,380959.224467,0,441
327506.525697,380809.322856,0,167
327426.664551,380739.912396,0,730
327270.408573,380903.79436,0,484
327278.132923,380780.188661,0,509
327340.806416,380876.194136,0,671
327411.74869,380890.013074,0,580
327302.90694,380911.089914,0,730
327583.67512,380778.301647,0,285
327289.114034,381006.119187,0,730
327485.305272,380868.750414,0,535
327404.935421,380897.605279,0,39
327370.058335,380975.958436,0,496
327504.933642,380863.159526,0,730
327543.951927,380866.532152,0,619
327307.095981,380766.133017,0,375
327358.07021,380754.168064,0,557
327344.461256,381008.056527,0,471
327259.836556,380927.632985,0,443
327627.391124,380971.649257,0,567
327583.938334,381058.561836,0,730
327530.792759,380842.872178,0,435
327289.948377,381023.162707,0,385
327384.392128,380768.693508,0,692
327512.221348,381062.212093,0,593
327492.19952,380936.662641,0,730
327477.107219,380844.160928,0,217
327606.909785,380778.941557,0,350
327620.782876,380849.970217,0,42
327346.01853,380751.456524,0,721
327325.221399,380856.456176,0,78
327376.761616,380751.552586,0,730
327396.420092,380981.265328,0,583
327326.227184,380810.063284,0,726
327490.068597,380873.078796,0,704
327553.915099,380992.52851,0,730
327464.124311,380872.746843,0,329
327526.197124,380911.13738,0,76
327305.857404,380870.378915,0,93
327602.712245,381012.157862,0,675
327399.988677,380825.632939,0,730
327389.405149,380830.425958,0,565
327372.746212,381013.427236,0,462
327449.405294,380750.697268,0,311
327432.44571,380744.712868,0,652
327597.517674,380892.006545,0,614
327528.11447,380732.783078,0,726
327330.794069,381050.214808,0,394
327249.026299,380928.774476,0,730
327560.43031,380831.103414,0,505
327567.637408,381049.486251,0,582
327576.061502,381021.815629,0,730
327252.165555,380869.097226,0,692
327597.015334,380788.980161,0,730
327612.659425,381007.121891,0,717
327585.222563,381018.718607,0,730
327492.169439,381001.484025,0,358
327470.120867,381074.409155,0,166
327335.736887,380932.691717,0,559
327489.078207,380867.350687,0,730
327471.77658,380957.287929,0,4
327617.292323,380797.804874,0,352
327620.435134,380865.304906,0,298
327430.965061,380815.236331,0,599
327383.803748,380895.576739,0,259
327412.006621,381003.283022,0,502
327304.720841,380817.020606,0,591
327421.450282,380993.32389,0,497
327581.874672,380723.705568,0,730
327344.144542,381041.483426,0,708
327517.33141,380972.731475,0,252
327402.262497,381008.180436,0,397
327369.247412,380753.742509,0,730
327430.225238,381021.568343,0,648
327579.599912,380866.806788,0,221
327584.125368,381040.62009,0,300
327531.373609,381004.335025,0,730
327570.71201,380971.312512,0,569
327414.114313,380828.853886,0,730
327541.013706,380844.27357,0,730
327503.558513,380802.153132,0,574
327451.416033,381062.393408,0,41
327473.173826,381020.995891,0,438
327346.279315,380922.979938,0,730
327597.655814,381062.096054,0,687
327611.711916,380775.252682,0,232
327371.831509,381043.405407,0,730
327545.569461,380914.140771,0,730
327630.660958,380801.242982,0,730
327476.649312,380860.328459,0,730
327433.012479,380914.76999,0,612
327488.967875,380796.574939,0,335
327302.99446,380992.493602,0,663
327624.275896,380894.020901,0,730
327258.135541,380858.755635,0,698
327581.511058,380970.408276,0,730
327489.555306,381074.515234,0,105
327409.035976,380841.805479,0,730
327596.594598,380766.628041,0,730
327499.126672,380892.346859,0,328
327332.234821,380954.947868,0,730
327614.197193,380920.862876,0,286
327465.518472,380951.508351,0,730
327289.844994,381019.266953,0,730
327629.510406,380814.325066,0,504
327364.636552,380850.422451,0,730
327302.136532,381007.556035,0,389
327593.522783,380808.878806,0,356
327621.665267,380812.742805,0,730
327526.121311,380919.975637,0,538
327464.70629,380839.882091,0,429
327325.644643,380950.666679,0,706
327548.947409,380707.858845,0,544
327308.679107,380808.137184,0,730
327333.296392,380885.533205,0,688
327567.106483,380844.790782,0,659
327416.466301,380882.400559,0,730
327468.004868,380955.063354,0,521
327357.848602,380825.923222,0,149
327416.05108,381035.996449,0,483
327582.666464,380948.162592,0,677
327443.365272,380847.426209,0,684
327447.406003,380926.520365,0,383
327503.544434,380769.681618,0,730
327417.068062,381076.294492,0,425
327412.838004,380755.024528,0,637
327611.655546,380989.008861,0,342
327553.140099,380977.996386,0,730
327342.40497,381008.143077,0,730
327413.343089,380846.611004,0,382
327332.026168,380801.575541,0,640
327436.219276,380902.561797,0,730
327365.600169,380946.150703,0,1
327531.439004,380823.423935,0,359
327526.469989,380735.309154,0,723
327618.611006,380999.932964,0,123
327257.200846,380937.926177,0,604
327593.600488,380856.070923,0,730
327264.84785,380840.442346,0,730
327329.258638,380798.974737,0,730
327602.101595,381071.049868,0,719
327459.265764,381075.337916,0,411
327638.518249,380812.060063,0,534
327291.807438,380974.988245,0,730
327487.421432,380750.455798,0,549
327570.148875,380946.609784,0,683
327290.607008,380975.798835,0,730
327403.94073,380835.795331,0,355
327504.594692,380787.809981,0,730
327358.686961,380863.444535,0,730
327442.963915,380986.671206,0,418
327390.830013,380914.196222,0,601
327376.909424,380756.884392,0,730
327555.558343,380903.403496,0,266
327525.117844,380863.298283,0,295
327387.50671,380921.623419,0,730
327340.272391,380922.076343,0,730
327517.972167,381043.293262,0,597
327633.626462,380851.150101,0,668
327396.009861,380988.088301,0,536
327500.538119,380835.587159,0,564
327402.403507,380894.949915,0,292
327456.451199,380757.352127,0,730
327405.534755,381031.31345,0,606
327473.400852,380974.942283,0,730
327558.262276,380742.754812,0,730
327602.906473,380998.34861,0,183
327337.984357,380955.268006,0,393
327410.30675,380833.506166,0,477
327625.712276,380892.476828,0,453
327545.362364,380954.102527,0,43
327401.414724,380908.85774,0,730
327325.891595,380870.746807,0,248
327288.610044,380836.522629,0,351
327276.31735,380861.072645,0,175
327586.171969,380741.363259,0,510
327570.794404,380933.163286,0,42
327574.388791,380712.972602,0,204
327463.668528,381007.501181,0,517
327530.317168,380938.963362,0,295
327366.162847,380907.247156,0,424
327372.705619,380748.705133,0,361
327281.98058,380783.111585,0,717
327291.934179,380909.840574,0,98
327251.220737,380923.640296,0,211
327529.265214,380747.310138,0,40
327405.861414,380937.763185,0,730
327398.105802,380778.6906,0,653
327310.953948,380802.696031,0,645
327461.744366,380829.857227,0,730
327375.313527,381063.493737,0,410
327591.622363,380885.030969,0,730
327454.838357,380905.419657,0,730
327561.319673,380991.747687,0,206
327554.197733,380871.804175,0,537
327247.284474,380836.580881,0,730
327401.404625,381048.965408,0,690
327618.495302,380984.115426,0,536
327541.233017,380722.458025,0,403
327546.131193,381074.415048,0,695
327625.909102,380955.944656,0,730
327491.46046,380944.634263,0,207
327342.876418,381051.896353,0,730
327574.983755,380772.403954,0,730
327486.975759,380803.734987,0,132
327274.678176,380806.104175,0,553
327610.172882,380859.721772,0,730
327464.798185,381038.961886,0,461
327288.615473,380979.017019,0,476
327399.001115,381024.415203,0,687
327265.984679,380789.871828,0,730
327556.84128,380922.202691,0,684
327636.608512,380919.966323,0,730
327343.658787,380858.291493,0,575
327300.05334,380946.327587,0,730
327282.777975,381001.337026,0,230
327399.283959,380819.07764,0,13
327493.357998,380743.654685,0,288
327423.758459,380810.074043,0,515
327344.896027,381011.234073,0,415
327525.831729,380912.336552,0,205
327418.286093,380966.15424,0,664
327324.532506,380987.443782,0,527
327382.561629,380852.831582,0,306
327574.550156,380952.179241,0,412
327427.345647,381049.596142,0,114
327358.499441,381018.117183,0,730
327397.369757,380974.531348,0,691
327341.115136,380775.922169,0,523
327521.301233,380922.851142,0,730
327341.798893,380815.587172,0,730
327384.779448,380917.408965,0,408
327285.924357,380827.729079,0,573
327442.087383,381070.573396,0,573
327651.66704,380867.93692,0,730
327343.467357,380837.257077,0,730
327560.674041,380928.287923,0,611
327527.680076,380947.113421,0,618
327312.328802,381026.283901,0,404
327571.441447,380803.377765,0,264
327484.838796,381074.098976,0,595
327257.831335,380978.301712,0,730
327286.000115,380994.12403,0,730
327517.428796,380808.006976,0,730
327605.688832,380933.165366,0,571
327537.628248,380934.175541,0,730
327407.77253,380798.327927,0,297
327507.447501,380826.38471,0,730
327549.457217,381025.855536,0,729
327635.336539,380819.413402,0,460
327469.192045,380925.285967,0,371
327444.982518,380738.062707,0,409
327524.836207,380997.154405,0,279
327537.702661,380953.923817,0,730
327464.882761,381064.959475,0,730
327545.683095,380738.935981,0,569
327516.98831,380913.990857,0,136
327517.847003,380802.388698,0,231
327575.640767,381047.521597,0,468
327567.932152,380965.036177,0,168
327330.853502,380785.21131,0,621
327566.186847,380986.99899,0,558
327571.120909,380824.527762,0,576
327464.093661,380894.234993,0,730
327625.399141,380971.370008,0,730
327630.179802,380936.93004,0,590
327291.308084,380992.634913,0,360
327538.280545,381052.887666,0,131
327471.4327,380921.904145,0,627
327390.867157,380921.523328,0,673
327485.074173,380856.543716,0,64
327572.337201,380848.319678,0,36
327419.41576,380785.785231,0,730
327501.083293,380901.042002,0,730
327429.093984,380810.518415,0,279
327330.642529,380833.360902,0,552
327482.022735,380997.828486,0,730
327501.404467,381035.53188,0,636
327417.564533,381029.019907,0,551
327459.431319,381035.151682,0,235
327555.705772,380766.319167,0,624
327382.852549,380878.92822,0,337
327332.211549,380869.63851,0,436
327296.915184,380828.007135,0,730
327537.207729,380941.721336,0,681
327283.20175,380952.342525,0,563
327610.071295,380963.326546,0,427
327261.163757,380944.601368,0,686
327253.243071,380815.729392,0,729
327387.084156,380847.618429,0,36
327472.031324,381077.936924,0,584
327543.5353,380972.809297,0,730
327301.552544,380843.549001,0,730
327411.044393,381044.89886,0,730
327448.402801,380858.460122,0,474
327529.757721,380865.872073,0,730
327541.8071,380972.618802,0,515
327244.958035,380897.622205,0,362
327614.276314,381020.580555,0,378
327583.941712,380714.657665,0,730
327327.172736,381002.198563,0,730
327530.753482,380789.679682,0,117
327464.810836,380962.380313,0,730
327454.032129,380814.110306,0,366
327386.086834,380980.892165,0,103
327584.663228,381078.256233,0,730
327561.787047,380947.783315,0,385
327285.611037,380832.040866,0,730
327644.034248,380884.410649,0,395
327515.522188,380951.426131,0,730
327478.605141,380847.874117,0,730
327453.122914,381023.725372,0,391
327334.591802,380852.319825,0,186
327360.371747,381022.442601,0,384
327562.266342,380879.802884,0,730
327501.053141,380861.077352,0,727
327324.438092,380814.379098,0,404
327346.829153,380978.835565,0,448
327412.528662,380855.228506,0,672
327469.390984,380798.576934,0,522
327307.770484,380972.912397,0,535
327511.624538,380852.556107,0,550
327550.773463,380952.225313,0,499
327519.826198,380947.509538,0,730
327591.174566,381023.264595,0,37
327541.338383,380959.216057,0,550
327310.921603,380944.182223,0,730
327486.505606,381034.773139,0,650
327537.426432,381031.288701,0,262
327377.412428,380954.585339,0,1
327319.039135,380753.227525,0,487
327426.184256,380771.60721,0,730
327590.18953,381043.590592,0,287
327297.948169,380833.51956,0,730
327300.463894,380822.584115,0,555
327390.929444,380754.84371,0,730
327285.583011,380950.079138,0,470
327391.867094,380914.370145,0,176
327446.398718,381026.787545,0,547
327432.73467,380785.036124,0,455
327494.738758,381037.866694,0,730
327466.540779,380775.748834,0,730
327426.368695,380887.449179,0,529
327401.487439,381039.100413,0,214
327247.84452,380897.59769,0,229
327623.824217,380866.221748,0,641
327516.40045,380976.12469,0,344
327366.480177,380943.898855,0,730
327443.662589,381035.674471,0,398
327538.708807,380851.91983,0,678
327285.795019,380961.211341,0,565
327526.041983,380951.501007,0,656
327520.013078,381025.529238,0,644
327517.67898,380893.951157,0,298
327537.813964,381012.837977,0,583
327601.169184,380756.655155,0,453
327518.310008,380823.869541,0,87
327555.930264,380849.330922,0,730
327401.002126,380937.156655,0,634
327370.360478,380774.396059,0,592
327635.25244,380942.164258,0,195
327475.03403,380950.22509,0,203
327412.617826,380896.548705,0,503
327591.452001,380876.043746,0,730
327277.422661,380873.8237,0,466
327460.884726,380883.590921,0,690
327449.502839,381026.513498,0,309
327460.935534,380977.845583,0,108
327403.167961,380762.026107,0,730
327494.947465,380934.655425,0,730
327358.930624,381031.653917,0,730
327286.876107,380948.159719,0,730
327622.578213,380838.822957,0,730
327283.267761,380791.017395,0,730
327440.323185,380931.284986,0,513
327242.799457,380945.502875,0,189
327298.501382,381005.754784,0,730
327546.370479,380913.412033,0,619
327556.48997,380725.092577,0,467
327574.122663,381017.510627,0,730
327281.800333,380959.298917,0,464
327419.763592,380978.333769,0,730
327611.291893,381005.924242,0,623
327580.479773,380898.877447,0,623
327428.012259,381041.564616,0,243
327407.710242,380966.900337,0,171
327491.656171,380983.18962,0,730
327284.116387,380857.12078,0,678
327567.524096,380724.994228,0,707
327277.227355,380975.834426,0,349
327466.165669,380777.78527,0,359
327494.698298,380952.450612,0,129
327606.029523,380854.651549,0,711
327530.533499,381033.654563,0,730
327376.053699,380749.533906,0,422
327576.056344,380786.508058,0,366
327399.463429,381010.624608,0,52
327593.465764,381067.392651,0,466
327530.683005,380748.637941,0,630
327469.101567,380907.268283,0,683
327387.177298,380991.859237,0,730
327555.317991,380995.311876,0,636
327609.512207,380798.462864,0,261
327642.382962,380812.226155,0,164
327543.004815,381064.270987,0,730
327309.287578,380904.41804,0,562
327472.378802,380903.979583,0,730
327480.169838,381025.085336,0,318
327386.724381,380808.839535,0,635
327296.478435,380839.06174,0,433
327249.892785,380837.258041,0,730
327339.596979,380928.161525,0,730
327628.725214,380855.417238,0,656
327343.872846,380972.233572,0,562
327346.436772,380871.917125,0,730
327432.076276,381007.099188,0,712
327507.137222,380879.480189,0,452
327552.06674,380894.367908,0,346
327437.865505,380798.852969,0,730
327374.427893,380756.359191,0,730
327578.08592,380760.421601,0,438
327403.575689,380900.208694,0,297
327377.513995,380950.091621,0,730
327445.490174,380879.814536,0,465
327407.486064,380818.876534,0,628
327352.372406,381011.089567,0,639
327507.195445,380991.779714,0,689
327339.969043,380993.893337,0,91
327282.872711,380900.430832,0,261
327624.307874,380811.924173,0,171
327315.651296,381004.25816,0,644
327621.105724,380865.639956,0,730
327496.60271,380980.089895,0,613
327557.023421,380717.937446,0,554
327460.069089,380831.705637,0,499
327260.259327,380948.55674,0,730
327499.809094,380742.381974,0,533
327586.726972,380973.760475,0,233
