331551.009868,384106.546405,0,730
331533.783809,383969.304318,0,722
331562.887221,384023.308241,0,730
331595.789249,384194.820626,0,75
331503.262886,384158.561787,0,608
331409.67976,384028.231981,0,730
331550.050361,383983.796992,0,730
331587.782995,384147.520398,0,334
331478.373527,384019.911774,0,556
331564.178825,384149.348215,0,478
331581.080612,384148.512426,0,368
331546.992997,384229.495138,0,177
331571.679823,384136.083622,0,730
331590.815225,384278.962454,0,328
331523.093054,384189.84692,0,730
331624.620836,384247.51268,0,730
331595.214771,384265.569923,0,730
331489.281589,384007.506515,0,730
331425.247307,384042.166928,0,730
331429.31268,383999.84333,0,730
331552.026303,384272.986767,0,730
331542.041072,384281.470385,0,304
331601.662228,384075.709791,0,730
331567.261742,384253.755334,0,730
331460.437455,384133.035815,0,584
331480.096574,384154.356282,0,730
331530.703594,383994.376948,0,3
331537.765035,384037.435451,0,730
331643.596757,384112.705962,0,730
331508.300579,384184.840908,0,730
331572.885336,384195.296756,0,730
331696.41133,384162.896868,0,537
331723.160345,384151.100248,0,425
331519.033546,384158.068322,0,513
331453.170192,384039.953302,0,20
331646.513856,384168.686889,0,730
331621.791844,384153.13827,0,554
331725.261469,384165.350264,0,503
331544.986966,384061.856852,0,730
331707.829599,384091.505984,0,468
331488.598977,384076.331764,0,439
331620.354099,384249.885221,0,730
331692.104238,384204.628049,0,142
331584.84379,384034.024884,0,139
331520.304028,384043.385825,0,705
331624.117523,384137.231003,0,336
331607.690755,384080.779286,0,730
331544.215735,384085.684532,0,730
331532.123407,384192.661937,0,730
331420.023277,384046.586938,0,730
331712.244409,384132.570559,0,730
331663.646356,384081.698536,0,730
331413.334859,384021.698427,0,730
331600.2285,384282.403607,0,445
331563.016369,384034.094414,0,454
331548.336989,384231.801255,0,730
331628.050684,384148.34843,0,730
331549.43539,384085.033109,0,730
331623.268388,384142.713425,0,730
331537.441734,384133.589783,0,730
331641.946951,384185.609786,0,730
331713.540404,384181.144977,0,564
331503.909424,384141.634605,0,290
331601.257602,384179.81512,0,730
331603.274215,384137.49274,0,730
331525.791453,384144.345047,0,542
331538.907166,384175.821741,0,38
331670.871597,384059.112203,0,559
331658.396809,384071.59179,0,525
331705.597139,384115.875977,0,730
331529.445089,384304.780112,0,244
331535.897295,383968.861646,0,730
331732.344709,384151.009914,0,730
331649.691374,384115.299396,0,730
331493.117252,384035.947065,0,606
331603.951953,384188.013954,0,690
331482.136237,383947.104847,0,730
331578.24352,384253.03966,0,145
331472.319809,383962.241802,0,730
331429.317278,384060.355283,0,637
331565.433359,384083.479906,0,730
331720.101678,384122.354589,0,506
331519.10062,384039.559886,0,730
331505.968811,384139.696735,0,143
331492.075012,383957.21525,0,730
331505.59929,383985.508848,0,412
331558.465316,384109.460576,0,725
331592.56853,384017.826721,0,730
331656.337263,384154.511101,0,730
331521.234053,384124.014008,0,393
331542.61367,383970.649226,0,730
331464.739497,384063.419206,0,89
331481.347169,383959.365932,0,730
331542.014032,384029.024503,0,730
331525.138073,384016.575477,0,479
331672.059771,384107.527597,0,730
331622.503589,384152.466967,0,730
331698.046493,384155.50997,0,730
331564.503666,384341.801501,0,730
331577.165636,384224.306633,0,427
331615.170173,384253.971299,0,730
331551.901756,384002.888479,0,730
331695.416161,384160.717324,0,514
331519.733682,384149.844327,0,730
331662.995584,384179.00857,0,730
331603.756169,384235.830449,0,730
331459.925074,384022.345129,0,730
331624.368341,384222.046049,0,708
331532.50592,384107.872287,0,444
331669.36143,384077.89235,0,541
331525.694918,384136.933627,0,730
331639.284717,384261.672506,0,730
331610.49306,384191.089345,0,556
331586.8089,384045.569033,0,730
331495.240011,383947.959343,0,730
331449.516725,384073.264404,0,320
331582.357483,384146.25115,0,369
331651.927111,384055.427972,0,730
331491.164011,383951.269523,0,730
331518.227959,384161.149122,0,730
331447.503033,384133.966817,0,730
331569.753541,383994.656791,0,730
331610.706883,384299.282551,0,638
331645.433338,384111.973021,0,730
331647.921112,384136.369594,0,730
331521.288912,384190.23182,0,730
331602.392032,384205.71962,0,730
331602.724571,384262.733545,0,302
331592.558706,384069.32984,0,730
331484.192303,384108.483203,0,730
331650.226655,384238.922371,0,730
331683.062637,384096.462711,0,652
331612.901981,384134.506112,0,150
331605.148255,384122.853948,0,730
331501.188691,384088.77996,0,730
331550.762264,384122.743148,0,730
331538.45997,383997.38346,0,67
331568.274624,384129.957553,0,627
331493.181083,384034.136223,0,250
331715.500971,384133.525508,0,304
331536.182527,383963.434097,0,542
331470.251247,384102.960871,0,312
331472.340691,384023.624425,0,730
331517.298298,384156.008995,0,730
331407.842791,384055.037008,0,55
331629.526986,384248.339158,0,730
331587.536375,384287.58588,0,730
331515.312206,384081.745621,0,730
331501.464633,383971.357804,0,730
331499.052153,384116.126636,0,730
331683.064639,384102.897162,0,609
331640.340396,384074.360317,0,730
331563.743881,384136.173465,0,730
331489.230348,384169.852411,0,435
331691.417161,384178.28832,0,730
331489.958192,384030.866812,0,730
331625.612602,384230.784501,0,730
331581.688534,384242.923738,0,730
331554.244983,384104.319008,0,730
331492.739466,384055.178886,0,730
331629.183932,384109.31274,0,730
331658.200703,384238.159136,0,285
331415.316544,384050.842496,0,730
331480.085202,384124.131956,0,730
331537.477054,384300.377954,0,149
331671.517345,384206.68268,0,730
331728.790946,384136.683695,0,730
331657.729203,384149.250099,0,367
331687.506741,384108.908855,0,278
331676.768743,384165.99753,0,730
331664.155341,384100.375821,0,730
331743.551328,384136.927862,0,635
331457.819391,384011.451883,0,730
331510.72133,384031.108746,0,129
331504.432598,384117.132325,0,730
331620.638676,384140.132258,0,730
331637.063903,384142.109456,0,730
331547.876371,384213.232342,0,730
331466.237523,384010.370214,0,730
331565.668,384076.951805,0,730
331404.482834,384055.789841,0,730
331674.714535,384193.326738,0,603
331584.980232,384227.113121,0,558
331494.489565,383982.177101,0,730
331527.822059,384052.90684,0,438
331571.09359,384041.291198,0,730
331516.457373,384193.788477,0,258
331585.785313,384191.056836,0,730
331513.681749,384018.2258,0,730
331488.297504,383963.68796,0,730
331533.768853,383958.103624,0,640
331725.585683,384102.190876,0,730
331522.263803,384264.060706,0,730
331538.373819,384126.338044,0,716
331505.374251,384103.309389,0,730
331634.802843,384228.163881,0,439
331652.365993,384162.302923,0,730
331590.029384,384300.696629,0,729
331512.002426,384150.382333,0,730
331552.01422,384021.351541,0,149
331635.528456,384043.341451,0,730
331529.479396,384262.194596,0,28
331449.150475,384133.508713,0,730
331611.548602,384290.142553,0,19
331730.951138,384159.193159,0,551
331620.553744,384197.717899,0,730
331515.411501,383968.651679,0,157
331531.575367,384110.40917,0,487
331450.908346,384020.012249,0,730
331574.173519,384165.160925,0,377
331583.90949,384096.525911,0,730
331470.157835,383976.340133,0,730
331526.712416,383975.214825,0,546
331623.690674,384248.012961,0,730
331467.502066,384085.064594,0,213
331617.63488,384154.928684,0,730
331575.191557,384013.869385,0,593
331549.944976,384316.992769,0,730
331713.817814,384175.592657,0,421
331693.180797,384145.002111,0,45
331416.964302,384047.197241,0,500
331569.210367,384067.900857,0,730
331425.680482,384005.213718,0,60
331426.616515,384073.29517,0,230
331724.477533,384122.561439,0,730
331633.829656,384220.568438,0,730
331614.164075,384216.875934,0,730
331426.449637,384003.351094,0,730
331427.430292,383994.92666,0,713
331507.535649,384128.102075,0,730
331659.937932,384174.71501,0,730
331678.522586,384104.609599,0,730
331586.320739,384054.172672,0,730
331494.330924,383975.951945,0,166
331670.215974,384229.536883,0,25
331554.413725,384134.556417,0,694
331554.372321,384145.73559,0,121
331470.8484,383961.684461,0,147
331479.006154,383995.803254,0,72
331616.041622,384270.123219,0,730
331672.674018,384190.917758,0,730
331498.229591,383930.432534,0,119
331574.10593,384077.707076,0,730
331662.769269,384216.129476,0,446
331550.446133,384052.537051,0,643
331724.440029,384115.797455,0,607
331603.658767,384289.474693,0,730
331535.888717,384126.525336,0,470
331619.663871,384056.909721,0,389
331537.355516,383958.495027,0,514
331644.158161,384082.248615,0,730
331592.328357,384005.619035,0,39
331538.896506,383994.908569,0,730
331575.563727,384269.520343,0,730
331559.329006,384328.61489,0,730
331566.352697,384334.284714,0,730
331515.752565,384082.285619,0,730
331622.411737,384203.320186,0,15
331493.269625,384081.72259,0,730
331619.633309,384228.47455,0,695
331634.905593,384190.333967,0,332
331602.98951,384317.42324,0,730
331460.015167,384003.10689,0,730
331588.239812,384095.850515,0,335
331514.05284,384042.486204,0,730
331642.930065,384217.019475,0,319
331697.2965,384164.943076,0,730
331585.848383,384337.11232,0,730
331646.839534,384218.302575,0,396
331563.239692,384300.256069,0,730
331602.730058,384089.43675,0,730
331570.586729,384256.623719,0,232
331530.48244,384234.813639,0,364
331573.579808,384042.27567,0,730
331652.018907,384178.43266,0,655
331572.158787,384311.321843,0,616
331552.450978,384158.373756,0,730
331496.852019,384277.601693,0,457
331534.527455,384305.090489,0,608
331596.442083,384001.215853,0,730
331517.808969,384080.651623,0,730
331546.51719,384090.643762,0,730
331472.327661,384129.673357,0,478
331564.684557,384274.640814,0,730
331665.689995,384064.218901,0,730
331560.476971,384037.452253,0,730
331430.318344,384073.23764,0,730
331577.115055,384129.175982,0,329
331547.792889,384161.685221,0,730
331548.752071,383996.836044,0,154
331500.860278,383951.925961,0,443
331671.730118,384079.727343,0,730
331477.465584,383985.722459,0,576
331666.417352,384116.073914,0,449
331646.82766,384096.222773,0,561
331476.22286,384120.978763,0,460
331570.720589,384319.706492,0,730
331546.918153,384194.0607,0,730
331475.66656,384037.371654,0,730
331675.246532,384146.197725,0,730
331638.866177,384106.27168,0,635
331592.011662,384207.346751,0,354
331615.958663,384090.711403,0,372
331430.010301,384003.144488,0,730
331637.290751,384195.994907,0,730
331573.283427,384224.957127,0,532
331757.37763,384135.888064,0,409
331522.040248,384036.458789,0,730
331684.261836,384109.045504,0,632
331453.503297,383979.180441,0,229
331511.843162,384050.633059,0,730
331518.111198,384252.000714,0,550
331622.662104,384170.424911,0,730
331648.507953,384068.460093,0,730
331482.744154,384116.409013,0,730
331541.863728,384018.482959,0,730
331541.876402,384099.152262,0,730
331597.720097,384250.93076,0,625
331605.610055,384122.491756,0,730
331687.672764,384200.225264,0,730
331514.852982,384107.748591,0,730
331439.037309,384045.592172,0,730
331624.461302,384073.656051,0,247
331720.786006,384161.69336,0,562
331567.608984,383998.560975,0,294
331573.328326,384102.720924,0,730
331496.850734,384077.388038,0,434
331655.901894,384080.320693,0,730
331669.055827,384066.89385,0,730
331579.086389,384051.565061,0,109
331645.610956,384237.719877,0,586
331730.236023,384158.384513,0,707
331676.014932,384146.294039,0,730
331544.846682,384197.748893,0,730
331555.869083,384235.419257,0,730
331625.347054,384063.735003,0,33
331656.360087,384044.588365,0,730
331448.044537,383986.884636,0,730
331610.631677,384152.777951,0,730
331636.038679,384187.90505,0,730
331499.911965,384269.998897,0,252
331520.308113,384111.79869,0,730
331654.895319,384179.565754,0,674
331404.38456,384017.998054,0,152
331421.703299,384047.025034,0,265
331563.983888,384322.569509,0,679
331591.085267,384185.447753,0,730
331727.958449,384125.717089,0,730
331612.757207,384170.290829,0,180
331592.754902,384206.93415,0,617
331536.945048,384307.43135,0,696
331496.517431,384091.114911,0,730
331604.118261,384106.258105,0,123
331736.711668,384149.050968,0,552
331424.470274,384042.772462,0,634
331578.431288,384181.00543,0,730
331736.862873,384162.482601,0,528
331510.089543,384068.221392,0,730
331622.476679,384263.678791,0,499
331510.454176,384067.582584,0,279
331538.598657,384274.58452,0,730
331478.316182,384038.297155,0,610
331620.68986,384058.060518,0,730
331717.318984,384151.059847,0,581
331586.46326,384099.610786,0,151
331576.670334,384039.021534,0,730
331563.366914,384321.296986,0,219
331659.87143,384081.607375,0,74
331546.108762,384276.394158,0,730
331418.247238,384004.839015,0,544
331431.588017,384030.160342,0,535
331624.90125,384278.066778,0,730
331467.527071,383982.989728,0,730
331463.953206,384077.309635,0,47
331474.177525,384059.602951,0,730
331570.396971,384329.918901,0,321
331559.333874,384134.740298,0,402
331614.754799,384123.482873,0,580
331636.850175,384033.770509,0,730
331574.029394,384102.236919,0,691
331555.1962,384298.471878,0,417
331614.303462,384052.151596,0,665
331639.109493,384194.967122,0,312
331612.552811,384219.935935,0,730
331484.447053,383953.181361,0,730
331557.693017,384012.989635,0,267
331465.147699,384062.95102,0,276
331474.599683,383987.90305,0,236
331432.164145,384037.594995,0,238
331564.741097,384034.045247,0,730
331522.764929,384163.366514,0,97
331498.749783,384073.949285,0,730
331677.839732,384109.958945,0,730
331559.952489,383987.603436,0,385
331489.815317,384125.38169,0,730
331587.846662,384060.823374,0,730
331476.869442,384066.692775,0,717
331486.465175,384013.313152,0,664
331519.918256,384069.906332,0,209
331674.117254,384212.776478,0,631
331562.38295,384149.681183,0,730
331682.823214,384210.461288,0,730
331534.926599,384232.026155,0,730
331557.26197,384011.537545,0,730
331693.781015,384073.802102,0,592
331520.946518,384247.513718,0,730
331466.976162,384089.302004,0,362
331574.870071,384004.522272,0,601
331473.885766,384023.70235,0,125
331735.607986,384146.43051,0,92
331573.138603,384008.175609,0,701
331532.797014,384142.296145,0,551
331639.471057,384167.305944,0,8
331462.65923,384096.100973,0,407
331719.320457,384128.193474,0,197
331480.799169,384043.404551,0,174
331707.360281,384154.344232,0,730
331553.91807,384322.336275,0,730
331681.953637,384138.722553,0,730
331559.826537,384332.980581,0,730
331602.623886,384240.316038,0,366
331582.6568,384172.502856,0,730
331620.792496,384118.646697,0,730
331591.891684,384221.416578,0,639
331611.406126,384151.594185,0,730
331563.949008,384034.048296,0,730
331509.335956,384165.212007,0,730
331585.553539,384013.176127,0,730
331677.374956,384093.608096,0,730
331671.793569,384151.107498,0,398
331442.416121,384054.470125,0,347
331577.097159,384109.747849,0,730
331589.483367,384261.529575,0,730
331658.503465,384128.667096,0,591
331435.018149,384080.913277,0,730
331608.394441,384015.632948,0,395
331708.774356,384098.63026,0,653
331634.084425,384102.672056,0,730
331493.867173,384065.630115,0,730
331577.14927,384179.479329,0,538
331624.753159,384134.18961,0,408
331531.916095,384309.88189,0,665
331532.373555,384005.228065,0,507
331490.312094,384072.255805,0,730
331448.815935,384036.491335,0,385
331608.84381,384125.990704,0,146
331571.794769,384339.83169,0,242
331617.40841,384200.212758,0,730
331575.870542,384169.605374,0,730
331644.723775,384213.156843,0,479
331637.566561,384247.804965,0,730
331558.343186,384107.093243,0,426
331665.264855,384227.426346,0,730
331696.781016,384194.14744,0,497
331622.599379,384084.56857,0,730
331448.102325,384052.661302,0,730
331566.483761,384258.47301,0,625
331631.847631,384080.058381,0,474
331513.330783,383970.277678,0,730
331512.358674,384081.239676,0,184
331576.040228,384238.094422,0,416
331562.97998,384022.640695,0,70
331741.866932,384151.48162,0,730
331588.456921,384179.053091,0,112
331634.601244,384042.639398,0,730
331638.063899,384129.795757,0,127
331702.610508,384145.590248,0,730
331519.153003,384053.517474,0,296
331625.173416,384086.748877,0,730
331685.074318,384154.9953,0,730
331582.788526,384335.168771,0,730
331614.766435,384096.455471,0,730
331486.319088,384159.302621,0,375
331572.618142,384117.923603,0,730
331520.440842,384022.363937,0,675
331563.020346,384253.151141,0,730
331518.080587,383965.695069,0,730
331584.647501,384338.90045,0,397
331588.467427,384021.724628,0,141
331563.117045,384127.627748,0,730
331546.872725,384294.431381,0,220
331526.973668,384294.650902,0,462
331611.930709,384067.945052,0,604
331455.178184,384017.668827,0,730
331618.099685,384126.480095,0,533
331641.134046,384147.120822,0,730
331624.311592,384037.847579,0,527
331534.377033,384122.434569,0,730
331505.199982,384085.155992,0,263
331724.018457,384112.626435,0,730
331482.795952,384123.08802,0,624
331568.644845,384106.333655,0,730
331602.836098,384117.274109,0,598
331521.535576,384075.010007,0,13
331617.709946,384226.310079,0,196
331536.699437,384156.880996,0,266
331533.929649,384078.186673,0,730
331521.806386,384291.353714,0,240
331603.920523,384310.010654,0,549
331551.586635,384322.844296,0,370
331591.004695,384003.341974,0,730
331591.875323,384054.883584,0,253
331572.899853,384311.299181,0,730
331604.358167,384037.747021,0,44
331643.650242,384202.100559,0,720
331617.29094,384021.610841,0,730
331461.126364,384058.896669,0,730
331553.367445,384244.116281,0,636
331554.028714,383999.955956,0,579
331709.044715,384134.749193,0,568
331733.525334,384137.730517,0,703
331609.338695,384136.290068,0,502
331483.941696,384035.952168,0,571
331665.716169,384172.344259,0,730
331482.383801,384085.741709,0,54
331491.270305,383974.589555,0,730
331620.084584,384192.28986,0,730
331430.268829,384039.352663,0,464
331638.008011,384248.070241,0,570
331582.373369,384273.602848,0,135
331592.559009,384124.221648,0,730
331532.485848,384061.430982,0,730
331513.605131,384190.40743,0,567
331559.974912,384074.173221,0,201
331484.706583,384021.516881,0,730
331615.749831,384074.822785,0,730
331531.99402,384058.326609,0,730
331528.339582,384005.623146,0,714
331627.075974,384035.193679,0,730
331555.705375,384014.999287,0,730
331387.714484,384039.727321,0,730
331539.525676,384304.437464,0,730
331696.485918,384095.636409,0,205
331635.964339,384126.578044,0,730
331528.37343,383953.315118,0,730
331553.580267,384212.454216,0,730
331466.304209,384066.223587,0,651
331591.490984,384156.245669,0,730
331460.114775,384058.929458,0,730
331480.343043,384078.16723,0,511
331481.797556,384003.447823,0,399
331583.261868,384257.296114,0,730
331575.502409,384091.759823,0,730
331544.584932,384031.409228,0,730
331521.53695,384083.440746,0,730
331549.480394,384224.944518,0,702
331451.493731,384042.743291,0,416
331570.112086,384081.768248,0,359
331650.126759,384051.136415,0,76
331522.787933,384264.866165,0,456
331627.072678,384120.599703,0,730
331607.387375,384232.912675,0,371
331558.498661,383986.644482,0,730
331557.431602,384211.132232,0,730
331448.150035,384139.639179,0,730
331503.670245,384020.482127,0,730
331607.267287,384271.506638,0,730
331657.056553,384222.672,0,730
331653.745654,384236.483449,0,730
331518.446841,384256.14184,0,730
331576.084435,384250.230555,0,730
331528.57096,383989.473165,0,730
331531.684024,384198.456253,0,730
331484.773677,384128.714843,0,730
331509.057977,384294.808721,0,339
331483.506961,383947.925729,0,730
331400.884761,384037.777704,0,730
331627.941989,384100.768595,0,283
331407.59193,384046.243631,0,730
331478.877861,384099.621395,0,730
331513.429393,384080.016156,0,657
331528.552311,384201.195851,0,469
331582.323034,384317.170391,0,730
331708.306795,384124.279643,0,348
331665.805435,384120.890163,0,651
331611.475285,384235.599257,0,730
331481.848119,384085.307932,0,642
331478.832889,384006.081962,0,16
331543.536899,384091.59393,0,687
331565.748108,384300.593134,0,730
331526.470894,384276.781004,0,730
331615.037463,384160.058473,0,719
331747.48857,384149.679803,0,730
331570.020272,384337.095684,0,730
331499.853779,384013.571468,0,716
331576.429686,384288.125159,0,245
331658.666806,384146.947935,0,530
331649.780905,384116.31076,0,603
331672.554642,384100.209025,0,730
331558.307959,383990.041975,0,94
331734.748757,384131.599058,0,582
331479.015393,384098.563886,0,277
331624.984284,384279.394582,0,463
331656.386182,384169.731896,0,730
331611.78824,384213.711031,0,730
331586.526529,384256.706265,0,260
331482.032673,384103.589588,0,730
331502.192868,384180.264563,0,260
331459.319554,384121.000195,0,414
331684.487339,384087.791536,0,730
331438.835755,384022.096943,0,730
331661.402263,384089.732545,0,730
331689.612348,384068.685285,0,550
331500.440309,384084.789053,0,730
331572.679618,383999.833011,0,131
331608.263766,384051.80031,0,442
331420.203217,384022.482892,0,730
331609.655876,384171.040326,0,730
331616.304397,384096.304261,0,663
331463.929598,384065.123144,0,453
331538.397235,384210.936903,0,730
331535.608045,384243.725051,0,730
331662.680734,384230.129833,0,730
331524.799068,384098.846385,0,730
331543.659302,384268.898331,0,730
331492.565572,383940.884976,0,644
331650.598402,384211.052746,0,730
331652.452013,384139.732905,0,730
331650.915601,384210.781256,0,4
331621.967975,384236.309133,0,679
331679.432101,384095.882697,0,370
331691.932075,384194.804063,0,23
331441.057158,383992.821068,0,490
331668.661235,384160.509664,0,730
331489.071022,384051.503335,0,730
331608.82943,384158.248346,0,496
331630.466928,384035.845709,0,730
331703.601261,384163.099769,0,446
331490.203727,383999.003811,0,77
331508.916205,383967.722914,0,682
331481.483141,383958.874595,0,673
331475.190884,384050.570615,0,572
331649.620501,384220.699159,0,418
331500.665063,384135.995272,0,595
331558.94284,384119.819227,0,16
331514.637743,383944.591386,0,7
331596.588407,384076.484682,0,730
331549.115012,384134.080778,0,730
331708.868217,384110.309006,0,730
331686.384309,384077.03903,0,86
331560.527647,384117.68654,0,730
331721.124328,384135.489771,0,217
331573.011389,384166.257518,0,108
331566.55625,384290.997435,0,488
331591.334893,384080.4903,0,70
331397.491922,384056.852677,0,429
331505.670423,384010.348863,0,730
331572.205925,383986.81338,0,730
331624.78421,384281.761709,0,710
331557.02978,384099.013569,0,730
331583.941941,384310.259286,0,286
331660.135334,384248.754507,0,84
331430.312114,384040.803903,0,730
331639.275115,384148.631308,0,730
331516.794306,384020.377688,0,531
331629.662468,384199.037704,0,730
331553.330489,384248.37697,0,647
331516.619643,384112.409282,0,730
331656.769573,384075.075457,0,730
331465.307623,384105.822857,0,730
331643.141176,384068.703204,0,730
331575.879584,384122.315765,0,148
331624.250639,384123.195864,0,437
331517.010027,383964.164701,0,390
331572.032497,384129.522578,0,730
331515.796547,384089.791401,0,678
331525.879126,384015.314321,0,730
331588.533554,384168.162595,0,730
331619.036642,384120.857536,0,225
331552.631996,384292.03841,0,43
331690.603681,384085.837993,0,730
331544.276855,384138.348953,0,411
331539.135346,384144.352357,0,730
331441.559706,384059.349421,0,494
331616.424116,384302.23976,0,686
331382.228193,384035.313531,0,730
331701.549763,384103.513085,0,730
331600.775647,384247.947404,0,452
331523.270768,384117.779147,0,730
331520.797814,384111.079333,0,730
331548.241174,384114.738671,0,474
331693.117561,384148.349043,0,730
331573.833994,384212.56914,0,730
331536.436624,384208.160393,0,730
331504.454611,384056.932337,0,235
331574.070862,384323.732893,0,240
331593.670992,384287.806409,0,205
331600.057626,384021.300243,0,471
331613.613479,384167.671609,0,730
331661.91787,384079.440714,0,730
331479.972614,384092.530261,0,535
331719.621019,384108.201478,0,316
331716.062951,384177.939741,0,473
331561.272398,384176.022304,0,730
331576.594035,384282.879744,0,344
331707.013239,384096.675245,0,558
331456.427066,384143.908445,0,108
331539.103888,384074.182123,0,730
331574.75826,384050.471817,0,730
331733.604994,384148.081157,0,730
331576.60208,384234.182926,0,113
331574.381778,384212.945766,0,346
331654.266599,384253.402199,0,730
331560.835485,384297.998561,0,91
331608.185975,384101.152116,0,638
331516.741212,384274.277089,0,730
331570.114007,384301.904685,0,348
331600.348176,384149.131399,0,730
331500.596857,384134.05918,0,730
331723.052443,384157.030899,0,179
331554.200063,384299.87063,0,698
331544.354398,384124.70351,0,68
331557.570661,384041.800474,0,156
331528.444129,384265.249732,0,730
331587.214288,384015.316195,0,709
331603.985238,384208.528785,0,114
331617.806683,384042.183388,0,345
331537.18134,384148.011925,0,730
331602.39381,384283.559724,0,387
331515.550158,383993.724888,0,730
331687.390709,384085.838809,0,596
331616.398462,384226.592276,0,730
331563.735565,384342.280609,0,466
331445.271798,384059.20135,0,470
331545.61088,384176.256764,0,730
331621.945015,384229.142212,0,443
331598.479873,384158.362746,0,98
331468.155894,384078.862178,0,394
331639.641728,384087.596953,0,263
331578.638177,384332.036074,0,730
331567.866924,384031.89436,0,730
331591.884634,384010.297423,0,730
331470.881221,383979.876452,0,253
331684.271813,384075.905106,0,489
331561.067803,384269.435884,0,81
331632.913608,384247.804863,0,167
331462.88905,384075.542807,0,555
331514.609121,384060.739243,0,730
331691.768371,384126.016159,0,730
331516.36783,384027.051692,0,723
331506.759703,384173.182668,0,730
331408.847994,384017.107755,0,730
331574.691841,384006.509722,0,654
331483.084418,384027.896071,0,699
331613.839766,384104.466414,0,502
331596.723369,384209.850958,0,730
331608.251684,384250.860849,0,730
331667.742941,384095.150198,0,460
331607.001024,384232.7701,0,730
331646.652477,384205.405884,0,646
331574.584841,384316.157351,0,284
331516.735815,384011.668989,0,465
331583.681546,384310.729222,0,730
331511.1946,384152.911636,0,730
331592.344544,384250.830476,0,357
331438.629311,384042.860567,0,324
331751.428656,384142.024304,0,730
331649.951699,384219.93111,0,730
331578.386229,384076.849115,0,730
331645.171954,384078.61468,0,730
331559.004609,384285.211869,0,730
331678.432366,384210.5421,0,730
331551.679421,384210.750249,0,660
331507.513378,384010.233519,0,213
331623.762179,384211.109482,0,672
331504.647141,384055.179444,0,557
331564.215017,384315.857163,0,730
331599.956119,384185.040143,0,730
331566.068687,384242.931638,0,730
331642.403803,384127.203114,0,493
331523.964773,384174.541252,0,730
331543.009435,384193.126777,0,730
331585.131225,384095.896087,0,730
331514.120245,384254.389043,0,265
331586.254087,384291.649464,0,730
331672.481728,384227.051081,0,178
331564.245267,383988.604424,0,216
331673.178195,384229.58632,0,442
331542.823424,384007.426449,0,154
331511.839303,384096.620756,0,730
331461.279713,384028.687302,0,102
331702.903993,384107.309879,0,730
331537.931703,384190.223798,0,730
331436.727568,384030.366441,0,600
331676.932762,384158.1746,0,730
331591.428628,384313.93943,0,730
331550.326893,384265.269552,0,580
331585.276404,384002.988167,0,730
331571.712134,384005.528706,0,730
331667.122745,384175.314331,0,191
331458.922486,384093.120149,0,730
331583.993213,384180.370436,0,730
331737.496008,384153.17207,0,51
331595.704628,384065.896678,0,730
331517.446825,384079.883364,0,660
331462.440228,384125.640326,0,493
331538.976173,383973.438439,0,313
331668.474714,384100.908763,0,176
331541.255916,384182.37952,0,590
331709.097492,384146.736618,0,730
331457.888092,384064.300398,0,250
331588.195065,384274.212528,0,47
331627.157232,384170.4337,0,730
331521.909966,384164.01007,0,730
331467.384431,384051.549265,0,730
331704.897438,384136.64701,0,132
331655.922069,384101.782338,0,730
331581.902222,384224.289777,0,612
331646.915481,384113.128765,0,175
331414.532428,384050.185623,0,717
331617.565422,384258.200069,0,730
331555.898567,384129.873533,0,730
331630.812743,384109.343067,0,730
331536.684263,384281.064183,0,87
331623.113238,384269.361405,0,730
331435.497869,384038.866543,0,709
331552.40352,384148.043461,0,730
331734.581067,384141.864661,0,504
331519.639517,383993.642047,0,702
331705.700087,384131.515592,0,730
331652.073327,384228.081159,0,730
331627.935225,384080.960285,0,730
331646.473071,384186.439495,0,730
331518.209812,384097.077454,0,509
331548.825962,384124.945477,0,730
331661.674346,384092.811586,0,382
331587.016352,384248.739059,0,730
331690.364035,384210.703528,0,730
331607.007839,384252.761779,0,730
331634.281922,384045.696752,0,730
331513.300778,384149.829919,0,374
331581.514088,384109.575815,0,730
331551.716918,384037.624883,0,730
331609.793137,384216.729118,0,730
331551.016262,384186.904823,0,585
331511.841915,383948.842796,0,730
331521.139187,384283.940625,0,700
331491.23963,384166.971307,0,437
331578.714015,383990.187224,0,730
331580.541026,384077.212254,0,682
331646.778695,384256.857726,0,730
331713.19076,384142.862453,0,640
331556.091429,384076.801052,0,450
331640.102818,384065.338602,0,695
331623.079847,384125.549875,0,116
331417.938925,384036.910074,0,730
331597.059667,384225.496226,0,730
331689.348495,384069.063194,0,730
331661.968705,384131.354361,0,730
331510.36131,383951.963433,0,367
331502.39972,383981.085925,0,539
331600.160484,384142.441291,0,351
331505.885299,384112.481872,0,730
331405.254276,384049.72851,0,643
331539.875708,384125.738615,0,730
331391.236469,384055.502137,0,730
331469.954184,384145.947895,0,191
331530.790743,384236.845466,0,142
331609.219282,384192.203448,0,269
331567.420739,384038.190785,0,636
331455.179566,384078.4143,0,318
331408.426918,384053.408946,0,730
331661.969412,384121.253151,0,730
331652.083268,384257.294518,0,730
331718.739781,384123.716294,0,328
331638.523566,384104.254784,0,508
331536.434124,384252.896639,0,82
331459.720293,384059.003051,0,730
331502.437023,383944.756521,0,730
331642.614972,384110.941183,0,494
331714.632578,384121.948065,0,122
331649.588593,384204.376995,0,373
331587.633336,384249.882689,0,730
331640.862542,384035.658681,0,325
331553.694701,383996.792404,0,730
331673.653096,384141.558353,0,712
331541.367876,383963.121777,0,523
331482.108398,383998.18426,0,307
331719.577517,384134.105842,0,730
331570.85874,384310.387573,0,520
331709.716625,384151.20378,0,521
331594.224538,384148.612789,0,715
331710.255794,384137.109245,0,730
331547.539289,384034.645226,0,730
331626.951021,384194.398008,0,730
331598.070733,384216.464145,0,730
331559.135987,384225.037758,0,317
331487.523782,384019.825144,0,730
331601.223211,384210.144553,0,349
331663.444413,384171.610287,0,730
331551.297558,384226.36728,0,730
331593.531165,384260.002259,0,705
331545.697682,384020.253121,0,730
331466.9843,384134.816683,0,730
331550.460376,384007.436685,0,730
331501.090233,384176.58708,0,243
331530.375998,384075.42565,0,411
331550.179374,384189.265672,0,464
331414.135431,384019.813034,0,440
331565.572886,384167.12573,0,730
331494.130574,383945.260592,0,582
331720.430676,384117.040145,0,730
331471.834189,384055.205561,0,730
331553.2046,384317.113695,0,730
331594.406281,384182.32529,0,693
331470.502935,384069.68704,0,730
331476.407405,384063.016186,0,432
331514.884144,384048.833352,0,730
331652.6903,384099.682163,0,713
331521.368622,384038.293826,0,730
331563.055258,384152.37649,0,343
331498.042585,383998.664505,0,730
331510.962165,384161.773842,0,730
331603.795254,384150.202347,0,6
331459.073559,384071.281349,0,465
331667.812636,384060.626703,0,590
331635.009736,384095.05591,0,569
331538.326588,383973.25619,0,645
331546.398173,384097.466977,0,652
331521.671066,384019.424713,0,689
331454.983745,384029.550201,0,241
331471.998143,384141.655771,0,650
331741.083148,384148.517568,0,77
331578.812969,384338.350851,0,730
331567.607022,384298.846702,0,594
331685.835695,384167.231612,0,730
331466.286114,383977.353541,0,185
331568.701924,384260.272088,0,730
331513.917672,383945.169298,0,730
331595.613022,384007.792978,0,730
331677.431985,384154.308614,0,730
331473.585115,384102.313182,0,376
331491.118082,384029.152295,0,601
331484.734751,384101.31615,0,523
331492.235225,383999.887957,0,730
331425.764529,384031.513396,0,658
331555.558877,384212.856383,0,258
331479.88252,384113.305439,0,730
331579.500515,384085.78474,0,730
331536.910997,384180.771842,0,730
331536.025364,384037.060639,0,400
331691.971544,384136.315098,0,730
331535.151454,384126.173216,0,730
331421.333046,384035.438741,0,114
331710.612942,384147.73375,0,730
331616.283259,384066.099391,0,730
331449.265565,383999.810018,0,730
331520.052248,384047.363337,0,104
331486.999716,384112.896718,0,109
331460.506093,384042.824288,0,353
331680.511079,384164.919058,0,730
331732.325806,384138.512345,0,730
331422.110369,383995.588185,0,730
331623.680023,384131.334994,0,730
331488.356946,384147.740228,0,690
331590.578243,384078.248854,0,730
331539.629994,384252.188062,0,730
331434.647983,384049.030279,0,730
331547.5081,384106.766895,0,107
331571.231308,383985.261014,0,696
331697.314567,384097.598428,0,71
331634.250898,384052.545074,0,730
331435.247301,384007.344805,0,615
331682.602456,384097.388117,0,730
331713.071775,384117.052768,0,557
331508.718111,384272.559823,0,730
331637.444626,384196.477549,0,730
331507.425121,384091.52926,0,730
331491.56493,384088.627796,0,730
331563.935289,384024.784474,0,730
331444.161546,384046.1208,0,730
331594.76846,384248.222263,0,594
331549.680948,384225.648093,0,730
331507.218981,383972.934918,0,427
331494.28593,384067.269965,0,730
331627.043809,384090.728577,0,52
331541.391466,384051.98932,0,730
331601.786496,384243.385237,0,730
331566.677263,384223.544016,0,730
331610.999977,384191.35899,0,730
331563.382813,384150.418584,0,133
331626.594264,384280.335257,0,730
331706.582481,384110.729638,0,730
331585.415446,384121.033217,0,730
331644.231328,384255.559844,0,730
331612.503346,384210.918255,0,577
331640.592939,384150.000184,0,430
331487.013227,384008.09673,0,730
331628.816331,384280.75568,0,563
331693.019749,384170.702148,0,691
331607.360805,384247.741749,0,730
331524.957427,384176.512226,0,206
331473.468316,384047.312579,0,730
331598.175183,384023.462049,0,730
331610.63625,384014.473127,0,730
331531.452213,384112.148107,0,730
331519.249999,383952.744082,0,730
331535.792386,384111.555222,0,136
331693.734198,384102.591987,0,621
331647.771707,384153.202761,0,566
331678.013804,384175.452433,0,208
331538.467755,384124.862115,0,187
331591.721844,384198.944044,0,730
331509.81986,384123.574549,0,198
331615.076373,384292.097217,0,730
331528.651408,384260.848031,0,680
331535.738223,384107.017451,0,178
331701.332548,384088.016712,0,730
331637.566838,384225.765384,0,730
331432.849648,384037.080634,0,500
331572.694771,384325.16763,0,662
331625.37531,384243.579067,0,571
331600.350699,384015.203272,0,51
331571.829117,384082.075489,0,614
331645.655316,384170.199993,0,730
331702.859667,384084.864107,0,730
331425.85666,384067.592836,0,476
331604.825797,384161.937858,0,715
331683.18001,384104.650913,0,269
331561.048959,384114.795893,0,730
331602.986939,384248.259432,0,677
331684.235671,384084.712869,0,730
331548.045878,384081.327261,0,730
331638.880473,384249.452814,0,724
331681.817501,384092.566682,0,730
331547.158239,384010.362914,0,105
331586.850019,384009.022219,0,515
331518.232272,383947.977479,0,631
331573.9465,384047.018425,0,29
331559.379212,384010.788369,0,289
331618.061277,384293.257511,0,730
331560.883099,384293.197807,0,719
331620.005996,384130.326951,0,491
331543.410478,384162.867166,0,730
331532.119585,384190.505963,0,730
331485.911652,383957.970791,0,730
331509.212131,384275.711428,0,730
331641.105372,384060.971359,0,646
331571.008795,384095.814775,0,455
331466.86442,384137.320214,0,503
331548.315709,384121.152583,0,730
331511.498403,384185.533232,0,526
331497.901158,384043.493265,0,693
331675.882079,384166.817164,0,683
331552.528338,384074.948057,0,308
331646.260397,384096.065786,0,18
331501.611669,384285.504373,0,477
331546.281997,384147.570456,0,730
331558.546974,384257.893053,0,282
331552.40676,384140.652059,0,583
331558.493805,384076.376055,0,730
331590.579728,384274.294676,0,730
331568.496676,384022.958074,0,730
331590.659128,384010.661488,0,281
331474.687254,384057.575779,0,730
331693.682631,384184.473153,0,336
331516.517643,383960.644306,0,386
331607.756187,384226.60785,0,718
331458.753492,383977.931213,0,363
331528.930535,384057.352634,0,730
331419.110451,384010.560228,0,730
331522.514791,384181.116164,0,730
331546.978475,384315.515992,0,228
331489.872697,384075.293352,0,475
331543.363946,384249.021593,0,730
331570.875667,384186.551009,0,327
331528.554595,384311.194812,0,279
331482.795496,384161.70833,0,564
331552.052909,384195.5731,0,730
331462.089702,383973.574349,0,730
331584.027973,384276.001756,0,730
331565.249352,384248.999717,0,730
331616.509095,384115.770784,0,380
331679.877512,384065.951592,0,730
331486.375869,384066.089111,0,730
331608.2471,384174.189249,0,730
331410.904151,384026.870309,0,730
331484.558535,384065.522035,0,730
331526.70468,384255.929918,0,486
331630.240651,384137.022958,0,730
331567.573013,384019.613019,0,39
331599.513454,384312.639297,0,248
331699.99468,384083.403746,0,152
331559.863341,384337.535006,0,730
331562.795936,384224.893432,0,730
331457.57804,383984.804523,0,419
331710.433567,384126.985621,0,730
331555.940111,384109.002765,0,730
331513.437087,384069.588961,0,730
331740.713163,384132.183914,0,237
331579.888767,384024.821086,0,730
331552.515655,383969.409251,0,548
331583.718437,384138.873032,0,447
331496.83459,384075.796377,0,730
331540.160117,384104.782669,0,649
331677.847686,384102.453745,0,472
331467.825318,384066.736607,0,730
331612.904949,384119.607774,0,730
331515.888377,383991.012949,0,68
331560.216987,384250.684566,0,379
331643.326615,384147.073917,0,170
331479.052957,384093.839676,0,611
331591.911083,384123.27784,0,481
331634.894384,384253.88275,0,393
331596.086037,384115.726075,0,519
331629.869957,384164.861536,0,730
331622.559381,384132.096561,0,730
331652.066743,384167.546834,0,730
331658.223272,384053.941101,0,730
331471.86189,384158.771302,0,730
331591.113343,384043.318666,0,611
331644.891245,384111.392324,0,730
331425.669539,384073.217295,0,730
331638.471952,384139.363988,0,59
331667.663448,384130.586812,0,418
331482.400015,383976.215041,0,138
331575.459719,384085.794705,0,730
331687.82529,384103.445145,0,626
331682.807878,384130.431133,0,730
331711.660528,384148.262557,0,730
331550.709213,384279.209458,0,246
331603.34554,384292.225681,0,730
331434.929194,384043.033473,0,287
331442.797638,384079.469153,0,168
331617.487592,384128.788773,0,730
331584.619183,384063.647958,0,448
331498.184979,384128.47412,0,233
331412.379782,384050.962243,0,730
331582.37346,384006.968706,0,614
331388.364444,384048.72192,0,399
331566.044694,384190.30751,0,392
331521.242214,384282.409986,0,730
331549.943616,384037.157654,0,303
331647.151483,384041.00607,0,438
331502.687838,384116.642464,0,111
331563.202479,384199.238473,0,730
331567.123864,384322.028228,0,730
331605.82168,384155.413718,0,599
331569.978503,384193.44411,0,730
331522.281845,384263.473529,0,388
331536.787114,383970.916209,0,485
331535.69856,384017.059173,0,467
331645.264817,384036.110663,0,730
331637.256308,384227.130826,0,730
331488.599169,384160.602557,0,483
331576.599432,384130.037037,0,392
331662.413096,384183.585279,0,139
331431.617054,384076.039717,0,730
331620.907022,384043.34552,0,309
331620.868799,384282.220101,0,293
331630.042968,384115.095807,0,730
331490.148456,384019.997617,0,372
331587.204493,384003.085234,0,164
331566.2598,384016.973065,0,730
331507.442148,384034.298544,0,730
331566.009197,384277.767846,0,730
331480.280882,383953.621879,0,730
331589.190476,384216.147982,0,730
331700.302928,384098.027376,0,730
331527.775105,384134.781374,0,517
331575.183773,383991.571076,0,730
331570.255783,384343.993147,0,410
331578.21816,384307.605927,0,482
331393.499193,384051.559559,0,720
331645.922505,384069.016201,0,708
331566.103705,384296.563668,0,671
331520.234871,384289.928408,0,730
331547.125276,384080.325599,0,730
331636.984727,384033.891201,0,730
331568.393152,384002.555627,0,547
331465.98421,384033.340798,0,730
331618.551395,384271.161013,0,330
331572.311192,384007.179384,0,605
331655.538027,384246.375115,0,420
331521.850709,384146.252926,0,485
331459.703912,384051.696542,0,730
331448.218025,384007.330697,0,730
331565.445693,384309.992429,0,730
331639.651051,384235.462719,0,730
331708.057168,384108.719438,0,24
331489.087088,384082.282604,0,730
331539.260086,384272.952349,0,730
331526.850856,384270.497364,0,706
331683.189924,384194.238895,0,730
331577.291565,384094.0496,0,657
331391.880988,384025.939711,0,581
331530.704841,384031.065255,0,730
331643.242838,384104.768928,0,697
331609.613979,384175.402706,0,112
331615.772315,384085.661914,0,730
331563.153775,383996.041731,0,730
331488.68165,384025.464182,0,730
331481.306337,384106.708768,0,376
331614.523906,384235.514723,0,730
331419.022084,384070.540915,0,216
331629.136918,384058.034564,0,697
331650.044727,384204.799639,0,487
331700.630394,384167.991204,0,656
331497.425433,384064.175273,0,730
331614.885495,384110.837353,0,552
331558.030579,384005.65652,0,589
331472.768254,383963.61982,0,730
331543.9607,384141.997184,0,623
331533.981068,384093.974023,0,730
331584.344341,384152.71982,0,730
331573.834495,384253.295944,0,415
331565.027829,384184.242916,0,230
331578.65879,384266.669885,0,727
331622.167451,384087.919081,0,730
331477.244885,384001.334485,0,378
331650.126368,384042.515074,0,730
331553.434549,384084.104105,0,341
331585.319104,384298.013252,0,560
331710.824627,384172.068338,0,730
331621.830223,384040.980917,0,457
331520.417339,383954.490764,0,730
331630.406797,384231.285723,0,519
331514.436027,384193.984388,0,730
331540.23748,384078.037834,0,730
331621.937326,384053.152418,0,334
331517.360577,384166.062896,0,730
331514.517171,384027.098089,0,730
331617.055029,384231.109521,0,548
331596.698434,384264.512355,0,730
331667.946577,384108.038334,0,466
331658.712539,384250.486201,0,184
331505.368524,384273.123512,0,730
331630.845306,384270.04219,0,675
331494.527719,384077.350343,0,730
331407.911861,384027.756213,0,549
331655.966651,384155.638481,0,730
331572.615232,384216.724428,0,534
331691.462011,384190.514346,0,83
331473.261698,384008.562138,0,730
331604.576449,384201.408902,0,397
331495.618766,383965.429858,0,292
331688.009838,384213.032372,0,730
331469.326777,384052.738844,0,420
331647.57345,384165.655372,0,730
331481.312184,384088.220735,0,194
331546.256756,384322.307952,0,248
331632.997219,384217.235213,0,730
331677.861605,384151.669047,0,730
331678.508101,384108.471657,0,685
331569.456222,384155.365079,0,730
331646.433537,384157.426395,0,730
331426.132976,384019.262671,0,473
331498.865884,384039.898728,0,730
331632.555033,384103.586688,0,156
331659.945146,384097.178067,0,730
331537.242558,384167.292637,0,730
331558.110216,384131.908634,0,428
331687.16969,384074.222198,0,730
331689.488627,384177.601012,0,339
331522.200799,383969.109731,0,730
331552.798591,384151.497001,0,259
331571.932914,384344.119395,0,730
331575.53423,384016.209153,0,730
331449.106232,384004.993937,0,730
331528.25102,384098.345657,0,254
331655.048545,384087.436081,0,730
331535.490315,384139.651759,0,730
331604.429905,384281.510881,0,730
331529.506626,384296.970196,0,730
331653.728108,384088.016967,0,730
331568.328136,384340.383962,0,330
331547.520736,384151.678067,0,591
331565.469867,383993.583655,0,730
331528.986838,384188.742448,0,730
331541.291864,383978.051711,0,730
331415.65446,384046.036661,0,181
331655.642668,384180.135237,0,730
331628.087276,384201.890416,0,730
331742.776275,384143.179601,0,174
331614.377584,384238.182968,0,10
331587.711497,384289.014719,0,200
331486.327507,384019.128208,0,730
331635.927374,384274.588909,0,192
331511.253424,383989.241871,0,730
331598.405228,384183.141808,0,714
331520.024932,384297.987164,0,730
331464.07067,384125.608632,0,698
331506.76943,384071.021508,0,730
331645.618293,384196.68955,0,730
331565.201633,384113.586268,0,668
331499.890308,384127.33456,0,572
331678.939718,384186.103737,0,513
331602.612064,384207.310345,0,730
331515.407602,383978.872493,0,730
331648.350208,384102.032,0,667
331420.026738,384055.993466,0,395
331439.263639,384063.478614,0,730
331546.797328,384191.20675,0,730
331532.949431,384260.965397,0,728
331505.364933,383958.047979,0,730
331560.223576,384077.566722,0,520
331441.328758,383989.442567,0,730
331611.496468,384291.326658,0,730
331457.292945,384129.082565,0,199
331533.355375,384203.226072,0,1
331672.367731,384188.494874,0,659
331605.206478,384263.234954,0,730
331467.189772,383977.210119,0,225
331648.358655,384204.905977,0,694
331598.843864,384176.098699,0,730
331703.147969,384079.89957,0,730
331622.637534,384285.392807,0,730
331455.252346,384141.922667,0,374
331460.816821,384130.175362,0,730
331516.864702,384074.283542,0,730
331540.25622,384234.941765,0,730
331609.995265,384267.349498,0,433
331495.950659,384159.951002,0,730
331440.050324,384082.938964,0,190
331677.976811,384189.403991,0,23
331669.88886,384134.824582,0,730
331667.572383,384192.266249,0,378
331449.349181,384019.605314,0,730
331677.976211,384211.59038,0,730
331426.403044,383999.673288,0,351
331521.483463,384255.274055,0,236
331535.235546,384027.314709,0,730
331481.563209,384005.902523,0,480
331532.691813,384150.818459,0,730
331470.813972,384038.961179,0,730
331546.901754,384145.399323,0,274
331495.036554,384157.708347,0,316
331441.060836,384066.508455,0,712
331523.415015,384260.957755,0,165
331534.379177,384161.459673,0,730
331570.002335,384012.860413,0,515
331538.610896,383993.146879,0,97
331570.89848,384044.205532,0,730
331598.439482,384238.656935,0,721
331579.637896,384006.895917,0,730
331714.062045,384140.661672,0,730
331593.570053,384037.436483,0,380
331550.382325,384188.566909,0,50
331630.890094,384026.155204,0,461
331647.542248,384086.519886,0,730
331571.155568,384111.586788,0,704
331677.024233,384157.951428,0,85
331550.391,384086.266903,0,730
331481.777711,383993.411556,0,207
331717.053428,384182.953064,0,5
331573.65749,384254.827445,0,117
331718.655882,384108.425872,0,730
331482.478717,384141.550998,0,730
331541.544379,384238.184706,0,730
331525.613766,384015.22047,0,633
331450.722201,384134.366286,0,333
331636.929159,384091.866538,0,730
331487.363173,384103.353564,0,617
331590.548389,384291.496615,0,730
331593.083963,384097.779006,0,730
331517.212087,384144.024388,0,605
331534.338633,384079.633489,0,498
331588.522714,384256.038901,0,305
331445.893265,384027.686855,0,730
331628.342949,384206.90734,0,730
331605.502474,384040.506241,0,175
331431.294693,384041.379445,0,730
331656.572635,384224.891495,0,730
331648.947075,384220.786703,0,730
331543.157778,384226.069655,0,730
331667.199441,384059.201065,0,730
331568.795067,384214.375622,0,52
331542.983093,384076.481026,0,659
331459.57862,384007.095998,0,730
331540.870984,384273.65414,0,674
331535.262864,384196.181678,0,137
331488.903081,384111.974517,0,730
331590.547531,384065.116993,0,639
331561.648611,384130.178005,0,402
331631.088303,384045.632317,0,521
331560.337213,384321.092863,0,215
331440.958739,384031.79294,0,340
331464.142423,384148.043092,0,730
331677.553062,384189.028744,0,730
331495.076922,384173.814674,0,730
331551.514644,384327.788328,0,730
331523.343412,384253.717183,0,516
331541.711587,384236.750282,0,179
331525.59547,383949.791801,0,730
331508.629833,384295.834393,0,730
331642.857681,384173.260575,0,730
331406.869353,384028.488988,0,730
331497.142507,384014.085267,0,301
331627.010401,384072.194424,0,730
331449.269253,384072.933005,0,189
331508.163231,384174.604494,0,637
331604.347863,384054.315391,0,730
331514.37321,384164.15113,0,730
331564.452294,384000.870304,0,314
331673.853243,384210.700984,0,323
331592.782823,384071.397478,0,394
331687.985156,384213.848649,0,730
331560.800596,384264.269156,0,125
331508.46673,383974.437285,0,730
331565.272342,384005.598751,0,622
331519.327972,384120.275095,0,730
331621.742847,384199.630378,0,730
331503.881587,384124.201457,0,297
331585.816631,384012.078462,0,730
331438.920177,384069.736711,0,730
331484.753843,383966.948196,0,730
331504.962472,384171.355835,0,305
331527.440065,384034.755627,0,730
331639.389736,384132.86521,0,634
331599.250309,384102.430893,0,458
331561.646823,384051.573885,0,730
331448.226987,384053.573709,0,730
331575.058146,384164.151902,0,730
331617.745805,384267.19241,0,711
331556.787861,384299.53579,0,730
331564.339046,383999.612123,0,730
331695.562768,384203.473681,0,730
331583.37433,384022.890912,0,730
331493.988941,383988.335728,0,730
331569.179855,384201.770212,0,484
331493.327022,384032.994148,0,730
331498.844939,384127.849382,0,730
331748.028999,384127.698335,0,701
331634.308827,384114.516679,0,730
331568.814762,384163.484841,0,730
331615.196033,384132.841177,0,730
331643.544056,384195.596297,0,711
331601.760588,384124.816021,0,575
331605.043817,384185.097314,0,224
331521.023261,384252.921787,0,730
331700.429205,384203.893197,0,723
331506.415431,384096.827392,0,536
331604.618149,384009.523786,0,588
331634.501445,384093.251529,0,730
331480.602437,384113.87055,0,730
331459.270144,384093.973735,0,730
331637.052647,384033.955219,0,730
331592.758407,384012.098938,0,730
331577.783822,384113.08532,0,730
331389.802084,384054.365491,0,730
331573.179775,384137.837744,0,730
331670.708203,384106.671221,0,730
331672.373245,384136.545654,0,730
331688.119727,384194.006619,0,730
331590.220698,384111.575608,0,730
331502.461489,384085.03649,0,413
331466.865011,384088.131662,0,100
331550.725976,384256.0445,0,128
331555.811566,384241.546018,0,524
331570.9268,384191.803394,0,456
331446.585286,384074.567371,0,730
331662.465217,384138.836589,0,730
331492.731155,384095.220823,0,730
331563.630968,384170.07972,0,730
331500.472526,384082.877503,0,730
331487.187968,384134.282377,0,96
331481.329606,384163.012343,0,301
331507.565282,383991.393786,0,730
331652.701877,384087.964983,0,730
331599.9404,384090.739279,0,730
331527.063011,384064.637459,0,730
331568.74838,384106.847015,0,506
331511.780785,384136.543785,0,730
331558.011267,384034.47615,0,401
331519.372979,384149.678658,0,730
331599.604358,384142.438194,0,553
331632.82947,384043.499029,0,730
331713.39337,384135.603691,0,730
331570.261708,384116.627999,0,730
331643.677472,384123.847399,0,565
331522.087555,384053.964318,0,730
331436.062966,384049.679711,0,727
331611.120488,384019.347727,0,588
331743.658541,384141.317554,0,277
331474.62916,384012.726281,0,730
331626.322967,384160.979716,0,567
331699.015696,384109.182756,0,268
331482.624776,384053.578277,0,730
331693.371471,384147.447077,0,730
331676.150568,384076.542538,0,431
331472.5348,384111.052669,0,730
331484.360146,384041.283562,0,609
331612.341503,384280.34846,0,730
331540.545094,384204.743804,0,700
331632.986768,384123.135065,0,621
331567.841206,384293.017588,0,730
331701.244934,384103.008799,0,730
331606.971348,384258.419993,0,270
331491.530633,383936.97665,0,730
331614.714744,384196.116869,0,600
331458.037031,384033.076914,0,512
331505.198415,384157.348164,0,147
331673.726979,384187.951587,0,730
331447.573677,384075.848187,0,138
331668.954228,384146.180417,0,730
331547.712833,384205.641095,0,688
331561.974826,384298.469312,0,730
331609.312412,384182.103539,0,730
331453.028436,384035.459188,0,730
331664.246139,384165.53132,0,666
331611.289582,384205.554478,0,613
331668.252204,384211.803007,0,390
331583.675073,384086.439335,0,522
331657.460672,384215.061131,0,730
331632.693046,384250.728206,0,730
331616.397627,384161.385173,0,262
331433.323506,384056.263767,0,656
331477.51304,384097.140435,0,730
331451.545088,384013.077356,0,192
331539.79914,384241.050443,0,730
331556.970105,384195.674065,0,194
331546.705615,384033.764112,0,66
331534.025347,383993.584918,0,103
331573.739643,384189.954547,0,730
331533.880037,383982.642999,0,545
331612.966794,384099.177862,0,685
331477.417529,384104.600743,0,281
331589.983299,384131.255374,0,273
331595.579977,384225.700823,0,730
331722.554332,384171.638333,0,730
331627.837653,384079.857738,0,730
331506.343988,384271.240542,0,475
331574.288869,384322.358909,0,676
331505.704682,384172.667766,0,730
331576.256172,384320.968546,0,730
331661.471718,384095.542736,0,607
331525.241702,383950.170603,0,415
331564.797659,383979.904086,0,730
331464.031263,384008.078585,0,484
331644.893184,384121.801995,0,255
331595.483215,384293.79749,0,187
331567.217085,384182.010457,0,730
331506.245708,384290.390328,0,295
331652.791128,384168.412205,0,95
331586.718524,384295.803166,0,126
331594.302089,384029.897213,0,510
331562.308714,384211.369709,0,730
331627.167013,384187.527142,0,730
331619.677111,384132.674844,0,429
331534.520898,384313.166864,0,684
331638.630418,384154.53577,0,726
331441.093346,384066.235277,0,195
331610.186849,384032.130971,0,730
331662.830987,384170.880699,0,730
331607.389434,384033.364987,0,589
331561.415884,384324.442848,0,730
331415.762591,384014.367162,0,730
331552.865718,384231.01475,0,730
331657.153507,384062.101169,0,730
331588.345044,384290.049578,0,610
331714.747491,384154.307255,0,252
331524.868054,384169.163518,0,141
331574.361061,384039.653245,0,730
331624.283123,384281.31697,0,730
331571.154625,384020.163732,0,160
331624.533767,384191.511112,0,459
331661.537009,384159.618432,0,228
331703.156055,384110.419382,0,730
331654.970289,384205.34227,0,730
331593.390603,384223.246552,0,171
331649.86148,384066.307685,0,730
331563.000411,384158.870748,0,323
331663.946797,384187.096986,0,730
331594.795008,384071.369147,0,90
331635.826256,384232.733631,0,730
331661.476038,384177.343568,0,676
331503.25101,384048.550928,0,254
331526.095087,383989.721583,0,730
331664.818115,384174.836669,0,730
331534.665859,384053.409149,0,730
331687.862302,384191.651912,0,730
331588.554523,384125.115504,0,730
331592.705322,384051.514,0,730
331484.831237,384047.079654,0,371
331583.679576,384282.451384,0,730
331575.42156,384010.221358,0,730
331648.570168,384177.996252,0,730
331673.625767,384142.710837,0,730
331551.386208,384170.388219,0,730
331492.908115,384102.077173,0,730
331693.775828,384143.318978,0,504
331439.521644,383990.450606,0,426
331604.021071,384084.924542,0,641
331574.834872,384202.291915,0,730
331600.724946,384228.612704,0,730
331685.443422,384220.87221,0,730
331436.221466,384038.116864,0,388
331590.808226,384017.265376,0,592
331544.587755,384278.702958,0,15
331560.0601,384027.054039,0,101
331573.454817,384125.32735,0,730
331564.609206,384291.813843,0,730
331512.570328,384171.852819,0,529
331597.455533,384065.326267,0,654
331519.289802,384077.310614,0,190
331596.317382,384298.746449,0,730
331577.567182,384138.810662,0,730
331471.064273,384025.542865,0,628
331557.520032,383998.105273,0,189
331536.360119,384102.074153,0,202
331659.881138,384220.428198,0,227
331475.15428,384021.985226,0,629
331551.701059,384237.390889,0,730
331492.499094,384111.637549,0,730
331703.559761,384199.334388,0,730
331593.849448,384247.612376,0,613
331476.254659,383957.010233,0,584
331608.297728,384143.655638,0,730
331578.324867,384118.476756,0,459
331488.132623,384040.280555,0,672
331507.808408,384099.78461,0,730
331522.626024,384151.529894,0,72
331687.353813,384139.518309,0,730
331697.473504,384169.591771,0,730
331550.641645,384110.068776,0,730
331521.068048,384198.294655,0,730
331717.424957,384105.641717,0,730
331471.332822,384112.640792,0,272
331732.919091,384137.721619,0,313
331483.552358,384033.928388,0,220
331539.161312,384122.400284,0,730
331663.537,384203.413807,0,488
331653.121061,384053.510765,0,495
331497.757679,384054.265562,0,650
331515.769882,383964.739779,0,730
331638.736244,384184.103825,0,358
331607.53656,384188.151524,0,730
331494.319365,384119.782046,0,730
331562.452315,384238.205687,0,449
331570.02606,384342.329493,0,729
331569.881017,384055.99468,0,730
331429.813227,384058.374286,0,10
331641.895528,384064.80442,0,101
331531.696705,384067.492476,0,662
331634.99852,384225.836425,0,472
331522.365623,383970.917183,0,526
331494.355166,383929.685848,0,730
331679.472442,384106.123132,0,730
331555.699404,383971.692811,0,730
331636.183496,384099.851189,0,576
331451.859814,383994.963389,0,135
331725.496789,384164.369582,0,730
331552.369367,384141.815445,0,211
331673.454709,384197.97451,0,507
331518.595998,383963.386066,0,730
331511.327609,384079.229363,0,483
331587.818461,384168.140458,0,730
331539.684427,384108.531006,0,540
331467.907837,384073.380794,0,412
331575.533223,384255.990358,0,730
331638.224332,384180.711908,0,71
331646.531974,384099.691936,0,53
331567.144454,384261.349157,0,598
331445.323168,384022.622701,0,492
331672.769652,384142.183425,0,534
331529.798874,384065.851448,0,730
331546.785736,383965.878618,0,160
331651.749443,384077.111017,0,730
331540.399236,384059.775022,0,207
331550.900996,384096.021045,0,669
331550.992645,383979.315832,0,448
331552.037447,384250.047723,0,730
331510.200529,383954.585914,0,632
331635.95741,384114.354677,0,498
331554.577183,384021.200788,0,730
331544.203088,384251.411134,0,688
331476.343737,384071.816392,0,730
331596.574462,384242.684813,0,730
331552.356631,384102.8785,0,604
331543.601191,384039.962078,0,730
331672.895509,384196.452045,0,730
331506.487517,384099.888548,0,699
331528.126497,384184.719589,0,730
331578.348001,384227.06773,0,730
331475.125464,383984.666249,0,730
331506.016482,384109.852849,0,518
331542.015334,384194.848986,0,730
331691.351708,384150.902949,0,730
331548.74758,384040.730156,0,730
331507.964898,384029.556697,0,619
331435.343407,384072.392844,0,730
331626.292891,384042.274877,0,730
331503.645078,384118.287316,0,288
331682.988297,384076.10843,0,320
331690.911945,384197.144757,0,661
331570.184944,384253.944973,0,642
331555.712982,384001.609721,0,413
331701.438863,384115.339075,0,441
331670.062205,384148.126593,0,730
331624.887482,384102.756543,0,730
331546.933099,384091.837971,0,730
331612.459735,384144.809168,0,268
331567.717005,384035.002741,0,730
331671.995353,384146.936119,0,730
331636.379288,384105.113142,0,730
331619.441483,384116.904879,0,730
331523.306516,383957.549226,0,730
331477.511001,384120.28411,0,627
331538.250677,384116.826518,0,423
331456.15644,384012.117229,0,311
331516.55285,384174.418585,0,633
331601.911493,384087.358519,0,575
331597.364575,384216.991686,0,327
331592.732729,384182.538256,0,730
331612.561886,384280.124939,0,680
331512.644201,383952.001117,0,730
331564.08823,384131.369114,0,516
331648.451698,384112.714302,0,730
331415.667685,384038.574286,0,730
331558.237975,384040.2714,0,432
331542.387939,384289.742048,0,48
331641.616934,384058.795491,0,730
331609.833331,384107.882254,0,730
331603.173408,384182.748141,0,183
331506.95199,384269.652132,0,276
331593.065461,384008.471875,0,403
331570.526019,384036.431821,0,730
331690.375095,384142.187372,0,730
331583.765051,384132.293299,0,730
331468.003546,384054.815233,0,326
331613.4445,384257.760161,0,86
331478.412643,384123.810006,0,730
331616.175726,384211.560113,0,62
331539.106057,384214.564799,0,286
331507.697075,384178.449934,0,340
331673.332912,384144.574111,0,730
331607.295483,384191.727645,0,730
331516.778323,383956.221246,0,509
331582.842779,384267.424416,0,36
331558.986111,384288.248794,0,730
331426.438922,384075.395695,0,204
331682.507311,384208.7739,0,61
331529.714857,384196.515371,0,730
331692.770153,384188.71765,0,451
331594.18013,384212.895627,0,730
331709.923482,384181.574024,0,626
331455.091604,384007.068523,0,79
331609.060628,384040.217391,0,730
331625.507319,384231.73334,0,730
331607.151524,384295.819627,0,620
331515.985439,384111.786639,0,618
331486.684756,384042.683664,0,730
331422.856217,383998.966153,0,595
331564.529897,384260.78751,0,624
331564.605977,384331.440727,0,730
331496.181295,384160.560773,0,726
331605.606644,384265.863272,0,173
331467.365747,383968.79934,0,730
331590.009923,384228.364235,0,725
331562.627548,384242.793204,0,730
331560.506749,384200.476193,0,730
331644.485869,384034.316959,0,730
331498.052021,384118.183076,0,199
331437.099263,384058.403726,0,730
331520.454764,384250.621863,0,730
331602.743747,384018.634227,0,730
331528.047744,384192.496508,0,210
331602.71211,384129.728096,0,307
331468.257451,384141.268538,0,496
331433.151849,384007.165802,0,324
331465.655811,383972.158923,0,573
331592.500896,384088.253684,0,730
331590.015099,384313.1488,0,730
331439.610749,384075.858644,0,730
331651.441507,384190.485167,0,671
331715.248363,384155.802157,0,495
331493.654196,383990.739962,0,730
331619.350001,384294.421591,0,730
331696.686284,384177.623297,0,658
331547.82792,384047.369595,0,730
331581.873199,384233.768936,0,267
331605.981168,384033.100654,0,730
331464.650563,384024.351728,0,322
331405.672183,384039.94183,0,730
331646.872412,384247.004721,0,161
331523.938794,384122.103426,0,118
331566.488901,384244.27621,0,12
331604.98723,384105.156394,0,730
331544.65112,384166.170771,0,730
331625.920109,384281.134083,0,583
331634.281348,384155.349093,0,730
331491.873483,383958.171942,0,41
331484.038954,384063.084426,0,730
331687.217991,384082.866325,0,570
331400.780297,384038.409268,0,342
331659.742836,384052.239878,0,730
331645.665322,384148.45488,0,578
331694.913333,384140.64179,0,730
331572.747834,384029.36189,0,212
331557.785862,384089.783322,0,730
331675.59133,384165.550206,0,724
331458.542991,384011.807974,0,21
331575.03758,384000.532015,0,730
331589.518665,384168.632968,0,730
331611.278568,384137.461518,0,417
331681.29538,384189.933352,0,384
331576.667109,384009.695569,0,730
331586.941857,384060.30315,0,404
331528.369114,384089.811488,0,87
331544.659474,384291.353327,0,730
331409.114458,384054.576636,0,400
331512.254362,384183.05612,0,730
331573.155053,384033.988826,0,210
331531.085449,384100.146458,0,721
331495.928834,384071.049667,0,730
331591.97373,384033.81942,0,11
331558.331479,384056.57295,0,730
331590.132695,384007.007719,0,730
331592.761464,384308.373089,0,730
331566.040011,384042.994259,0,347
331516.053951,384079.694645,0,486
331552.102459,384053.363158,0,512
331535.457935,384156.808718,0,730
331516.740721,384193.030754,0,383
331481.390325,384006.44659,0,9
331530.910704,384009.370124,0,356
331582.56174,384068.680382,0,730
331497.065466,383941.911523,0,689
331445.247414,384012.364867,0,164
331483.467679,384068.877618,0,730
331549.820546,384007.413317,0,593
331609.76858,384179.972277,0,730
331524.122579,384283.060381,0,158
331547.203686,384026.738572,0,730
331644.413092,384110.980097,0,35
331556.561377,384204.842447,0,730
331512.44766,384000.279311,0,730
331736.162293,384120.807508,0,730
331675.122577,384158.937133,0,358
331486.284043,384164.098437,0,730
331533.409676,384295.551561,0,730
331515.669486,383968.439539,0,730
331549.845687,384001.388565,0,387
331495.711414,383938.237529,0,562
331685.437967,384085.24866,0,730
331557.914287,384244.878994,0,730
331575.024488,384130.959534,0,539
331650.680109,384187.483762,0,730
331724.229168,384156.387217,0,20
331456.930695,383996.563903,0,730
331699.132989,384086.891663,0,730
331645.531664,384192.584095,0,433
331486.130133,384129.999283,0,730
331631.688983,384162.778563,0,730
331591.48557,384171.90056,0,692
331617.130404,384167.895145,0,730
331395.36012,384027.008148,0,169
331491.501898,384077.054654,0,730
331652.982557,384111.307246,0,730
331590.082947,384082.317418,0,543
331575.770936,384134.902348,0,730
331680.024579,384209.311197,0,291
331489.317299,384071.324737,0,730
331609.236785,384234.415789,0,644
331728.97996,384128.662538,0,172
331536.81373,384109.766085,0,730
331536.336009,384147.983268,0,686
331517.573537,384145.006609,0,730
331698.569521,384130.175978,0,28
331659.887922,384059.105286,0,419
331506.940581,383994.705933,0,730
331707.472644,384131.752715,0,730
331659.266103,384100.248078,0,730
331665.973378,384177.397134,0,490
331537.984984,383972.74481,0,579
331650.225322,384140.490679,0,63
331559.752203,384129.530281,0,730
331674.739438,384170.739887,0,730
331546.077178,384052.489795,0,730
331515.947636,384302.171304,0,730
331653.054273,384069.849271,0,730
331539.455136,384035.436673,0,730
331673.109577,384077.964051,0,342
331579.517901,384167.10468,0,369
331445.593586,384068.935475,0,398
331451.03975,384039.163667,0,389
331545.311647,384066.234293,0,730
331429.764796,384053.279246,0,195
331542.368144,384009.652801,0,34
331555.850756,384320.173669,0,730
331604.786164,384025.149996,0,730
331673.370661,384177.583886,0,730
331654.153403,384103.816071,0,492
331457.485051,384070.402523,0,730
331485.060702,384050.897487,0,602
331718.042798,384151.723731,0,730
331457.596789,384120.445445,0,218
331519.588192,384043.398877,0,186
331531.553556,383987.405449,0,33
331606.556962,384161.281318,0,730
331694.985367,384185.646418,0,730
331554.550589,384150.168373,0,88
331552.689836,384277.487028,0,730
331659.768235,384170.391873,0,730
331454.50069,383994.405131,0,667
331605.541141,384291.430591,0,730
331633.950233,384113.162688,0,730
331547.937588,384193.625729,0,730
331458.598176,383986.762366,0,687
331578.158755,384326.537023,0,730
331623.723273,384073.365552,0,355
331452.723956,384014.527224,0,221
331594.738983,384188.144352,0,531
331523.305497,384099.851517,0,730
331485.192654,384011.973948,0,730
331599.647961,384220.030341,0,730
331514.142183,384175.8614,0,730
331577.106028,384046.365502,0,544
331634.397579,384043.867321,0,458
331698.627225,384081.478032,0,730
331513.959755,384261.914991,0,730
331499.777171,384110.59605,0,730
331465.117545,384103.337531,0,730
331549.877841,384312.787808,0,730
331649.980042,384209.619853,0,730
331487.358574,383972.378514,0,668
331570.652066,384319.604458,0,730
331604.548443,384088.691886,0,677
331661.737199,384165.395836,0,730
331563.16003,384120.310789,0,730
331419.010406,384007.335506,0,710
331634.581916,384270.20323,0,477
331462.292769,384020.281562,0,730
331633.904844,384174.165586,0,730
331597.070681,384040.631921,0,730
331524.801489,384166.028808,0,692
331548.170875,384113.497933,0,670
331674.670998,384089.816597,0,130
331652.916237,384150.325241,0,122
331685.180788,384077.670703,0,730
331528.828145,384024.050965,0,545
331512.067872,384178.484675,0,730
331692.209866,384182.575132,0,730
331611.716628,384047.791021,0,96
331634.305136,384106.442801,0,622
331619.857607,384234.67318,0,730
331596.760066,384081.842831,0,730
331595.73576,384202.034303,0,681
331566.140336,384030.031311,0,461
331442.237698,384043.171463,0,722
331462.866966,384106.245685,0,730
331590.019759,384142.955183,0,730
331576.704651,384086.38256,0,730
331715.792891,384094.490277,0,299
331636.142516,384194.914818,0,620
331582.961587,383990.708688,0,730
331593.290492,384247.679122,0,350
331559.533881,384216.458215,0,242
331637.263968,384270.366668,0,409
331576.977849,384262.151635,0,730
331631.790389,384099.077321,0,730
331497.175619,383938.473356,0,436
331506.07823,383953.091661,0,730
331743.021023,384130.472726,0,618
331631.034348,384066.219713,0,555
331473.126316,384143.134941,0,619
331576.737235,384261.462372,0,648
331395.76798,384057.076828,0,505
331502.700129,384109.971985,0,730
331637.14516,384235.282907,0,730
331638.882163,384266.079676,0,338
331457.123343,384122.60155,0,730
331419.355213,384051.808315,0,561
331591.149207,384073.184269,0,574
331589.943684,384033.916959,0,707
331513.320286,383974.982646,0,730
331535.079021,384092.854618,0,730
331559.763246,384014.930686,0,630
331705.662695,384093.549709,0,730
331490.277972,383982.210257,0,730
331596.642162,384263.740207,0,730
331584.048735,384056.182072,0,289
331631.524019,384160.214686,0,360
331559.911293,384066.392535,0,547
331655.992602,384160.213991,0,559
331603.544081,384276.4542,0,730
331607.615483,384056.595288,0,681
331631.265321,384234.985982,0,703
331659.773027,384158.169779,0,730
331660.938773,384124.589497,0,730
331652.038823,384161.577739,0,73
331635.764212,384230.841565,0,730
331601.884572,384202.603326,0,204
331522.084786,384006.304186,0,408
331637.2035,384109.444785,0,730
331615.360148,384046.510507,0,730
331680.194991,384095.02224,0,566
331698.702594,384131.256407,0,730
331648.578699,384162.167799,0,628
331669.598953,384125.173403,0,730
331626.983146,384238.297508,0,730
331702.338207,384128.903503,0,730
331492.193309,384043.846197,0,730
331558.31846,384192.059721,0,730
331558.075618,384213.467861,0,730
331725.136977,384148.18063,0,541
331622.398435,384198.723526,0,364
331607.557329,384272.645206,0,730
331559.731221,384301.324564,0,730
331533.369678,384171.169188,0,344
331448.202463,384052.465535,0,198
331601.183246,384141.315027,0,587
331554.137262,384037.653545,0,257
331746.690665,384134.780382,0,214
331451.62505,384062.752432,0,730
331530.372185,384277.000947,0,730
331452.461696,384035.026328,0,287
331457.09595,383981.186224,0,730
331600.478771,384308.814581,0,469
331651.774576,384176.942381,0,84
331660.33145,384130.086418,0,421
331566.411956,384260.868969,0,730
331530.169513,384304.875429,0,730
331497.53688,384162.181709,0,203
331598.565959,384153.25261,0,730
331521.832431,384288.142609,0,730
331633.600632,384272.228937,0,730
331510.516377,384282.365717,0,730
331539.030629,384186.336594,0,730
331477.862364,384069.644969,0,655
331498.738024,384120.622102,0,630
331632.210444,384240.254323,0,730
331473.93329,384127.377475,0,730
331593.201359,384191.141333,0,482
331539.142785,384011.647881,0,329
331402.473409,384015.849441,0,730
331529.987396,384109.162729,0,188
331671.205421,384078.82533,0,730
331553.208686,384023.769027,0,730
331583.496478,384251.813917,0,704
331655.608502,384216.952162,0,730
331646.560825,384237.763089,0,730
331680.609508,384221.66881,0,546
331498.065873,384089.361171,0,730
331481.726889,384147.437775,0,730
331716.757986,384140.241991,0,730
331676.509525,384077.003601,0,730
331555.039618,384210.574512,0,730
331503.327856,384118.940356,0,730
331597.611149,384204.024784,0,462
331640.839404,384065.301987,0,262
331688.52762,384146.836507,0,730
331682.357275,384141.857743,0,414
331570.638953,384153.725914,0,124
331560.448237,384331.636623,0,730
331725.69692,384151.759737,0,730
331524.480122,384009.948119,0,730
331630.367112,384265.493485,0,730
331570.216477,384139.764656,0,730
331401.615962,384039.212427,0,227
331564.780055,384186.08464,0,683
331518.984987,384162.617399,0,730
331707.05191,384139.415679,0,730
331672.637009,384115.277552,0,730
331554.096042,384305.04974,0,106
331485.799839,384032.861581,0,730
331554.730201,384062.121157,0,730
331557.01733,384088.133952,0,730
331596.250043,384155.451242,0,649
331519.528916,384097.444929,0,117
331606.544546,384177.708622,0,730
331624.454638,384049.603132,0,730
331414.971051,384031.122323,0,381
331510.44909,384031.486146,0,730
331643.836762,384124.063813,0,599
331652.973955,384221.54793,0,730
331594.602645,384282.003576,0,730
331469.104986,384021.739037,0,26
331507.080125,384015.915912,0,730
331514.363352,384013.322951,0,718
331695.82555,384145.135637,0,497
331470.007921,384030.549455,0,730
331434.510859,384068.340946,0,730
331430.899048,383992.403903,0,730
331706.384437,384113.559885,0,730
