331092.722205,383124.148722,0,601
331723.345347,383223.408907,0,313
331591.015265,383236.910427,0,730
331625.696094,383525.458769,0,583
330811.859923,382821.117021,0,88
331107.844663,382969.224765,0,730
331725.887258,383337.056912,0,730
331200.20452,383169.591829,0,730
330767.776429,382950.351321,0,574
331292.591018,383164.237111,0,730
331159.035728,383256.258559,0,730
331622.406239,383502.531851,0,730
331468.206608,383282.981263,0,186
331600.554731,383181.599607,0,730
330757.442913,382886.989604,0,637
331207.695565,383100.328793,0,730
330912.405781,383053.945917,0,365
331456.415745,383182.76866,0,411
331072.231394,383181.466437,0,730
331529.203165,383480.963897,0,28
330878.789162,382818.626599,0,730
331414.912616,383428.003791,0,221
331416.138172,383117.374675,0,730
331047.738855,382932.492186,0,681
331555.500926,383352.924751,0,269
330960.603497,383080.179864,0,730
331743.140954,383361.10038,0,541
331059.612577,383091.765687,0,730
331216.629407,383213.573288,0,394
331711.743329,383296.951811,0,277
331207.584606,383108.052042,0,353
331577.811893,383454.617984,0,206
331733.974063,383271.570418,0,730
331126.459907,383217.375012,0,730
331078.018836,383001.824957,0,372
331774.171032,383301.045512,0,730
331688.15038,383159.809221,0,562
331509.826421,383352.73634,0,730
331681.176799,383251.88377,0,730
331577.514859,383471.546191,0,128
331519.90234,383320.526813,0,730
330837.851534,382814.425387,0,730
331564.840188,383528.175895,0,654
331615.046292,383393.09722,0,576
331670.66413,383154.186281,0,730
331567.8934,383293.577429,0,630
331563.092183,383356.857424,0,208
331063.202854,382987.020241,0,314
331005.711918,382992.344397,0,730
331111.505115,383193.147848,0,730
331257.195039,383232.121894,0,651
331589.6793,383243.994495,0,689
330972.204028,383018.564025,0,244
330807.814494,382827.792607,0,730
331365.148033,383292.232107,0,730
331014.814475,383130.044471,0,606
331139.271522,383051.137511,0,730
331538.684927,383476.637998,0,258
331571.4715,383371.876638,0,730
331313.804896,383192.259713,0,730
331547.155894,383484.237882,0,724
330825.094308,382801.593387,0,730
331662.083431,383214.500328,0,704
331424.807418,383162.999979,0,730
330899.785723,383002.253095,0,586
331733.627283,383255.234145,0,154
331379.788719,383149.946827,0,730
331042.598912,383148.589063,0,115
331534.062953,383424.04353,0,675
331630.804615,383468.739704,0,730
330826.759751,382810.060681,0,730
331584.546608,383152.048869,0,645
331529.305205,383150.92397,0,730
331086.596007,383205.492587,0,83
330877.372263,382978.031196,0,539
330973.403852,382950.799528,0,730
331091.005138,383034.593131,0,653
331326.260367,383343.821927,0,329
331192.810166,383168.178692,0,577
330976.669509,382917.094356,0,730
331543.228453,383361.120022,0,730
331340.175261,383375.474425,0,268
331270.082441,383195.900412,0,730
331042.574992,383099.944951,0,193
330761.527451,382995.575778,0,730
331050.835354,383035.313723,0,632
331443.71113,383158.886019,0,730
331662.534627,383177.495598,0,360
330788.061461,382994.812566,0,164
330938.034258,382996.287481,0,703
331575.779394,383358.118333,0,730
331746.009273,383346.026928,0,437
330836.226677,382823.919316,0,660
330783.012914,382859.989841,0,605
331178.210403,383146.294399,0,730
330923.901027,382838.738016,0,730
331741.609057,383340.427155,0,593
331655.937539,383331.41773,0,148
331116.286262,383162.870798,0,330
331563.521171,383240.870561,0,316
330885.843967,382955.220745,0,566
331180.016535,383035.365951,0,69
331682.410369,383309.486189,0,470
331128.967701,383061.549317,0,730
331762.765436,383216.249169,0,169
331409.569586,383331.8919,0,566
331720.16648,383306.455461,0,730
331066.101643,383015.667584,0,730
331383.487227,383206.978005,0,116
331732.18577,383413.610946,0,681
331236.612103,383279.52205,0,597
331268.716506,383138.470941,0,346
331520.549658,383297.440205,0,730
331623.614854,383555.647029,0,237
330829.920813,383035.996084,0,730
331647.937903,383189.330296,0,645
331477.125213,383338.324856,0,730
331320.171642,383075.720528,0,730
331467.555442,383349.645843,0,730
331184.922596,383226.796221,0,730
331326.944168,383249.943556,0,730
330759.528553,382989.29867,0,436
331539.724793,383345.621016,0,730
331357.794941,383326.143042,0,730
331141.924935,382960.481854,0,730
331426.441917,383247.460336,0,545
331194.23994,383184.381997,0,730
331659.747663,383430.531339,0,730
331201.945843,383268.376468,0,382
331060.538342,383080.182899,0,475
331210.887422,383063.600204,0,569
331362.426688,383163.521502,0,730
331255.614611,383184.288835,0,65
331682.301435,383416.555575,0,730
331681.623721,383366.482992,0,511
331733.609742,383329.762787,0,730
331102.699401,383225.644634,0,730
330849.72801,382813.820178,0,730
331120.30718,382996.511787,0,730
331141.416222,383173.804921,0,730
331384.922448,383269.460937,0,350
331193.013619,383054.581133,0,730
331054.963186,382917.782111,0,392
331592.785532,383436.541853,0,726
331741.193444,383285.609684,0,730
330915.657736,382851.915241,0,730
330765.030958,382944.973249,0,730
330815.875833,383011.335847,0,190
331560.081917,383375.045548,0,271
331043.56915,383131.948842,0,730
331508.028572,383162.857075,0,523
330990.054433,382988.033109,0,730
331466.717936,383275.809609,0,456
331109.359594,383158.340623,0,730
330971.813602,383104.905884,0,730
331604.481693,383537.501695,0,446
331095.144509,383152.453226,0,730
331023.01284,382952.180541,0,730
331200.025926,383063.062838,0,730
331634.124064,383406.05503,0,730
330845.657823,382838.365494,0,307
330971.144695,382969.4818,0,2
331439.734314,383105.453572,0,730
330914.752737,382970.280098,0,730
330761.630022,382963.634464,0,388
331531.28805,383460.741595,0,522
330765.362397,382940.908955,0,730
330812.85539,382961.091272,0,730
331195.976027,382991.660752,0,426
331237.174062,383116.776764,0,730
331027.986618,383170.852548,0,730
331237.321957,383080.087203,0,22
331627.928557,383263.076942,0,624
331601.095785,383306.766435,0,730
331348.629309,383198.949101,0,730
331635.483613,383177.204082,0,730
330869.292396,382802.817863,0,687
330782.900882,382981.813134,0,234
331464.40768,383234.512647,0,730
331469.196353,383327.100747,0,730
331220.8374,383203.069765,0,730
331453.289893,383258.359967,0,536
331322.933236,383054.665712,0,373
330870.37829,382914.243932,0,730
330824.199278,382968.129288,0,549
331297.287498,383340.94816,0,708
331162.839001,383023.855923,0,730
331654.414294,383260.015513,0,250
331180.335851,383000.127975,0,484
331367.649791,383391.188669,0,730
331543.86889,383295.878108,0,520
331012.598083,383009.869484,0,730
330869.448495,382832.510119,0,730
331134.910169,383111.280783,0,674
331526.194492,383564.609585,0,730
331092.744431,383167.370386,0,145
331593.007536,383380.811748,0,730
331624.508294,383531.688364,0,730
330778.933698,382907.733792,0,730
331521.884396,383304.684883,0,642
331491.05138,383413.444334,0,730
330930.155875,382871.637456,0,730
331029.995987,383135.810798,0,142
331561.726696,383155.39094,0,730
330980.840565,382999.696901,0,730
330973.038123,383133.410562,0,730
331075.433211,383073.397978,0,730
330781.522208,382965.870837,0,501
331471.714136,383280.892356,0,306
331767.181381,383252.576855,0,730
331441.089762,383375.69418,0,730
331204.388059,383293.783402,0,730
331084.511814,383106.186473,0,194
331004.944049,383123.450208,0,159
331724.678377,383364.268455,0,730
331711.650929,383436.794342,0,556
331028.523756,383158.686591,0,54
331235.159031,383091.178249,0,531
330748.032946,382970.79971,0,730
330951.327005,382959.070208,0,730
331319.946928,383257.054909,0,296
331689.835593,383405.658765,0,584
331197.192032,383262.743388,0,730
331183.576231,383029.191644,0,730
330768.949431,382893.606401,0,730
331711.295455,383465.107382,0,52
331340.209435,383299.199959,0,530
331262.091264,383151.922364,0,730
331087.387961,383182.676624,0,117
331209.17131,383070.998498,0,489
331374.600088,383330.075422,0,597
331642.640289,383164.819317,0,730
331534.361359,383280.749994,0,730
331554.835191,383296.01358,0,157
331274.971561,383348.428958,0,730
331219.281022,383030.811091,0,492
331003.703588,383008.812303,0,730
331160.096963,383157.455572,0,434
331707.627139,383368.237816,0,730
331112.839013,382946.993344,0,730
331667.509143,383249.815209,0,730
331197.525813,383081.569428,0,415
331095.099746,382964.435752,0,399
331159.19244,383019.150372,0,730
331626.931493,383355.904256,0,52
331622.120666,383198.373794,0,730
331162.947179,383170.540147,0,730
331426.700552,383263.20764,0,305
331530.689174,383454.729187,0,493
331214.016629,383168.120737,0,93
330817.950488,382951.723486,0,678
330801.621858,382836.587553,0,489
331331.982172,383297.114561,0,413
331397.56833,383133.058977,0,91
331267.081255,383308.975633,0,730
331399.368958,383385.540033,0,730
331400.708725,383314.836309,0,730
331342.939392,383353.599801,0,730
331256.991129,383324.480781,0,730
331670.302249,383176.022426,0,730
331341.103916,383204.987295,0,459
331701.375418,383242.328491,0,721
331435.287743,383295.920564,0,379
331056.188585,383152.38815,0,132
331010.995511,383084.845265,0,730
331704.204174,383365.093275,0,730
331328.046164,383123.650782,0,708
331616.597226,383293.680896,0,730
331668.650245,383318.032795,0,730
331245.909519,383171.90358,0,730
331703.816507,383486.78732,0,730
331594.920128,383560.458972,0,730
331308.088806,383045.581141,0,565
331507.926025,383357.174595,0,730
331332.752881,383328.205664,0,171
331637.304351,383223.045019,0,389
331496.891462,383459.497245,0,730
331707.795969,383233.808949,0,696
331745.903379,383265.044277,0,730
331060.682744,382968.383965,0,634
331021.942459,383114.352514,0,318
330863.663107,383040.413141,0,730
331096.071276,383123.732619,0,693
331469.628356,383265.533397,0,75
331641.145807,383266.91033,0,730
331313.610609,383046.511865,0,540
331268.838198,383218.263362,0,641
331600.921395,383569.439888,0,649
331187.227271,383124.186568,0,13
330754.735782,382921.532277,0,730
331186.035266,383097.902155,0,463
331740.920062,383375.694772,0,730
331319.256286,383126.168265,0,512
331300.20251,383139.346696,0,730
331658.790024,383259.457507,0,6
331486.776887,383343.150984,0,596
331446.383536,383318.974879,0,390
331616.346455,383541.462925,0,422
330980.296921,382957.007912,0,730
331041.044312,382922.503972,0,730
331391.275764,383069.091467,0,730
331086.733709,383171.477282,0,342
331691.26061,383403.932899,0,730
331044.825825,383033.898147,0,730
330917.007291,383058.696354,0,730
330878.917076,383052.612629,0,730
331459.73756,383286.486336,0,730
331435.228827,383137.716554,0,607
330845.084513,382920.716349,0,730
330972.0959,382993.435853,0,730
331151.368576,382988.694855,0,568
331347.991111,383194.938951,0,730
331649.047342,383557.859128,0,730
331120.226681,383045.14613,0,730
331318.765854,383058.945872,0,730
331082.983209,382997.945192,0,98
330934.336994,382985.578218,0,730
330856.844351,382934.363137,0,138
331208.506583,383010.882367,0,398
331593.123978,383329.759441,0,730
331258.504892,383143.634996,0,730
331562.606332,383566.268028,0,730
331379.972156,383295.098909,0,730
331089.569113,383146.623647,0,104
330787.017548,382871.780221,0,331
331293.491778,383290.12179,0,347
331048.810915,383138.167288,0,730
331183.89591,383045.767938,0,730
331068.753891,383126.082307,0,670
330814.629434,382881.450802,0,730
330874.72297,382826.19091,0,730
331453.753933,383086.230466,0,571
330848.859133,383045.529891,0,170
331378.759565,383204.392889,0,730
330945.223378,383103.434457,0,442
331701.362551,383427.760089,0,730
331661.630778,383197.911562,0,726
330951.186392,382993.077373,0,704
331672.818629,383182.385665,0,307
331209.201214,383195.897231,0,570
331265.011646,383204.950186,0,727
330870.848973,382964.098412,0,730
330878.671214,382997.513466,0,730
331318.954576,383138.190652,0,405
330757.779465,382932.431363,0,217
331650.41554,383369.681701,0,730
331722.745844,383238.779616,0,730
330943.868859,382943.137764,0,730
331530.308254,383435.101715,0,450
331668.132938,383468.032458,0,97
330783.742092,382910.824365,0,435
331754.612421,383201.477149,0,590
331616.501279,383310.041014,0,432
331604.181823,383564.642373,0,162
331354.232108,383055.175538,0,95
331661.531373,383172.653262,0,730
331632.605574,383342.261347,0,146
331646.693317,383248.734242,0,671
331746.13609,383280.111547,0,730
331046.291882,382932.252448,0,730
331177.49849,383019.336187,0,148
330793.916954,382910.863062,0,730
331255.975157,383016.409833,0,620
331568.030173,383542.716354,0,3
331590.999057,383507.710779,0,146
331344.791801,383397.047945,0,730
331604.075048,383403.97776,0,281
331665.184162,383455.032502,0,110
331662.294959,383159.657398,0,730
330851.079783,382902.758286,0,421
331079.221203,383062.648099,0,730
331001.833215,383012.138683,0,30
331021.292792,383131.071173,0,730
330859.723679,382921.242195,0,730
331452.712074,383096.590404,0,730
330816.011245,382903.406549,0,232
331184.029897,383154.213499,0,730
331600.679412,383146.251104,0,560
331492.259574,383451.283786,0,673
330918.626857,382809.993839,0,730
331496.415053,383458.250515,0,730
331547.422896,383294.043753,0,730
331696.786158,383314.428436,0,152
331653.452516,383226.211607,0,290
330886.374086,382924.963133,0,730
331399.69476,383129.159646,0,730
331649.678723,383412.041169,0,677
331465.567043,383203.650729,0,5
330827.271151,382984.433375,0,166
330976.473673,382934.077469,0,304
331263.361534,383031.082297,0,274
330861.527566,382996.218193,0,395
331526.437716,383524.537197,0,679
331702.009869,383203.34865,0,730
331204.865067,383222.769846,0,730
331442.806492,383166.305076,0,90
331565.043153,383580.769479,0,179
331673.73343,383519.602576,0,72
331314.044775,383375.686615,0,599
331667.571408,383201.686102,0,335
331405.647651,383076.266558,0,559
331501.112948,383313.659771,0,705
331152.451089,383106.367428,0,730
330827.646587,383016.015306,0,730
330767.972107,382938.92661,0,680
331326.474914,383349.418209,0,730
331017.669333,383050.21378,0,730
331361.626832,383256.048189,0,592
331399.979208,383254.461713,0,730
331616.425731,383160.515986,0,119
331286.922996,383172.714358,0,730
331469.723103,383134.583764,0,557
331227.543269,383014.636464,0,707
331133.521534,383216.08732,0,389
331383.7896,383405.546347,0,730
331714.642662,383259.754818,0,698
331024.341303,382961.240592,0,730
331071.139229,383002.376153,0,730
331695.65343,383262.190723,0,299
331697.047622,383419.388412,0,554
331326.882108,383356.779435,0,730
331268.85942,383055.361899,0,730
330830.972217,382865.663048,0,730
331748.117198,383284.474009,0,730
331531.160393,383157.031392,0,141
331369.584237,383104.987991,0,410
330811.710635,382944.920583,0,730
331232.503808,383007.992078,0,730
331732.365834,383284.806117,0,730
331448.134697,383134.69569,0,335
331350.781545,383373.146171,0,412
331469.885188,383431.754711,0,730
330872.36811,382854.587591,0,663
330936.369431,382989.545495,0,730
331405.714529,383168.706537,0,730
330882.233799,383037.627125,0,730
331692.133792,383476.498039,0,730
330988.84476,382941.463743,0,730
331336.344811,383358.364881,0,730
331545.049037,383491.956966,0,730
331691.159777,383458.440043,0,421
331560.59447,383256.780836,0,730
331678.216463,383434.731409,0,711
331551.618014,383406.651313,0,159
331642.265122,383151.807592,0,690
331738.231628,383205.031649,0,730
330961.97161,383065.092177,0,730
331546.729543,383420.434513,0,521
331359.919835,383113.257481,0,730
330821.597257,382920.977338,0,730
331300.651628,383152.24,0,77
330938.79339,382969.522664,0,730
330987.017535,382965.016047,0,730
330877.359459,382990.343185,0,730
331500.120881,383509.808125,0,730
331600.655278,383330.740034,0,330
331586.132412,383237.224667,0,730
331148.433427,383228.544435,0,730
331175.119519,383015.008077,0,569
330934.833617,382863.680083,0,472
330958.893147,382900.689151,0,623
331578.595046,383387.617512,0,140
331388.916435,383185.335288,0,730
331351.225625,383286.426095,0,593
331750.848314,383243.249711,0,730
331320.060701,383373.163347,0,337
331284.267608,383186.951077,0,575
331213.770774,383022.419813,0,730
330863.75872,383059.140146,0,288
330969.993435,382904.840007,0,730
331292.679855,383331.639004,0,419
331193.865455,383041.592821,0,730
330824.936178,382883.424597,0,4
331492.172465,383237.825551,0,730
331321.398566,383309.909418,0,717
330773.505164,382908.868443,0,220
331552.922205,383416.250726,0,730
331301.747716,383339.822094,0,730
331171.636013,383165.87175,0,575
331717.162499,383398.030998,0,730
331284.722498,383141.936693,0,264
330848.321479,382923.620744,0,481
331245.049803,383300.438004,0,527
331069.570905,383025.09117,0,730
331303.538913,383136.298197,0,173
331698.829553,383286.008628,0,76
331254.028178,383132.884406,0,420
331138.975037,383080.42184,0,387
331115.679907,383132.426049,0,609
331214.336161,383143.693333,0,286
331164.108084,383270.952829,0,631
331741.177921,383209.894769,0,532
331681.845291,383487.747184,0,15
331502.16173,383498.946625,0,730
331352.285698,383390.823579,0,336
331300.981072,383166.052629,0,622
331205.373625,383041.280728,0,730
330922.636081,382835.426281,0,647
331486.130119,383144.327826,0,525
331667.543568,383333.009381,0,209
331467.461673,383393.067758,0,730
331290.951862,383311.312232,0,730
331466.527532,383231.183599,0,730
331302.188782,383364.950009,0,730
330963.242145,383080.522006,0,553
331467.065232,383175.336973,0,730
331171.706374,383073.284146,0,667
330883.933706,383076.760988,0,730
331602.66228,383180.667267,0,730
331112.376556,383178.653203,0,730
331525.376521,383216.474055,0,705
331065.596207,383110.202106,0,730
331189.170228,383042.800361,0,652
330804.489364,382823.549112,0,730
331585.534534,383571.135702,0,730
331787.383249,383230.132695,0,691
331332.198781,383061.963876,0,476
331724.696235,383360.135254,0,438
331108.750234,383024.478926,0,730
331640.589033,383186.903978,0,200
331637.097222,383562.796203,0,139
330859.148038,383064.729835,0,730
330880.42463,382951.411221,0,730
331643.39745,383452.544651,0,299
331384.134872,383416.027547,0,348
330990.19662,382911.835324,0,730
330902.476767,382908.588241,0,243
331589.266681,383509.082008,0,439
330793.777992,382843.950872,0,730
331797.012978,383221.637813,0,730
330949.159895,382987.072336,0,113
331101.215627,383042.33028,0,232
331020.810595,382936.206975,0,439
331060.817411,383064.733124,0,462
331139.499026,382977.445878,0,572
331094.637225,383041.461784,0,450
331288.750535,383322.109542,0,227
330942.314388,383062.275762,0,461
331203.700707,383219.015726,0,495
331220.89415,383131.799425,0,730
331197.542869,383229.781488,0,730
330885.17355,382833.589711,0,722
331160.769394,383090.301817,0,506
331470.538216,383482.390928,0,730
331517.699603,383406.210917,0,610
331273.613384,383228.828887,0,730
331491.57943,383266.808471,0,284
331373.600333,383161.121037,0,730
331106.99563,383058.978433,0,730
331463.618178,383173.628931,0,454
331037.937496,383167.895846,0,730
331385.937598,383154.747813,0,295
331017.632665,382928.284419,0,730
330978.975698,382897.995162,0,730
331109.614251,383155.020999,0,655
331740.156214,383294.145125,0,730
331577.588534,383366.549704,0,34
331708.676683,383350.752634,0,730
331567.401051,383488.692662,0,86
331177.91491,382987.294282,0,418
331159.760338,382970.570243,0,730
331240.684603,383265.580052,0,730
331489.032128,383420.432104,0,730
331573.08603,383505.065719,0,25
331422.474206,383329.197277,0,730
330923.44865,382814.706658,0,730
331551.90808,383320.638977,0,730
330948.318395,382966.878167,0,730
330876.123758,383006.073497,0,730
331318.935126,383209.539167,0,121
331553.537941,383432.152098,0,206
330976.242288,383109.628732,0,730
330821.638977,382831.047313,0,618
331308.739421,383143.615485,0,278
331468.526932,383410.133374,0,374
331570.812154,383431.529723,0,584
331495.017949,383448.18354,0,425
331613.06264,383408.437594,0,730
331730.411934,383197.807628,0,719
331125.850887,383125.587296,0,730
331773.399571,383267.91687,0,730
330767.023558,382903.32446,0,311
330981.772736,383127.470405,0,730
330919.984511,382996.109644,0,715
331553.220753,383153.095862,0,730
330765.437914,382878.138628,0,668
330994.620627,382927.098303,0,730
331277.238821,383246.066599,0,594
331123.837267,382962.330637,0,730
330947.127668,383110.654694,0,730
331511.531278,383505.523302,0,730
331482.396488,383370.174151,0,244
331351.872068,383125.686158,0,656
331449.237384,383084.475136,0,730
331752.956974,383303.139478,0,357
331521.138334,383296.15981,0,351
331422.372927,383395.725586,0,730
331629.641649,383544.009425,0,730
330862.891824,382882.700634,0,205
331386.477046,383174.377422,0,730
331252.773591,383306.404486,0,730
331014.067868,382985.161987,0,223
331172.253351,383093.738995,0,462
330780.497805,382939.210169,0,730
331684.599715,383300.021145,0,571
331438.44455,383092.711401,0,444
330918.907418,383074.059575,0,730
330985.393527,383027.935439,0,454
331005.736656,382921.027732,0,213
331562.769744,383503.478847,0,240
331505.587736,383112.222728,0,386
331505.409881,383370.855944,0,506
331430.737315,383320.556814,0,730
331642.655457,383224.739199,0,730
331312.080655,383181.298421,0,443
331540.998305,383295.109031,0,730
331073.04878,383101.683856,0,730
331505.028477,383122.665172,0,403
331461.083996,383284.578531,0,730
330977.483578,383129.013786,0,730
331426.442755,383197.463628,0,126
330950.721143,383029.407913,0,730
331506.569119,383435.085985,0,551
331151.54148,383225.050556,0,730
331025.551824,383022.95269,0,669
331540.301406,383533.909651,0,514
331157.526595,383121.242264,0,700
331175.642894,383024.361532,0,730
331048.903133,383033.597723,0,730
331432.35417,383357.813472,0,243
331280.963223,383185.335247,0,638
331172.100188,383237.735512,0,552
331194.250552,383037.681456,0,647
331296.403693,383072.261164,0,394
330761.429687,382978.234884,0,153
331469.717699,383191.272214,0,730
330783.097211,382870.028766,0,730
331645.270213,383145.849049,0,730
331402.240612,383233.453788,0,730
331698.340909,383291.198204,0,730
331276.128144,383204.824896,0,730
331204.543927,383218.665194,0,507
331290.893348,383082.286157,0,730
331034.219609,383137.038353,0,354
331685.830492,383450.491447,0,730
331246.999482,383312.327482,0,71
331239.957944,383170.351379,0,730
331132.144575,383108.062438,0,730
331757.953537,383198.90777,0,300
331258.821936,383079.572949,0,449
331184.356088,383019.067416,0,167
331123.403381,382981.608711,0,730
331061.184826,383144.285571,0,730
331238.991118,383225.080337,0,423
331048.65641,382973.448778,0,400
331594.696212,383404.152323,0,41
331638.105578,383488.59657,0,42
331542.335258,383286.715006,0,730
330832.966329,382792.379225,0,730
331589.220198,383519.736838,0,730
331529.520387,383248.595715,0,730
331314.048833,383311.8615,0,88
330893.751091,382926.694426,0,730
331499.277715,383220.529622,0,730
331673.376582,383435.364506,0,730
330798.488689,382827.145957,0,730
331464.777692,383155.287094,0,687
331087.988839,383016.672602,0,730
331293.419258,383088.251485,0,730
331564.996544,383497.932118,0,730
331741.194414,383246.998863,0,688
331304.852446,383327.309154,0,285
331667.716536,383193.328059,0,730
331338.144713,383326.882391,0,730
331394.421282,383206.80627,0,730
330999.706054,382954.32564,0,255
331304.595728,383282.389732,0,730
331501.225009,383540.208006,0,730
330960.48735,382953.793572,0,730
331546.345141,383411.558871,0,730
331065.473242,383096.992591,0,730
331294.796798,383042.941758,0,655
331378.964138,383087.233417,0,730
331606.803805,383302.551002,0,730
331501.557546,383108.530163,0,730
331542.55334,383197.180249,0,730
331150.122263,383074.120653,0,41
331054.495118,383049.853804,0,729
331088.103798,383115.417453,0,730
330785.868704,382814.741354,0,730
331063.333801,383130.223958,0,55
331125.619997,383096.820118,0,452
331098.820119,383138.156787,0,663
331320.589959,383229.33314,0,272
331167.627119,383221.708708,0,618
331631.610888,383517.464409,0,716
331367.926627,383414.178113,0,524
331521.32007,383135.764983,0,650
331534.071253,383532.917771,0,62
331574.664032,383499.04463,0,36
331324.861739,383220.568826,0,730
331581.48593,383239.202195,0,730
331675.320107,383341.773553,0,627
331457.404045,383098.702366,0,515
331301.84462,383102.520626,0,730
331209.081604,383154.282881,0,730
331447.085919,383279.875124,0,730
331671.811431,383344.616776,0,730
331240.754176,383111.841906,0,158
331619.736907,383311.8231,0,509
331118.325096,383203.710452,0,730
330910.072372,382889.881673,0,730
331405.991555,383157.965512,0,730
331603.416441,383315.901422,0,302
331349.088016,383215.298007,0,590
331575.72623,383220.717772,0,730
331331.684606,383179.419507,0,730
331060.869224,383018.385265,0,730
330943.925117,382926.142147,0,730
331070.531049,382947.689371,0,476
331024.949101,383099.733338,0,730
330856.759164,383043.117509,0,623
330801.352709,382862.380139,0,481
331508.243033,383273.145345,0,730
331155.550539,382996.379447,0,616
331123.983121,383103.343309,0,730
331039.170685,382962.143154,0,730
330856.451275,383052.354555,0,730
331456.526079,383102.218533,0,730
331559.98857,383493.450205,0,730
331324.507102,383316.865987,0,730
331521.729678,383565.343673,0,256
331251.817203,383079.141191,0,56
331411.271988,383092.325967,0,730
331325.590945,383246.121149,0,211
331388.823716,383289.885478,0,730
331081.950523,382944.464807,0,320
331653.603847,383528.327653,0,730
331599.011962,383258.819139,0,730
331138.764804,383108.815697,0,730
331062.355102,383088.531724,0,317
331088.438731,382996.533225,0,42
331294.831671,383045.771322,0,730
331704.327441,383272.962398,0,643
331348.885427,383370.194594,0,697
331719.475315,383453.227457,0,730
331016.802164,383004.504067,0,730
331086.215422,383106.615916,0,730
331290.900763,383261.748096,0,572
331668.641945,383299.055981,0,709
331406.491767,383079.822648,0,684
331734.415452,383352.144162,0,564
331577.942847,383288.596121,0,266
331344.949507,383163.192583,0,539
331199.731251,383146.055553,0,367
331333.354396,383276.613295,0,730
331151.040118,383168.078134,0,730
331726.27566,383203.128866,0,502
331493.405365,383261.021078,0,730
331555.345607,383528.200354,0,730
330766.030136,382950.807062,0,730
331116.644185,383193.180239,0,674
331369.735881,383174.603754,0,730
331737.724203,383331.384194,0,406
331139.388014,383133.989318,0,665
331299.869262,383186.233427,0,730
331735.798858,383251.511346,0,730
331034.789183,383144.500135,0,730
331470.698,383204.602185,0,730
330783.683991,382933.064829,0,730
330909.939585,383058.124014,0,659
331547.638701,383289.478396,0,730
330786.146472,382840.142875,0,730
330996.097912,383117.235989,0,475
331234.480404,383259.949566,0,730
331773.820483,383291.959049,0,730
331594.310609,383558.087116,0,560
331339.299177,383112.453172,0,730
331250.890038,383159.424687,0,725
331647.270121,383168.257382,0,730
331670.134731,383424.436505,0,252
331440.260957,383268.875768,0,730
331443.504486,383101.983166,0,561
330830.589547,382973.823033,0,730
331637.24394,383406.454959,0,730
331282.994221,383119.151697,0,730
331312.174909,383342.395887,0,730
331574.305371,383267.726256,0,730
330852.565671,382826.606037,0,730
331463.661815,383491.418825,0,19
331389.527682,383165.195389,0,692
330837.864928,382901.919161,0,342
331155.715761,382985.351116,0,730
331443.850427,383130.813499,0,730
331539.783409,383477.781659,0,361
330839.920964,382898.500093,0,730
331403.311819,383429.176928,0,698
331125.305968,383171.819066,0,721
331719.306822,383345.080331,0,108
331389.070631,383302.333439,0,730
330860.178956,382966.116873,0,730
331786.460457,383270.473268,0,730
331266.636906,383098.877815,0,730
331633.893565,383533.600006,0,245
331197.36133,383158.014112,0,478
331298.375592,383336.802996,0,730
331143.499012,383097.055471,0,164
331256.381346,383039.817621,0,730
331325.761344,383171.846387,0,730
330962.151491,383071.638022,0,10
330833.793595,382939.058655,0,585
331344.247335,383060.245646,0,730
331555.27172,383211.480856,0,540
331198.749689,383179.616468,0,366
331190.07259,383214.155642,0,730
331545.154412,383357.340067,0,169
331494.759123,383260.43271,0,621
330918.325919,382984.88739,0,730
331662.642065,383527.469927,0,192
331199.717628,383078.062768,0,611
331136.759119,383127.428808,0,730
331197.533543,383201.790202,0,147
331470.892721,383500.194626,0,331
331731.779185,383308.893599,0,549
331725.068533,383350.388286,0,35
331463.103551,383289.88361,0,125
331374.461858,383393.804615,0,94
330824.043224,382799.795151,0,465
331573.04118,383277.443321,0,730
331609.417175,383457.663371,0,272
331170.502709,383142.199726,0,730
331679.866619,383157.490867,0,730
331294.667295,383233.421124,0,494
331024.29549,383118.076288,0,730
331516.929905,383446.075824,0,730
330838.637814,383039.239961,0,608
330777.165612,382941.252822,0,171
331354.444979,383346.473953,0,730
331452.958282,383123.520099,0,592
331419.287379,383376.393144,0,730
331505.160068,383352.697616,0,730
331261.721898,383079.742602,0,730
331691.780584,383377.777266,0,551
331444.036661,383475.076124,0,730
331084.939595,383075.903655,0,332
331481.994572,383322.008138,0,730
330934.254035,382893.031166,0,548
331410.559511,383190.742263,0,414
331272.550931,383161.800048,0,709
330913.613278,383058.327846,0,397
331480.892959,383328.258474,0,730
331471.271791,383120.646826,0,275
331325.079816,383161.728207,0,635
331103.893282,382946.552614,0,469
331457.457659,383465.72383,0,180
331161.662486,383025.933541,0,730
331716.40797,383186.919197,0,73
330893.92217,382984.659968,0,622
331433.4888,383267.253783,0,712
331391.070145,383270.675473,0,24
330807.389915,382901.251664,0,63
331075.466271,382981.585714,0,198
330917.048533,383046.564516,0,437
331471.032113,383471.822579,0,381
330864.482289,382970.498806,0,730
331128.542994,383136.665708,0,730
331369.512341,383384.223522,0,293
331577.344293,383394.836373,0,581
330785.642475,382999.905307,0,730
331645.655602,383402.806066,0,730
330938.860602,383107.263588,0,730
331444.072699,383311.420358,0,639
331072.964131,383071.91123,0,730
331021.007362,383041.082788,0,730
331090.688105,382950.409315,0,470
331374.834424,383233.574021,0,730
330940.812922,382919.164806,0,730
331342.13192,383237.255673,0,666
331625.276444,383326.738561,0,14
331429.334531,383077.052211,0,730
331644.913435,383229.127244,0,730
331444.650306,383083.257184,0,309
331152.036779,383047.960378,0,93
331291.432973,383125.480828,0,730
331066.002329,383131.666554,0,730
331569.015335,383141.364981,0,730
331586.707477,383150.736882,0,112
331488.634522,383204.877446,0,531
331313.365588,383232.122111,0,730
330953.384859,382915.195931,0,730
330996.380258,382889.215461,0,730
331206.207944,383062.009926,0,17
331469.919099,383460.169064,0,480
331009.07467,382964.419385,0,730
331652.659031,383156.577917,0,610
331357.139153,383154.869518,0,396
331587.217097,383253.285816,0,730
331037.529749,383156.094993,0,730
331329.466452,383355.174212,0,730
331303.408267,383192.644516,0,730
331489.647872,383418.117376,0,36
331608.532427,383273.67444,0,730
331034.046476,383036.010376,0,499
331621.31474,383487.09997,0,730
331500.52253,383114.162409,0,730
331412.932446,383352.029099,0,730
331336.893324,383204.401825,0,730
331657.996915,383203.373752,0,468
331249.971072,383107.377388,0,358
331662.819425,383239.929491,0,453
331692.556222,383213.248829,0,730
331493.609412,383146.571388,0,730
331157.130318,383223.144011,0,711
331705.975251,383454.754731,0,697
331556.889638,383230.356617,0,730
331422.352459,383072.162415,0,626
330926.065015,383073.99801,0,730
331025.487282,382960.508992,0,190
331629.701337,383274.66043,0,664
331583.012209,383576.637953,0,730
330924.197953,383080.762138,0,730
331528.654009,383103.556785,0,730
331623.482728,383370.647657,0,323
331670.666186,383428.600774,0,730
331370.480201,383145.992436,0,46
331570.126217,383153.283941,0,404
331572.958694,383575.744474,0,730
330892.913821,382950.580185,0,730
330786.508238,382857.464587,0,92
330789.106517,382892.934823,0,598
331528.535004,383243.233439,0,695
331738.623419,383366.630351,0,730
331450.463761,383400.521832,0,594
331400.929365,383241.478113,0,730
331238.243801,383266.388932,0,428
331496.351209,383426.713009,0,503
331400.896205,383426.915462,0,371
331162.14999,383091.524718,0,710
331624.124687,383341.716304,0,254
330808.170734,382881.729164,0,341
331232.059277,383256.402057,0,156
330921.978056,382965.722561,0,273
331117.970301,382949.017606,0,163
331416.663567,383303.412628,0,678
331501.844884,383495.541645,0,315
331479.071193,383308.274292,0,730
331694.064644,383432.011725,0,730
331436.571379,383399.081765,0,730
331229.648762,383181.148042,0,683
330958.198596,382942.018847,0,730
331014.175563,383134.96044,0,339
330867.681211,382950.594886,0,730
331269.984204,383209.278193,0,730
331019.838921,383160.031087,0,730
331457.499574,383471.199859,0,672
331617.826068,383172.579144,0,730
331617.696878,383418.005077,0,611
331374.618131,383340.856009,0,582
331406.244585,383253.141437,0,730
331471.28074,383110.313711,0,730
330754.130242,382939.915619,0,730
331177.480523,383050.933431,0,608
331329.064033,383167.82086,0,633
331541.855065,383262.240489,0,730
331322.293577,383351.018894,0,644
330825.37837,382940.434873,0,536
331235.735021,383282.080088,0,730
331161.046289,383107.832148,0,86
331719.756182,383417.817566,0,730
331516.616841,383215.891843,0,730
331479.451862,383092.959496,0,80
330826.734388,382884.769153,0,730
330910.698453,383047.275723,0,730
330944.143562,382928.960551,0,730
331626.217031,383321.330008,0,483
330812.645991,383044.945716,0,518
330845.430623,383011.520627,0,150
330836.184776,382893.584486,0,730
330768.592419,382932.196893,0,730
331282.251823,383211.842461,0,730
331128.831059,383205.624911,0,44
330912.796936,382876.145709,0,699
331376.263036,383189.096435,0,279
330863.56827,382823.37175,0,314
330858.224918,382868.949886,0,443
331269.927796,383282.101619,0,661
331593.449062,383416.469396,0,730
331523.80875,383281.594562,0,517
331070.262831,383123.233067,0,351
331682.700225,383206.564045,0,472
331562.884475,383187.126603,0,730
331366.241084,383267.481904,0,376
331370.734683,383205.527067,0,730
330812.157045,382826.085774,0,197
331227.048251,383144.224308,0,730
331604.022778,383451.79929,0,516
331120.010593,383180.963672,0,730
330876.705506,382896.838663,0,177
331380.234146,383346.678949,0,615
331638.749201,383330.304011,0,193
331465.219409,383265.178941,0,641
331154.439641,383068.064502,0,309
331780.176086,383257.186685,0,657
331683.884288,383242.26503,0,730
331265.449478,383187.713189,0,713
331381.744866,383068.186784,0,239
330834.454656,382949.455153,0,27
331583.193709,383330.724076,0,730
330992.785536,382905.275545,0,324
330888.798476,382909.452041,0,730
330899.764838,382852.918919,0,730
331446.588209,383085.918246,0,160
331411.831404,383352.910013,0,730
331528.305805,383272.560814,0,730
330898.16052,382933.924565,0,175
330895.566565,382932.125106,0,730
331093.912181,383031.047226,0,730
331542.751492,383138.51582,0,118
331745.912926,383340.802449,0,452
331527.967741,383430.174134,0,730
331386.506847,383226.368247,0,432
330926.84693,382962.758534,0,730
331304.510408,383360.141309,0,730
331516.431968,383448.803906,0,730
330978.318638,383128.565774,0,614
330830.026418,382933.153853,0,730
331087.947636,382966.782468,0,376
331015.424179,382922.044259,0,485
331576.345719,383515.684406,0,537
331470.000974,383392.681621,0,510
331516.155601,383498.405143,0,264
331335.94683,383376.989925,0,430
331045.399148,383100.034384,0,699
331586.316071,383390.382124,0,467
331370.437414,383405.239357,0,730
330999.050554,382960.226592,0,378
331218.612116,383110.451148,0,233
331522.900212,383137.214141,0,730
331394.594499,383339.880636,0,730
331520.7583,383104.680239,0,486
331030.529405,383152.607167,0,370
331346.048928,383380.909607,0,730
331386.287575,383357.342926,0,139
331639.320697,383179.613032,0,730
331083.856127,383048.688375,0,613
331618.704011,383550.613422,0,730
331308.287,383147.435026,0,49
331369.257529,383205.155907,0,730
331562.60491,383524.474378,0,499
331641.64277,383495.745987,0,730
330804.687055,382914.809273,0,730
331234.500619,383086.377537,0,730
331164.279473,383018.123838,0,174
331199.688299,383095.569333,0,730
331639.567515,383549.209371,0,102
330848.877879,382885.47133,0,630
331327.986187,383372.516892,0,240
331056.543226,383073.05223,0,268
331268.976146,383102.718312,0,730
331159.283727,383065.94438,0,730
331420.199924,383411.139274,0,730
331478.443263,383127.469063,0,543
330832.587176,383046.829105,0,505
331626.293658,383171.668765,0,730
331711.690172,383392.65073,0,730
331251.529038,383182.940099,0,465
331514.451484,383101.330158,0,730
331572.984434,383288.461626,0,278
331732.705748,383188.774353,0,730
330903.819441,382898.424354,0,274
330810.118347,382800.827494,0,730
331147.162408,383214.440747,0,730
330946.315758,383007.243568,0,730
330965.687843,383066.631419,0,600
331195.56081,383025.341485,0,500
331741.353536,383298.321292,0,730
331419.777901,383384.776174,0,579
331217.927901,383281.764392,0,544
331527.934832,383190.402442,0,429
330757.195841,382950.190042,0,612
331596.017477,383475.572794,0,694
331092.639315,383091.462259,0,435
331146.529268,383059.101701,0,595
331619.892186,383260.759263,0,730
331222.101891,383085.677157,0,730
331165.307442,383137.630506,0,433
330818.66978,382844.054468,0,730
331497.284936,383480.455752,0,730
331560.469381,383136.275595,0,315
331766.962055,383237.724533,0,702
331447.578949,383210.172765,0,730
330991.655925,382901.419098,0,730
331644.284189,383160.008435,0,607
330827.019026,383006.985414,0,730
331636.12438,383333.78366,0,528
331129.511858,383109.664303,0,460
331780.011218,383232.959331,0,388
330806.369344,382858.765096,0,730
330972.459949,382913.948025,0,287
330988.248981,382931.374717,0,730
330914.67297,383040.590455,0,730
331466.434894,383438.017799,0,730
330970.777349,382927.880946,0,8
331277.118395,383203.190213,0,451
331082.274895,383073.460104,0,467
331417.998059,383176.524783,0,730
331594.87199,383148.945156,0,282
330826.870306,383014.660176,0,689
331545.584094,383173.629865,0,730
331510.97487,383135.897658,0,730
331375.287442,383320.20723,0,101
331375.891476,383346.487136,0,730
331512.807597,383442.953551,0,173
331535.343571,383554.811152,0,730
331736.168508,383379.827728,0,730
331608.231634,383361.36952,0,223
330897.522673,382850.214606,0,730
331672.464371,383297.5448,0,445
331724.765231,383328.248693,0,730
331731.493457,383227.789256,0,295
331605.359683,383321.57716,0,328
331194.438499,382997.455786,0,730
330983.061141,383088.185147,0,685
330837.37578,382803.826492,0,222
331678.182579,383452.412542,0,730
331131.974617,383041.599681,0,355
330951.272015,382890.033843,0,643
330919.826275,383096.744388,0,730
331061.369125,383010.523286,0,730
331547.055023,383551.774811,0,730
331633.507118,383233.809411,0,269
331345.248254,383255.770368,0,447
331568.369158,383180.17193,0,47
330915.881644,382819.862631,0,634
331667.735028,383535.491094,0,692
331221.860147,383152.87421,0,629
331348.378613,383155.968976,0,563
331544.129252,383157.750332,0,730
331413.329209,383379.130917,0,730
330967.176927,382949.874429,0,730
331358.746681,383100.992201,0,730
331384.51217,383381.996352,0,730
330980.547095,383004.858826,0,730
331296.89577,383056.179113,0,730
330740.198675,382932.757863,0,730
330983.461883,383024.324712,0,730
330745.915734,382988.695288,0,730
330829.694374,382960.844961,0,730
330740.604822,382941.254515,0,730
330912.004345,383062.706436,0,730
330880.345473,383023.943354,0,730
331013.791313,382903.806612,0,589
331492.312838,383269.296415,0,568
331608.876101,383213.186793,0,730
330970.936817,383121.365173,0,136
331642.226972,383203.423142,0,730
331428.120943,383197.878274,0,730
331647.686545,383147.85935,0,730
331454.718074,383420.615823,0,730
331564.317014,383467.071203,0,730
331547.3107,383401.355368,0,138
330899.532862,382888.092078,0,730
331201.390308,383109.622813,0,730
331256.646854,383222.484897,0,477
331372.513233,383376.549585,0,730
331423.366089,383338.134016,0,730
331336.352756,383328.170029,0,303
331498.603032,383188.112681,0,469
330796.434229,382912.70197,0,672
331481.094352,383326.879198,0,730
331222.099221,383159.037654,0,730
330984.340647,383137.698068,0,534
331145.349583,383216.730774,0,491
331744.656733,383374.412229,0,730
331328.600912,383163.050192,0,61
331502.063625,383138.067233,0,730
330775.027855,382929.201267,0,542
331527.215327,383439.987034,0,730
331667.132197,383277.975621,0,730
331024.506972,383089.323353,0,384
331511.916602,383396.434033,0,428
331016.508752,383145.378053,0,730
331739.820668,383359.311807,0,730
330826.010486,383045.378655,0,128
331754.706041,383324.626624,0,730
331528.288577,383290.340521,0,526
331202.098122,383054.395786,0,490
331340.252712,383157.133053,0,730
330992.277195,382911.362662,0,546
331111.160969,383081.409638,0,730
331237.077053,383176.304166,0,730
331587.5633,383421.399867,0,7
331149.742491,383228.266347,0,730
331374.049815,383064.71188,0,707
331674.410377,383531.832901,0,263
331452.368466,383243.842006,0,730
331655.869248,383522.519764,0,573
331095.430977,383080.284905,0,291
330920.587339,382939.601248,0,730
331256.205233,383115.833681,0,552
330946.685372,383106.712849,0,730
330803.146781,382904.476987,0,57
331385.709685,383072.730515,0,92
330902.888924,383039.40032,0,230
331566.964807,383385.045222,0,730
331329.571654,383341.25642,0,730
330846.153401,382901.641181,0,676
331116.7762,383185.315647,0,614
331415.622091,383177.093964,0,730
331715.813858,383222.080643,0,730
331336.009344,383378.566141,0,730
331634.292029,383331.138495,0,730
331618.503168,383375.537994,0,730
331533.118993,383233.613561,0,372
331569.01887,383248.163649,0,730
331447.681519,383418.365404,0,730
330793.578592,382793.041313,0,730
331476.256335,383194.92042,0,730
330971.025052,382912.637693,0,730
331567.306746,383578.170466,0,730
331497.118037,383243.612464,0,212
331467.460047,383440.31928,0,626
331473.094483,383292.449084,0,730
331444.349131,383266.311666,0,730
330891.525523,383007.203826,0,118
331683.256082,383223.048737,0,95
331542.309036,383599.432284,0,321
331412.388761,383306.903318,0,79
330837.537618,382984.288173,0,496
330999.994008,383088.299286,0,691
331533.619086,383523.590113,0,553
330954.093011,382989.914276,0,730
331750.894284,383324.790749,0,730
330971.268016,383120.262787,0,561
331675.331673,383273.76689,0,730
331503.757656,383507.215232,0,730
331342.957881,383243.310432,0,205
331026.451594,383063.740929,0,245
331002.955752,383038.850764,0,427
331633.686406,383494.505073,0,730
331204.80676,383176.0158,0,658
331629.652651,383385.226691,0,667
330853.829319,382795.653101,0,730
331757.619647,383208.421204,0,730
331725.400437,383409.250105,0,419
330778.784828,382911.684506,0,730
331761.477169,383200.307265,0,617
331474.817712,383511.126072,0,730
331524.900755,383390.775465,0,445
331506.624618,383285.4701,0,656
331382.662373,383363.329912,0,730
331729.095055,383265.097145,0,730
331526.059123,383239.906354,0,558
331536.501922,383543.983584,0,730
331508.993264,383251.8686,0,8
331653.196403,383314.6101,0,730
331435.819619,383208.390049,0,521
331562.874946,383265.885035,0,730
330973.700927,382899.952089,0,730
331470.865938,383273.518667,0,524
330819.132179,382953.391708,0,730
331683.973453,383206.521671,0,426
331278.308097,383167.092717,0,730
331506.746887,383226.497128,0,730
331484.366012,383450.708857,0,321
330730.34308,382986.787588,0,730
331280.586497,383047.060215,0,294
330908.743147,382988.093539,0,338
331351.803259,383395.826192,0,730
331630.952078,383228.985879,0,730
331618.635441,383460.665245,0,730
331567.751208,383295.119138,0,533
331039.592792,382918.83993,0,100
331413.95093,383385.260809,0,730
331529.316195,383408.926144,0,189
331466.392673,383217.462604,0,730
331388.717741,383325.802308,0,730
331484.63795,383217.109576,0,730
330781.245128,382929.291407,0,528
331254.594355,383186.637348,0,649
331342.825526,383340.672412,0,212
330919.125476,382960.597552,0,700
331462.498618,383107.320339,0,632
331198.754904,383066.026936,0,538
331685.052754,383285.251624,0,730
331356.939848,383192.826919,0,730
331251.434937,383226.973843,0,124
331613.282073,383212.426691,0,730
331665.828634,383266.54924,0,730
330830.504495,383033.229098,0,730
331369.913081,383364.836576,0,214
331574.105767,383550.059781,0,730
331292.397834,383192.293386,0,408
330947.873519,382900.106806,0,257
331084.167644,383050.34879,0,345
331035.331591,383163.452439,0,730
331432.066293,383334.594882,0,730
331057.862489,383025.516137,0,172
331140.109525,382981.503783,0,730
331531.018781,383426.873272,0,696
331125.308957,383200.667013,0,730
331166.238222,383124.484148,0,730
331239.533844,383293.563373,0,236
330811.80753,382902.198685,0,730
330856.982976,382841.141208,0,448
331547.830199,383302.526703,0,468
330808.368507,382971.36055,0,359
331633.886754,383469.246718,0,730
330822.228699,382894.103081,0,673
331363.274669,383052.725058,0,730
330946.288534,383043.325016,0,401
331555.734948,383395.181481,0,730
331277.964798,383253.204816,0,639
331609.628546,383504.601858,0,730
331715.085434,383350.683462,0,115
331733.535588,383189.986224,0,730
331126.339502,383194.441615,0,719
330870.530595,382991.892554,0,621
330865.702465,382965.41973,0,730
331183.974393,383051.003152,0,730
330976.043149,383053.848671,0,107
331584.286945,383338.1412,0,74
331133.344024,383052.203315,0,730
330855.764136,382855.677202,0,501
331600.577974,383209.021082,0,730
331407.410477,383125.617162,0,61
330919.470405,382950.124283,0,633
330839.435953,382949.986515,0,529
331683.323378,383429.881918,0,464
331251.356718,383095.484107,0,682
331425.548361,383399.689123,0,543
330757.264043,382988.319388,0,730
331398.604564,383431.406096,0,242
331551.126128,383425.985389,0,339
331467.819042,383491.764286,0,730
331435.282044,383422.154037,0,730
331128.240313,383124.68944,0,286
331358.290514,383345.015076,0,488
331147.313965,383245.361077,0,483
331353.900807,383346.681219,0,600
331253.875251,383165.274537,0,730
331315.86668,383071.429347,0,628
331580.74089,383244.445936,0,534
331656.796027,383553.585148,0,455
331297.42871,383100.10588,0,730
331158.252008,383110.419291,0,730
331456.419052,383280.008783,0,602
331588.342689,383396.279166,0,646
330867.664131,382812.162098,0,730
331575.152305,383160.37805,0,730
331481.927851,383180.334031,0,197
331585.420917,383290.80904,0,230
331376.35113,383141.000041,0,186
331345.322938,383284.276416,0,496
331463.095216,383130.622216,0,78
331190.634094,383235.556782,0,478
331463.957922,383124.0494,0,688
331085.410453,383061.53361,0,224
331569.943076,383496.420019,0,50
331565.113965,383441.321531,0,625
330830.638365,382860.849055,0,730
331631.077981,383359.89649,0,730
330802.786511,382865.617927,0,580
331377.14803,383147.231388,0,730
331782.258218,383265.621207,0,730
331464.602641,383266.63543,0,9
331720.586783,383369.091672,0,287
331312.282453,383121.270038,0,730
331082.384401,383023.913378,0,730
331549.816964,383442.040496,0,130
331238.121104,383312.838139,0,390
331259.310803,383114.02595,0,356
331176.18135,383267.890062,0,648
330876.39964,382986.91775,0,532
331728.649655,383378.997974,0,620
331163.76871,383120.519715,0,730
330872.323168,382890.140276,0,730
331381.913519,383257.815575,0,730
331195.382631,383183.970856,0,358
330854.287813,383056.219105,0,730
331008.62174,382948.905265,0,436
330950.645725,383043.134912,0,730
331631.638958,383420.941152,0,730
331096.054128,383153.904559,0,730
330869.721452,383031.242886,0,730
331445.383791,383231.917563,0,730
330797.030734,382946.836235,0,730
331326.062411,383111.464713,0,397
331098.512661,383047.967485,0,730
331725.769403,383353.632091,0,564
331196.381184,383220.969083,0,730
331750.056007,383344.574484,0,730
330858.983998,383062.781414,0,730
331401.368352,383118.149734,0,181
331335.4163,383261.311126,0,730
331348.480119,383136.179992,0,730
331682.365757,383247.519418,0,228
331290.554004,383122.163941,0,730
331146.5594,383140.743169,0,730
330809.726511,382980.244605,0,730
331603.989685,383401.713234,0,730
331544.143824,383405.676408,0,344
331189.764984,383264.754902,0,106
331583.884272,383246.449619,0,303
330835.914619,382804.915496,0,348
331421.736447,383117.34215,0,730
330973.322341,383121.254902,0,4
330985.01232,383016.157075,0,587
331195.354272,383072.074646,0,730
331767.601317,383272.877831,0,730
331327.792812,383376.907514,0,105
331556.077643,383217.020135,0,730
331174.838506,383112.046925,0,664
331307.980027,383331.518434,0,730
331671.220063,383201.655753,0,301
331708.541373,383192.116442,0,730
331448.465123,383212.304247,0,706
331519.127336,383312.864634,0,730
331345.435997,383252.67306,0,513
331537.789939,383291.568058,0,270
331031.308565,383021.858579,0,149
331382.522223,383373.500776,0,548
330768.425702,382888.367243,0,538
330892.44627,383038.420633,0,730
331497.250482,383313.760815,0,730
330856.204338,382979.723706,0,654
331300.290386,383277.95786,0,730
330907.594091,382926.53282,0,480
331764.608661,383283.944817,0,730
331659.433228,383153.301103,0,363
330775.157073,382919.504847,0,362
331207.652835,383022.517203,0,730
331522.837208,383152.505487,0,637
331073.764814,383009.938472,0,730
331413.11509,383401.958526,0,646
330829.312987,383007.975731,0,380
330846.043787,382925.081186,0,730
331054.516119,383049.473457,0,377
331671.43439,383197.461076,0,682
331436.57268,383276.641018,0,438
331525.085352,383576.875946,0,730
331589.017935,383344.982505,0,730
331658.12515,383365.577033,0,381
330874.788105,382909.688526,0,235
330949.634578,382942.27595,0,463
331099.270283,383176.533501,0,730
331707.199576,383331.959719,0,670
331574.099839,383280.619377,0,277
331058.383907,382976.149352,0,714
331261.233922,383100.288289,0,238
331261.878544,383253.875976,0,730
331091.629461,383184.379431,0,730
331005.136969,383027.70365,0,453
331342.873598,383094.393422,0,308
331677.697366,383367.422158,0,265
331369.872961,383139.05816,0,730
330947.075739,382930.065792,0,728
331451.468931,383258.823781,0,730
331360.474551,383218.661526,0,730
330937.965968,382922.38991,0,730
331147.937236,382979.905453,0,730
331091.138961,383094.261546,0,730
331308.542691,383347.221481,0,320
331669.353812,383262.356934,0,195
331340.577462,383149.129799,0,369
331299.077862,383247.87093,0,546
330898.421826,382948.991655,0,730
330959.530613,382999.043755,0,201
331561.905534,383508.111875,0,291
331482.149344,383497.606823,0,730
331430.600672,383432.761783,0,730
330982.479368,383045.034441,0,730
331326.312248,383183.883857,0,730
331534.887097,383557.928564,0,425
330766.009221,382931.344431,0,507
330994.315719,383109.652272,0,730
331438.683982,383272.502139,0,730
331683.520031,383516.201179,0,730
330904.476719,383021.109685,0,701
330888.203634,383080.606446,0,255
331263.244248,383071.860925,0,204
331120.211492,382948.901494,0,730
331165.541355,383083.423545,0,405
330920.419749,383091.035175,0,37
330824.098203,382863.173887,0,730
331215.075261,383084.369239,0,730
331727.225027,383303.233378,0,730
330833.531973,382947.6706,0,730
331249.368212,383321.981338,0,730
331708.563895,383449.386081,0,363
331575.589642,383524.896492,0,730
331527.632812,383165.005349,0,730
331200.257885,383258.906847,0,730
330950.263843,383108.613282,0,730
331199.842001,383087.838369,0,267
331688.792793,383436.411198,0,403
331167.08543,383111.797616,0,591
331720.312557,383412.576505,0,730
331036.891779,383023.987854,0,730
330762.183909,382988.924327,0,352
331535.137288,383577.613361,0,282
331489.090491,383435.14846,0,152
331306.600874,383258.008434,0,730
331722.808246,383304.648921,0,289
331609.544773,383513.50249,0,615
331406.658376,383423.562339,0,183
331694.707789,383209.301357,0,474
331100.998621,383166.173807,0,658
331429.02656,383151.375063,0,577
331463.806676,383478.059006,0,730
331003.241414,382921.04039,0,730
331272.158339,383077.339044,0,298
331590.536168,383161.452869,0,423
331137.494078,383090.39145,0,730
330889.479892,382966.06538,0,494
331625.206397,383264.089926,0,730
331650.120389,383308.224977,0,500
331661.704511,383211.152262,0,730
330918.532795,382896.675256,0,346
331315.68046,383141.893724,0,710
331454.932885,383105.615356,0,296
331568.416832,383414.040546,0,730
330826.123218,382899.733959,0,730
331343.648267,383125.049046,0,728
331543.43807,383437.385809,0,730
331018.337883,382934.569691,0,730
331479.174273,383516.166213,0,431
331302.837382,383299.632363,0,660
331298.905926,383160.725005,0,380
331597.765032,383523.244373,0,730
331112.271471,382999.535301,0,730
331038.935801,383030.761053,0,730
331410.96664,383372.427643,0,730
331320.587521,383330.41766,0,441
331665.06761,383189.583906,0,730
331219.036594,383217.433365,0,517
330898.50969,382870.830174,0,12
331100.778076,383208.681104,0,730
330823.563319,383019.262113,0,730
331439.920131,383422.370184,0,730
331397.419158,383375.852192,0,124
331381.167627,383143.940213,0,324
331428.15613,383456.604437,0,730
331492.884619,383395.08302,0,730
331391.956456,383188.990138,0,730
331523.134841,383358.560004,0,695
331610.505312,383511.092662,0,730
331642.047683,383208.398322,0,250
330922.522904,383056.366288,0,730
331401.803282,383421.319599,0,448
331707.178299,383308.505774,0,730
331090.476038,383214.978375,0,730
331526.039481,383382.893527,0,636
330759.426578,382957.023314,0,730
331105.598625,383215.027681,0,440
331341.086453,383273.152662,0,369
331149.118614,383132.718733,0,730
330911.068908,382934.396361,0,526
331579.996577,383583.842005,0,127
331591.469795,383128.394211,0,730
331398.511929,383201.067237,0,424
331510.132503,383193.533514,0,416
331666.135005,383517.753286,0,399
331403.337394,383210.33782,0,730
331569.460719,383328.474358,0,497
331539.710241,383544.23,0,730
331063.625949,383018.918446,0,724
331349.114724,383284.120191,0,730
331016.628505,383087.193291,0,520
331670.18932,383338.175489,0,23
330998.84856,383110.074742,0,730
331246.780302,383135.437883,0,730
330953.893993,382979.803733,0,730
331527.250043,383374.4112,0,730
330861.535356,382803.030242,0,730
331754.376865,383258.568725,0,730
331598.095462,383491.033147,0,132
331653.317673,383552.990223,0,730
331370.693639,383273.944195,0,730
331001.345332,382906.062517,0,153
331368.940124,383281.442956,0,730
330780.257938,382888.960083,0,215
331393.608891,383348.333845,0,304
331526.365219,383319.266022,0,730
331642.46817,383327.095835,0,730
331026.311587,382988.011658,0,730
331110.923231,383022.724931,0,730
330900.517268,382819.846757,0,730
331003.974681,382935.020788,0,730
331482.003765,383122.233815,0,730
330817.34327,383013.164239,0,361
331126.816932,383068.383257,0,730
331150.302142,383201.159577,0,509
331515.516854,383167.526169,0,684
331721.667912,383326.362529,0,730
331448.760186,383376.500284,0,668
330806.359977,382933.086006,0,730
331529.648702,383581.557754,0,730
330792.672706,382807.230419,0,60
331396.219028,383077.865858,0,730
331227.151864,383003.469164,0,730
330911.539562,382998.414067,0,730
331537.810477,383512.241134,0,353
330812.591131,382887.429395,0,730
331264.482273,383235.542706,0,730
331623.442118,383252.66663,0,730
330899.437818,382926.325592,0,488
331485.82906,383334.428978,0,730
331071.399043,382986.367612,0,730
330983.867524,382949.421544,0,581
331340.855232,383383.996383,0,730
331215.741587,383084.440518,0,141
331656.543032,383352.924842,0,730
331401.43988,383325.906621,0,730
331333.523447,383315.973806,0,292
331415.078445,383433.112753,0,730
331573.146287,383131.592315,0,333
331714.24416,383293.048938,0,730
331386.342509,383410.21049,0,522
330938.924664,382902.972625,0,730
331071.083035,383149.505045,0,652
331462.22893,383493.043021,0,730
331024.020202,382988.926761,0,665
331393.598464,383337.777606,0,730
331624.112386,383450.495144,0,550
330762.111939,382905.405693,0,730
330943.926566,382919.001511,0,591
330764.550292,382870.297595,0,730
330929.502696,382837.451451,0,343
331726.080441,383340.511904,0,544
331604.490626,383210.378934,0,565
330752.807515,382992.596557,0,730
331308.435951,383144.212246,0,730
330900.276255,382876.929873,0,730
331434.454,383413.057374,0,717
331694.115801,383263.6846,0,730
331354.411908,383373.933787,0,730
331124.486107,383055.960887,0,730
331348.658194,383246.740135,0,456
331382.679984,383119.976553,0,595
331389.368958,383419.790086,0,730
331608.073094,383228.749656,0,730
330834.441048,382904.002865,0,730
331460.182821,383450.260461,0,471
331744.785123,383204.348757,0,730
331752.273714,383352.184976,0,644
331609.418991,383208.632893,0,640
331620.777637,383274.212869,0,529
331605.590011,383419.392045,0,730
331557.674435,383161.133981,0,442
331738.220174,383370.605836,0,218
330804.442544,382849.642975,0,730
331358.382359,383239.822055,0,730
331568.869883,383337.508684,0,184
331585.397908,383372.946259,0,729
331261.903977,383117.973124,0,47
331041.655098,383014.707133,0,629
331533.050432,383394.636915,0,730
331375.767227,383349.177167,0,730
331459.774649,383352.474307,0,730
331428.892027,383107.498225,0,730
331164.009682,382981.492319,0,730
331126.447843,383202.115472,0,48
331312.648619,383364.407282,0,297
330902.109179,383029.684213,0,730
331436.265306,383431.379709,0,617
331731.564145,383361.266548,0,730
330850.226057,382801.530807,0,161
331207.429041,383097.140304,0,730
331640.914031,383559.673551,0,338
331202.291206,383250.643699,0,730
331482.871427,383356.235265,0,730
331052.019043,383150.404929,0,466
331295.32148,383328.292298,0,422
331394.577272,383118.53247,0,199
330868.301348,382845.076202,0,730
331624.135702,383359.980159,0,730
331491.256582,383227.484584,0,379
331010.768135,383002.936098,0,730
330788.121749,382954.116278,0,327
331744.997256,383202.094624,0,671
330791.005559,382956.382201,0,619
331549.078829,383177.385862,0,730
331501.285552,383465.496718,0,730
331291.249414,383224.609687,0,280
330919.552355,382908.487993,0,730
330940.076968,383027.936931,0,730
331635.863427,383555.034288,0,485
331756.132255,383330.65776,0,519
331530.28276,383391.382953,0,730
331711.796189,383234.250033,0,53
331076.866641,383184.862576,0,730
331174.453399,383145.629168,0,730
331452.275319,383298.786872,0,730
331359.805032,383108.687597,0,56
330926.758168,382956.879443,0,555
330800.889949,382951.755277,0,730
331004.96849,383124.858659,0,573
330971.877483,382981.442239,0,404
331641.754159,383344.597304,0,730
331304.423894,383223.354071,0,730
331496.341657,383309.71481,0,242
331367.896528,383161.585976,0,730
331666.458789,383418.511809,0,730
330935.775282,382933.928889,0,574
331519.450766,383507.019358,0,718
331723.714239,383433.357035,0,730
330907.058114,382882.52558,0,612
331371.413979,383116.466063,0,730
330859.852388,383056.654134,0,279
331388.739155,383166.174191,0,248
330987.360719,383081.568045,0,198
331269.584915,383152.100916,0,720
331361.680075,383356.560318,0,730
331672.561838,383411.533677,0,730
331029.257177,382996.313381,0,420
331372.044975,383384.825659,0,666
331644.181783,383523.869367,0,377
331367.819119,383339.327923,0,730
330844.420803,382811.031966,0,730
330803.083059,383003.219008,0,730
331392.711004,383332.626197,0,730
330955.461756,383030.171246,0,67
331732.152019,383190.07087,0,730
330825.041411,383043.452615,0,241
331520.849246,383340.834059,0,207
330815.193445,382952.188117,0,730
331578.098813,383134.377773,0,727
330771.135694,382870.858693,0,730
331264.188571,383025.441944,0,301
331525.328022,383297.090709,0,460
331413.297386,383336.758974,0,387
331090.385587,383060.323513,0,109
331549.655454,383295.230252,0,730
331233.675163,383007.812864,0,730
331254.388037,383216.588797,0,730
330839.290066,382929.231275,0,730
331328.141085,383153.39879,0,730
331700.72995,383389.679988,0,662
331520.710853,383283.183084,0,319
331386.698039,383371.464719,0,466
331069.942466,382963.703519,0,114
331568.830786,383443.064606,0,226
331407.584026,383370.634339,0,497
331753.323776,383265.722646,0,730
331216.172402,383211.626858,0,427
331173.942879,383149.506815,0,730
330833.772117,382873.265061,0,730
331101.094306,383098.201374,0,484
331408.964595,383287.683455,0,651
331270.065617,383192.708869,0,730
331284.608086,383289.159976,0,464
331564.704637,383231.330696,0,713
331213.846784,383098.668915,0,730
331535.794051,383575.039029,0,730
331762.986449,383266.596982,0,323
331033.610555,383025.1276,0,459
330986.046076,383014.075109,0,156
331403.503644,383131.963999,0,723
331755.645536,383353.360371,0,74
331289.11058,383332.776169,0,730
331324.63388,383099.087918,0,730
331376.924365,383342.369281,0,730
331485.937428,383101.925117,0,730
330774.54916,383008.226751,0,730
330953.594232,382881.640197,0,386
331345.697221,383206.989756,0,730
331239.098289,383322.782378,0,479
331483.946831,383515.662454,0,730
331231.241092,383173.601107,0,680
331179.369354,383140.497797,0,662
331528.738922,383405.54056,0,730
331752.270494,383203.193565,0,262
330817.588782,382874.865484,0,730
330946.246596,383078.483546,0,20
331120.614312,383082.062932,0,730
331506.587288,383435.071984,0,730
330960.818068,382935.584934,0,686
331096.78025,382968.231417,0,603
331595.686721,383439.725462,0,378
331419.83352,383102.635602,0,659
331747.874872,383207.107719,0,720
331198.757376,383169.91392,0,473
330815.889819,382932.881257,0,730
330931.474795,382992.252047,0,96
331487.785487,383266.477724,0,730
331115.689702,383052.626169,0,585
331205.32151,383201.9126,0,676
331449.84064,383085.605665,0,345
330923.346404,382817.37914,0,730
331409.324501,383254.540211,0,267
331237.947348,383294.605479,0,482
331569.051981,383222.95957,0,730
330745.403471,382938.63317,0,84
331324.613639,383079.74646,0,417
330814.478874,382950.331187,0,730
331478.136327,383395.861778,0,730
331668.596213,383216.273528,0,730
331207.712709,383026.088339,0,730
331232.833151,383078.173803,0,290
331534.095675,383500.480231,0,723
331614.463783,383456.873476,0,582
330882.494905,382889.284619,0,712
330944.979984,383098.39751,0,518
330764.521605,382926.779544,0,364
331185.024248,383187.606014,0,336
330790.984756,382957.52698,0,396
331454.602499,383147.168644,0,616
330864.572037,382803.495705,0,714
331482.431776,383464.47802,0,730
331465.228132,383293.474588,0,730
331664.491566,383227.509453,0,730
331379.096455,383366.039265,0,730
331372.380903,383220.845109,0,669
330892.857416,382860.908541,0,730
331384.315526,383282.444232,0,730
331011.990166,382955.590553,0,730
331545.848958,383556.89665,0,354
331219.276094,383175.815328,0,273
331495.164626,383349.679365,0,730
331526.311713,383151.122081,0,730
331197.601396,383035.365693,0,722
330946.387238,382919.983051,0,411
330905.245675,383022.311675,0,730
331464.057518,383131.374884,0,730
331677.018608,383358.387063,0,730
331322.241076,383270.674246,0,580
331452.178576,383093.325569,0,730
331138.958043,383082.684345,0,18
331576.979157,383591.403239,0,730
331608.666667,383346.970644,0,730
331489.008035,383136.769268,0,653
331561.670432,383560.795973,0,97
330962.03467,382878.684833,0,730
331293.673177,383143.85321,0,730
331145.42911,383152.822204,0,217
331472.175922,383480.011561,0,730
331155.763758,382970.129403,0,730
331395.673182,383261.540103,0,604
331655.910567,383422.705838,0,457
331505.236434,383160.244129,0,31
331759.260286,383313.688153,0,730
331190.796196,383113.118329,0,50
331079.809122,383001.535538,0,730
331248.566041,383133.077618,0,85
331055.978764,382986.691955,0,730
331606.244341,383356.742933,0,316
331045.737054,383088.941293,0,535
331740.357171,383271.337996,0,730
330904.6187,382909.320465,0,556
331290.938474,383331.870729,0,69
331625.940328,383270.589344,0,554
331428.078304,383140.961887,0,730
331582.201483,383241.545753,0,51
330973.160743,382925.627925,0,730
330919.065887,382942.789638,0,562
330813.894019,383018.146904,0,730
331400.589131,383334.639832,0,730
331499.215119,383422.442626,0,16
331048.247299,382964.771226,0,730
331620.188355,383368.902529,0,187
331622.675828,383519.519289,0,730
331274.988212,383171.300055,0,116
331212.991042,383061.847482,0,730
330765.726622,382987.15747,0,547
330935.379395,382864.361215,0,685
331512.432255,383483.195637,0,221
331327.776176,383235.122781,0,570
331199.130472,383282.93135,0,602
331390.857061,383400.136589,0,725
331089.197583,383193.214145,0,247
331684.35368,383450.478295,0,730
331588.335762,383435.145156,0,730
331282.143902,383304.33775,0,730
331078.834051,383167.992044,0,730
330796.72917,382985.78384,0,578
331705.216905,383188.52983,0,730
331489.855,383222.082042,0,730
331437.062945,383240.817209,0,730
331269.182892,383324.964648,0,730
330869.814595,382995.117517,0,35
331407.061476,383306.765411,0,111
331393.372975,383274.985458,0,730
331176.240241,383135.139041,0,730
331157.00117,383193.807661,0,260
331040.3766,382959.036151,0,557
331620.828089,383251.908266,0,64
330782.742759,382870.191373,0,693
331004.764558,383090.096152,0,730
331177.973871,383262.487245,0,730
331196.159487,383126.849906,0,181
331603.400777,383538.086777,0,352
331504.266159,383513.58729,0,686
331024.882147,382938.105999,0,730
331189.077701,383210.010829,0,730
331733.338305,383388.825639,0,359
331615.379395,383444.422475,0,701
331668.12353,383270.534387,0,319
331204.384404,383108.39942,0,683
331732.958371,383243.908583,0,718
331289.194915,383312.264302,0,586
331556.721996,383455.33562,0,730
331356.263834,383066.220999,0,730
331611.336444,383137.33651,0,730
331046.376809,383141.914732,0,224
331594.589293,383293.298772,0,628
331157.480591,383170.756976,0,730
330794.040483,382966.585213,0,601
330883.085723,382963.98379,0,730
331169.006751,383122.366435,0,59
331335.545561,383306.012291,0,391
330761.789407,382898.647299,0,249
331509.442685,383445.684471,0,398
330799.44108,382993.492568,0,730
331379.997657,383179.810344,0,21
331565.249441,383287.500131,0,133
330805.592682,382828.297164,0,730
331565.297197,383219.17207,0,519
331392.673833,383061.542616,0,730
331626.813413,383194.465309,0,137
331446.035597,383334.248034,0,508
331689.448195,383160.673685,0,730
331376.498021,383084.599443,0,730
331430.277608,383196.007883,0,84
331393.666256,383199.440721,0,730
331395.495329,383227.121821,0,730
331690.737214,383306.89739,0,730
331511.173355,383397.251635,0,730
330928.675336,382989.944681,0,730
331722.818785,383192.083455,0,730
