328619.000603,379166.724074,0,677
328498.687891,378989.801065,0,7
328592.587981,378782.603596,0,730
328374.003504,379024.680338,0,730
328477.189352,379138.86558,0,688
328634.284537,378738.603505,0,311
328661.000894,378859.070568,0,166
328611.602196,379203.390094,0,201
328628.613399,378666.273558,0,730
328353.614838,378798.272783,0,282
328695.651082,379172.279293,0,582
328669.210755,378971.683814,0,730
328503.064916,379029.512352,0,302
328751.208308,378930.574674,0,730
328331.063469,378949.020929,0,90
328394.716112,378979.475447,0,730
328591.268136,378724.595767,0,730
328652.304316,378919.335347,0,78
328257.995002,378934.085098,0,490
328297.650101,378763.753645,0,636
328739.869496,379214.60264,0,730
328513.449312,379154.922772,0,730
328465.496692,378693.76463,0,730
328306.845107,378992.469105,0,730
328705.17062,378887.716776,0,348
328727.646532,379244.097936,0,730
328697.001018,378626.869859,0,227
328507.296179,378744.789927,0,540
328635.518107,379298.783038,0,730
328736.810396,378718.846949,0,730
328417.894061,378771.192141,0,730
328668.673019,378948.750215,0,730
328462.08961,379040.502654,0,565
328565.253884,378997.134798,0,117
328616.239937,379085.206448,0,730
328453.740888,379070.516766,0,730
328730.151784,379184.228744,0,730
328685.628794,379158.817543,0,276
328181.179187,378857.874345,0,730
328603.420694,379068.414824,0,730
328478.714266,378754.696221,0,730
328607.386812,378730.252593,0,730
328415.0852,378951.922834,0,730
328573.673153,378666.186466,0,730
328533.725828,379138.102483,0,730
328708.675731,378757.763202,0,640
328259.596498,378758.657666,0,279
328579.084234,378960.753429,0,39
328635.458722,379008.924314,0,730
328671.953489,378972.094898,0,730
328381.621794,378949.981303,0,668
328731.273455,378848.242558,0,576
328156.157319,378869.292618,0,59
328139.255324,378881.837245,0,730
328463.513464,379101.848378,0,414
328704.070374,379168.862882,0,730
328415.829217,378737.4326,0,710
328208.923021,378923.510289,0,730
328550.207733,379168.527176,0,730
328693.260502,379071.562732,0,730
328684.045314,378792.010295,0,596
328244.299598,378881.359228,0,730
328532.06511,379142.667991,0,730
328504.064607,378885.783564,0,730
328715.735299,378894.857205,0,730
328424.432004,378993.589636,0,730
328474.924797,378685.098983,0,730
328402.141737,379040.346474,0,38
328606.257002,378849.402615,0,730
328672.266329,378989.340952,0,730
328480.89131,378791.10143,0,564
328330.838862,378939.115685,0,598
328653.42296,379271.47108,0,730
328401.339238,379027.402595,0,730
328348.417322,378921.69558,0,730
328662.124168,378849.886224,0,730
328638.760812,378858.134219,0,202
328690.785975,379112.10446,0,403
328633.899233,379200.660104,0,599
328744.536375,378932.139916,0,730
328374.090145,378847.927124,0,730
328472.417374,378821.061316,0,730
328243.008543,378833.35743,0,730
328225.897188,378867.253597,0,650
328419.563502,378952.323062,0,41
328607.444813,378867.736171,0,77
328733.165559,379245.781629,0,730
328183.379409,378816.076658,0,559
328722.371355,378709.569962,0,730
328202.984652,378832.361526,0,730
328380.510992,379016.402378,0,730
328762.533434,379039.474011,0,431
328603.634936,379088.477246,0,730
328561.851805,378748.719968,0,730
328530.529822,378879.613324,0,68
328266.471956,378966.464333,0,625
328321.547648,379003.529178,0,640
328622.095314,379256.060867,0,730
328678.431597,379057.349803,0,730
328600.587519,379045.183256,0,730
328235.356575,378906.473961,0,730
328663.530397,379076.082507,0,730
328618.254611,378857.695991,0,626
328491.11557,378925.631294,0,730
328771.038862,379135.096491,0,527
328568.329405,378981.651431,0,730
328570.841045,379185.975512,0,455
328243.876572,378851.533402,0,730
328318.298187,378886.363904,0,730
328251.215966,378896.214494,0,730
328485.026765,379126.981261,0,308
328647.351388,378689.739885,0,730
328637.851317,379180.266337,0,730
328559.105105,379121.722732,0,730
328269.529751,378895.006144,0,730
328715.496836,378809.200715,0,517
328587.975353,379072.32996,0,730
328451.552991,378785.324018,0,730
328776.607584,379140.181425,0,730
328714.767548,378826.338259,0,730
328732.092448,379068.229195,0,730
328718.138899,379058.268695,0,730
328775.825526,379126.001089,0,279
328338.211763,378871.161363,0,567
328656.179191,378849.586688,0,730
328498.994053,379154.560341,0,730
328628.764541,379088.161378,0,730
328423.038585,378891.552804,0,204
328716.251158,379246.850954,0,62
328529.588939,378921.607964,0,730
328529.114524,379169.676394,0,730
328500.460948,378875.174637,0,730
328589.658346,379201.075081,0,730
328576.582276,379214.904558,0,105
328712.515429,379069.18801,0,530
328741.656072,379229.63602,0,40
328144.795683,378888.555093,0,192
328422.574672,378703.11358,0,730
328584.646802,378988.637808,0,136
328363.241978,378841.152226,0,730
328686.062928,379065.663748,0,730
328662.69437,378724.81918,0,730
328536.28409,378689.829342,0,730
328700.08217,378875.362942,0,730
328612.238083,379030.374106,0,293
328679.771478,379201.146618,0,730
328391.069947,378842.077244,0,472
328534.501252,378715.006129,0,730
328649.585522,378872.898046,0,222
328575.023869,378819.361008,0,667
328714.2824,378909.919227,0,730
328475.019925,378970.721851,0,730
328647.785478,379362.233897,0,700
328684.956761,378973.472651,0,283
328657.693304,378947.150086,0,3
328440.58473,379061.694599,0,195
328514.794051,378870.780358,0,466
328254.965347,378989.101976,0,356
328473.532428,378826.898826,0,412
328576.534591,378730.1224,0,156
328506.428123,378800.724357,0,730
328690.486666,378669.083841,0,613
328445.299606,378928.631264,0,549
328374.253016,379042.735071,0,493
328782.445726,379133.259404,0,85
328388.820371,378801.725299,0,730
328688.012959,378897.326474,0,730
328358.756885,378955.43247,0,315
328512.597641,378875.302946,0,730
328614.298946,378891.765907,0,408
328532.593001,379093.830142,0,547
328177.45105,378931.252196,0,63
328523.878843,378688.113377,0,341
328354.159068,378764.321492,0,730
328463.071512,378862.20988,0,730
328338.822153,378873.462651,0,342
328284.102662,378982.800442,0,730
328467.925443,378865.865127,0,327
328661.396528,379292.786692,0,730
328337.726136,378810.729313,0,482
328763.949798,379078.133106,0,303
328788.072835,379068.113865,0,730
328649.034497,378765.306217,0,730
328562.080406,378953.442736,0,730
328281.13899,378783.819609,0,730
328679.753437,378807.342468,0,647
328466.50706,378987.752467,0,712
328367.812178,378746.513668,0,730
328511.520935,378935.936944,0,730
328239.269611,378979.336891,0,602
328523.083266,378820.509904,0,389
328704.10013,379094.643976,0,730
328649.218595,378692.393133,0,214
328680.722354,378957.555176,0,337
328717.485073,378772.647198,0,709
328518.566437,378764.281484,0,730
328430.533355,378915.656751,0,682
328704.597416,378790.067498,0,140
328417.769489,378956.266101,0,222
328638.094541,379314.430516,0,109
328343.973629,378726.947033,0,505
328515.764855,379035.009915,0,114
328615.316257,378825.962911,0,730
328649.891035,378797.215675,0,730
328727.165011,378722.595317,0,306
328757.934645,378814.160997,0,554
328378.627272,378976.391631,0,730
328258.8999,378781.399206,0,447
328363.439174,378829.418772,0,376
328699.217859,379214.959381,0,730
328530.531238,378749.420577,0,730
328496.807005,379174.295068,0,730
328562.346253,379144.482361,0,457
328338.906356,378761.81864,0,730
328492.677281,379146.084256,0,730
328306.380969,378881.401568,0,335
328170.727107,378864.611092,0,730
328620.85377,378805.1667,0,392
328438.708571,378697.818802,0,730
328665.049262,378895.46537,0,730
328730.031701,378970.005488,0,730
328648.662401,379244.505712,0,507
328444.099929,378710.014292,0,730
328735.924399,378726.810194,0,95
328713.054749,378817.356844,0,730
328534.649094,379070.895004,0,730
328487.148114,378686.879073,0,730
328503.360722,379018.857608,0,730
328174.794366,378911.256001,0,64
328530.320312,378881.37413,0,396
328628.85286,379066.532369,0,730
328624.495521,379103.996793,0,346
328497.027657,378755.230547,0,458
328665.946786,379265.407225,0,730
328730.89997,378724.70998,0,730
328493.962616,378917.309089,0,730
328553.769114,378696.38883,0,730
328193.75816,378919.724982,0,730
328610.810046,378706.658278,0,730
328759.845349,378806.521713,0,730
328719.860292,379261.135818,0,269
328642.297726,378873.4712,0,730
328506.228002,378836.23908,0,196
328752.430588,379202.483595,0,298
328195.738692,378779.843734,0,730
328615.507558,378745.216317,0,730
328161.373299,378916.736684,0,730
328734.821367,378959.590481,0,390
328467.446876,378766.432721,0,479
328302.142513,378923.709244,0,730
328413.747449,378954.860147,0,230
328623.854416,379215.838101,0,730
328507.924052,379018.020315,0,730
328386.505723,379068.062697,0,730
328448.793503,379051.034168,0,730
328243.484799,378857.247697,0,730
328430.432458,378962.996662,0,730
328642.470283,378688.628209,0,730
328423.142977,378924.711322,0,397
328259.000196,378832.026327,0,699
328662.419169,378880.65949,0,730
328368.914311,379020.220635,0,730
328398.716816,379105.360691,0,730
328746.914728,378818.762468,0,730
328376.019602,379090.454956,0,730
328566.354861,379168.10117,0,730
328417.222094,378790.658593,0,79
328399.457418,378975.82526,0,730
328701.558827,379163.753152,0,730
328215.702064,378843.516803,0,730
328499.087902,378761.444282,0,730
328449.470074,379089.011487,0,730
328592.665219,379199.972077,0,730
328414.744239,379044.412904,0,730
328667.284898,379016.617948,0,730
328638.261704,378907.387259,0,730
328558.668198,378715.811289,0,730
328796.897019,379074.70031,0,590
328670.781441,379219.493104,0,338
328547.69615,378701.745973,0,138
328372.383594,378895.352751,0,681
328682.102769,379224.580032,0,730
328223.107545,378971.400964,0,24
328723.681706,379083.334202,0,730
328537.036174,378674.669632,0,730
328462.211463,378725.790799,0,730
328659.718549,378734.545543,0,119
328709.7335,378932.295086,0,730
328550.797938,378651.432595,0,411
328662.246814,379055.323626,0,468
328547.882976,378815.426699,0,443
328636.676123,378977.531644,0,730
328268.78354,378788.473044,0,730
328790.167983,379180.262197,0,65
328495.430633,379021.291505,0,730
328483.294326,378776.761051,0,730
328580.000252,379119.525781,0,730
328321.732705,379003.185598,0,730
328489.938841,378875.499773,0,730
328655.551544,379091.026746,0,711
328391.828254,379047.870145,0,730
328659.089581,379201.856112,0,730
328522.578752,378947.980075,0,730
328368.52629,378869.829895,0,644
328464.216259,379009.844139,0,730
328695.337425,379181.266377,0,470
328495.137912,378805.934241,0,730
328277.231195,378831.827346,0,730
328449.874546,379033.181941,0,370
328695.160933,378633.869131,0,265
328627.249325,378746.097161,0,298
328721.455866,379082.393718,0,730
328670.013485,379124.428773,0,730
328517.586871,379079.538786,0,730
328658.881053,378955.921984,0,730
328294.078614,378726.31536,0,730
328430.435143,378733.528304,0,730
328473.556323,378788.916054,0,730
328561.192146,379126.673145,0,730
328728.757913,379046.512109,0,730
328177.275842,378777.509722,0,730
328540.891729,378921.308976,0,730
328596.936169,378861.002942,0,730
328549.30299,378875.536033,0,730
328648.344706,378898.786592,0,730
328707.662924,378664.229327,0,730
328348.846381,378743.160237,0,730
328701.768407,378801.744021,0,730
328459.474709,378713.37784,0,730
328735.518442,378751.089521,0,253
328696.916135,378770.98045,0,16
328703.648823,378898.602355,0,680
328633.429824,379302.512877,0,730
328659.052723,378961.680812,0,730
328640.96452,379169.100847,0,460
328528.826383,378919.024592,0,730
328621.455869,379113.15714,0,730
328254.644803,378796.977431,0,626
328463.897888,378898.996118,0,730
328543.714029,379087.791457,0,637
328701.002831,378828.458444,0,610
328371.263411,378858.722611,0,730
328474.205842,378666.335398,0,99
328701.327596,378730.201742,0,286
328767.102493,379011.267284,0,263
328670.677751,378971.394317,0,730
328674.09576,379086.490039,0,730
328478.657285,378739.049595,0,55
328611.810414,379130.164608,0,620
328421.888392,379076.485742,0,730
328792.630849,379131.514799,0,730
328161.615504,378837.41505,0,730
328590.704711,378985.364034,0,124
328780.0013,379184.30861,0,730
328721.567919,378959.196009,0,409
328712.407527,379286.672726,0,299
328426.716566,378816.138739,0,441
328330.952943,378709.234604,0,730
328297.260598,378738.905358,0,138
328623.307281,379295.840243,0,595
328616.952283,378760.447103,0,730
328754.029774,378969.436595,0,730
328475.564761,379099.252366,0,603
328261.594565,378735.60936,0,144
328499.094017,379047.37596,0,730
328444.727428,379027.160164,0,349
328655.808976,378649.350747,0,360
328635.263096,378972.252888,0,730
328470.097749,378730.03979,0,730
328704.19936,379013.772555,0,730
328756.952291,378983.06152,0,730
328353.894044,378873.32516,0,730
328626.380531,378727.549347,0,730
328218.108142,378772.575439,0,63
328310.619553,379006.400778,0,728
328591.692962,379155.88403,0,730
328371.00431,378909.113493,0,631
328608.279653,379240.950595,0,641
328490.972597,378820.875038,0,188
328696.184292,378862.837147,0,274
328569.345258,378715.070958,0,730
328546.232323,378654.721239,0,730
328690.04651,378898.76316,0,730
328662.019072,379079.892724,0,15
328730.137276,378963.265124,0,467
328480.744917,379083.421955,0,730
328491.763327,379078.961795,0,730
328781.915508,379071.786921,0,392
328639.644092,378917.514916,0,730
328665.92376,378660.025128,0,627
328734.582577,379200.522974,0,288
328569.515725,379139.848075,0,730
328412.961738,378819.038426,0,579
328568.088547,379212.587034,0,730
328430.412671,378954.913676,0,456
328625.535434,378656.150317,0,618
328688.747749,378989.111852,0,730
328615.80245,378791.488141,0,730
328711.906304,378863.983821,0,730
328497.077675,378765.429586,0,730
328323.300258,378802.264939,0,730
328339.744612,378722.560536,0,730
328362.370723,378742.267358,0,714
328398.841109,378873.686329,0,730
328376.509729,379057.820286,0,730
328615.266706,378845.998986,0,670
328739.455799,378743.459005,0,730
328669.104524,378911.904213,0,730
328342.800243,379024.476949,0,442
328707.398976,378873.675407,0,730
328540.688888,378782.51073,0,580
328391.557464,378825.159352,0,657
328794.881555,379135.499952,0,730
328481.810299,378911.639546,0,541
328751.213496,378931.089617,0,450
328571.140357,378918.312139,0,44
328684.603018,378725.453928,0,730
328143.157831,378920.510505,0,730
328276.402467,378963.031482,0,729
328503.832137,378852.012557,0,730
328569.008344,378803.600764,0,730
328542.3831,379108.960575,0,730
328477.707368,379093.81848,0,167
328528.90689,378974.985202,0,730
328445.834134,379097.31802,0,730
328384.179596,378943.316203,0,730
328733.185868,379219.72778,0,730
328505.081226,378871.84036,0,730
328538.529844,378661.067114,0,730
328257.033227,378750.186856,0,730
328506.852682,378826.499007,0,730
328736.903201,379244.426252,0,584
328623.237443,378823.250927,0,504
328565.566191,378879.555087,0,310
328598.904282,379000.4395,0,730
328423.906583,378897.163529,0,690
328668.415928,378711.760909,0,155
328713.214121,378963.954862,0,730
328332.846395,378716.660935,0,730
328400.425043,378777.720966,0,730
328255.18254,378821.4033,0,233
328616.085652,378936.20501,0,730
328371.307064,378899.235373,0,202
328379.117552,379022.033435,0,373
328644.553113,378647.842662,0,730
328414.843969,378965.349791,0,730
328720.800854,378850.058945,0,730
328675.042165,378849.171202,0,730
328547.475219,378799.803137,0,730
328268.8676,378968.376126,0,635
328288.508715,378906.168711,0,189
328685.571215,379224.235724,0,192
328678.008822,379157.080013,0,730
328491.433889,379105.680146,0,125
328733.485093,378776.858416,0,633
328746.859694,379171.897402,0,730
328575.397881,379056.994154,0,730
328169.89561,378893.347361,0,730
328660.202766,379269.417571,0,730
328717.832499,378982.318699,0,730
328379.429986,378770.119661,0,730
328292.166275,379016.445224,0,730
328779.453894,379027.371666,0,334
328546.606666,379163.921387,0,730
328404.196018,378687.648049,0,730
328306.281596,378736.993191,0,730
328519.406006,378771.990156,0,35
328560.199285,378692.046538,0,531
328319.297723,378923.743018,0,730
328665.132228,378858.251951,0,32
328492.533131,378671.844974,0,508
328560.533099,379067.705139,0,247
328559.136896,378797.075018,0,250
328609.508828,378902.113547,0,720
328473.611768,378937.75019,0,730
328207.655269,378801.111584,0,730
328707.819581,379254.061428,0,372
328483.405337,378867.09598,0,730
328304.142874,378885.109293,0,730
328652.959244,379330.300202,0,86
328348.384878,378736.07255,0,683
328698.749855,379138.280958,0,730
328625.863407,379223.83395,0,373
328581.024302,378699.06827,0,730
328654.796614,378752.253775,0,730
328581.495744,378904.558909,0,511
328688.633186,379266.673836,0,585
328576.445865,378898.333489,0,569
328455.102796,378953.64133,0,683
328728.572606,379033.358682,0,730
328539.605412,379145.276359,0,681
328747.687594,378861.731743,0,730
328746.645081,378844.938512,0,730
328621.255807,378885.940787,0,730
328498.283697,378802.255116,0,439
328661.551844,379138.341854,0,215
328417.494364,378990.657043,0,730
328475.562483,378852.993282,0,730
328614.282378,378796.628549,0,730
328400.586406,378825.23399,0,664
328349.73518,378852.6479,0,730
328610.457957,378912.659387,0,730
328600.173173,379123.743559,0,730
328674.052942,378892.186949,0,83
328677.529273,378892.229741,0,260
328495.040013,378905.465718,0,297
328630.878866,379130.758802,0,123
328509.857527,378659.933363,0,363
328569.576343,378888.681275,0,730
328279.130744,378930.247344,0,730
328693.876782,379063.116601,0,703
328409.802252,378720.585988,0,730
328358.757328,378775.102923,0,730
328613.955656,378712.157088,0,730
328625.284077,379024.094991,0,730
328458.838241,379102.334478,0,730
328141.367698,378894.006017,0,730
328530.77893,378734.562185,0,14
328243.443717,378986.039291,0,142
328704.579067,379072.444832,0,730
328410.168932,378693.142397,0,730
328698.975205,379114.773439,0,730
328713.129134,378668.558794,0,223
328739.679357,378752.595594,0,730
328736.162867,379021.582856,0,328
328690.892837,378881.598708,0,730
328605.202165,379120.825765,0,730
328753.442756,379156.088456,0,730
328641.316936,378722.993437,0,426
328252.79291,378909.024643,0,542
328370.380458,378966.141865,0,730
328451.131531,379115.838347,0,691
328747.063544,378955.375632,0,730
328364.146713,378781.764439,0,730
328798.661099,379173.321566,0,730
328599.12071,379059.065054,0,730
328297.84974,378813.80412,0,501
328544.563898,379131.963235,0,385
328614.541276,378945.35232,0,317
328279.758491,378904.664954,0,383
328376.448917,379015.863913,0,730
328508.392181,378910.28065,0,730
328640.756817,378842.883133,0,730
328645.162458,378909.43396,0,441
328599.62873,379075.798674,0,730
328503.575688,378968.129029,0,730
328427.101606,379117.245318,0,730
328679.144414,378802.346566,0,730
328280.053433,378860.726825,0,191
328343.73833,379004.996767,0,730
328391.189483,378889.772297,0,601
328336.771288,378903.215514,0,730
328773.518097,379029.145392,0,730
328623.215944,379101.019416,0,730
328434.466886,378887.851592,0,45
328418.510918,378943.914071,0,730
328555.231962,378668.273997,0,553
328685.064218,379150.012341,0,730
328472.523564,379155.174357,0,489
328525.29127,378881.936804,0,730
328588.572551,379095.81023,0,730
328412.125395,378745.073111,0,730
328674.600278,378968.288202,0,185
328248.921882,378951.36717,0,730
328570.941466,378881.437594,0,730
328338.840742,379057.550345,0,719
328695.454806,378770.386619,0,730
328737.851304,378981.315866,0,730
328488.285071,379000.39652,0,730
328251.834283,378829.689186,0,415
328616.401109,379085.818803,0,730
328473.774727,379146.859047,0,730
328725.160972,379015.783763,0,730
328592.074542,378797.811896,0,573
328521.156472,379102.029119,0,730
328607.369737,379157.776205,0,730
328745.973219,379023.75438,0,607
328583.727138,378675.354105,0,730
328657.0761,378900.11398,0,730
328462.745855,379066.13581,0,453
328539.858732,378722.401825,0,66
328446.449424,379027.851257,0,713
328749.372777,378884.363405,0,730
328309.935514,378725.723233,0,730
328734.807061,378809.572576,0,524
328686.289936,378853.279674,0,246
328595.74894,378712.775084,0,186
328773.152997,379063.861849,0,730
328615.38866,378877.548876,0,221
328737.168896,379075.746503,0,730
328791.770365,379163.996208,0,730
328705.869421,379221.877657,0,730
328500.558024,378785.736336,0,268
328419.891936,378976.28502,0,345
328628.430881,379240.615558,0,362
328777.986769,379021.585254,0,730
328635.827918,379282.099065,0,730
328742.427093,379027.165722,0,730
328165.373999,378874.294892,0,730
328148.199297,378880.470261,0,433
328652.382561,379003.510013,0,429
328803.733688,379138.410062,0,730
328494.152888,378903.999078,0,320
328621.669146,378684.119714,0,730
328342.270643,378985.129075,0,548
328711.940918,379206.019383,0,616
328353.451837,378993.940882,0,388
328388.453921,378956.380082,0,730
328175.766368,378868.520868,0,730
328710.774497,379070.569083,0,730
328607.412988,379002.364176,0,730
328483.959235,378792.469422,0,275
328283.255066,378821.856625,0,730
328538.560126,379079.524013,0,730
328801.30439,379160.980285,0,730
328164.87393,378929.679384,0,730
328499.363992,378826.145299,0,535
328693.097366,379252.836432,0,730
328465.54915,379013.193035,0,730
328310.619558,378748.461794,0,730
328747.292356,379004.371787,0,730
328598.374902,379212.865899,0,730
328628.112967,379308.249312,0,131
328377.265761,379070.629912,0,730
328690.521657,379022.928403,0,632
328530.737125,378819.861821,0,730
328197.292745,378788.724637,0,661
328688.287704,379172.318863,0,730
328235.301507,378856.794539,0,730
328709.061805,378999.856953,0,567
328550.283892,378709.234123,0,730
328622.660439,378916.860152,0,730
328278.447662,378840.108442,0,730
328409.59996,378942.142678,0,730
328718.134176,379187.683912,0,730
328548.985942,379121.221285,0,730
328728.857987,378748.010346,0,730
328662.453937,378714.818814,0,730
328665.933494,378667.673127,0,677
328415.220087,379117.755074,0,730
328749.161785,379202.427151,0,730
328749.914718,378972.36282,0,730
328743.553223,379133.368494,0,730
328703.570526,378932.466638,0,422
328531.470897,378994.934925,0,233
328718.720424,378703.176254,0,360
328770.368933,379056.146777,0,730
328732.390194,379167.413489,0,665
328647.118891,378987.526382,0,374
328637.923274,378953.627774,0,653
328284.311797,378759.876974,0,494
328369.39219,378858.16678,0,481
328225.553299,378917.687819,0,730
328792.310766,379124.480517,0,82
328659.807576,379307.45035,0,476
328656.03071,379104.99144,0,730
328516.33887,378753.071297,0,730
328398.178094,378948.551467,0,730
328733.891907,378952.230517,0,730
328366.934795,378715.898179,0,730
328493.318411,378742.223983,0,663
328660.05282,378660.832231,0,545
328327.68384,378941.379042,0,730
328510.970311,378681.797789,0,137
328742.333571,378873.710669,0,730
328424.005548,378693.341233,0,730
328725.953292,379041.938857,0,662
328248.848435,378981.376267,0,730
328438.44949,379063.656392,0,730
328296.669554,378922.822599,0,730
328417.991691,378853.625748,0,693
328761.070133,379101.436851,0,708
328630.306184,378659.092951,0,463
328501.005592,378982.120822,0,177
328216.943404,378830.554364,0,730
328305.570274,378887.104311,0,87
328709.273296,378919.806376,0,613
328522.757822,379122.732336,0,4
328616.368692,379103.363575,0,730
328219.266369,378758.870584,0,438
328593.042874,378758.526236,0,730
328553.582574,378927.778058,0,730
328307.295081,378945.958104,0,730
328530.187178,378718.519724,0,730
328434.358246,378864.091697,0,531
328268.230021,378952.435937,0,387
328422.657545,379031.685617,0,347
328676.716732,379275.728505,0,730
328318.533506,378778.670807,0,52
328490.304842,378672.329934,0,730
328666.787837,379060.227591,0,154
328650.916124,379237.166612,0,730
328284.939611,378978.540065,0,730
328557.965477,378948.696766,0,355
328680.74387,379286.091246,0,343
328732.128314,378920.714907,0,730
328299.688369,378775.420287,0,730
328679.429995,379155.176282,0,105
328213.486595,378929.185952,0,730
328153.287867,378803.653269,0,730
328537.358495,378764.231129,0,254
328516.977595,378797.879261,0,508
328567.544651,378728.009757,0,730
328739.483282,379123.394521,0,530
328481.037864,378679.404055,0,455
328712.478277,378807.29321,0,730
328512.170691,378831.539539,0,81
328452.879889,379106.885501,0,399
328649.323859,378694.367141,0,730
328376.812447,379033.819744,0,141
328317.985812,378820.401656,0,730
328193.014197,378901.829708,0,730
328503.816156,379028.933771,0,730
328165.216829,378917.01088,0,730
328377.939176,378716.611372,0,580
328473.750709,378758.080238,0,649
328526.242614,379196.123955,0,436
328715.503568,378733.175827,0,730
328586.47799,379173.152213,0,730
328616.853951,378801.423418,0,725
328466.788731,378935.564104,0,673
328281.3853,378942.926318,0,730
328673.220979,379147.768964,0,730
328675.473609,378934.123452,0,610
328681.969771,379250.349361,0,730
328455.921444,378757.293807,0,704
328180.096498,378851.578708,0,330
328545.915993,379092.07361,0,723
328748.631109,379096.136748,0,582
328552.774428,379171.432798,0,730
328498.572599,378718.447185,0,730
328568.596994,379131.665364,0,502
328427.791508,379073.46189,0,600
328531.705995,378922.917461,0,284
328676.151461,378650.980648,0,730
328709.093109,379118.04368,0,558
328566.376347,379049.520504,0,730
328752.479746,378938.84853,0,730
328726.180719,378973.863045,0,671
328604.602553,379120.01698,0,730
328372.326195,378882.625199,0,241
328704.673432,378749.467115,0,730
328343.132646,378986.077585,0,730
328707.30803,379201.833657,0,427
328310.246531,378781.430417,0,730
328666.124212,379099.628252,0,730
328451.586474,379142.966699,0,660
328566.163449,378932.515585,0,439
328757.411251,378875.518253,0,730
328721.654992,378753.225666,0,607
328459.673893,378679.614563,0,730
328618.407597,378927.24552,0,730
328341.935747,378729.071966,0,730
328315.727554,378819.735038,0,583
328641.646355,378789.713523,0,265
328517.233021,379179.663265,0,656
328286.081061,378843.614841,0,89
328514.303767,378728.451263,0,730
328394.465095,378771.328193,0,500
328337.6008,378835.981724,0,730
328705.212379,378989.231356,0,353
328755.009995,378819.207349,0,730
328308.641178,378807.211802,0,730
328327.269271,378728.921789,0,730
328358.609229,378991.5827,0,532
328148.75161,378897.7221,0,425
328309.892512,378731.052132,0,543
328662.36011,378728.025241,0,175
328303.58341,378821.059031,0,730
328508.377008,378981.169497,0,730
328500.168959,378973.609668,0,730
328731.475924,379190.272013,0,730
328449.102641,378755.804153,0,730
328507.538567,379055.86196,0,599
328785.106797,379108.533879,0,730
328194.074661,378886.355004,0,730
328649.948835,378823.753333,0,730
328691.185939,379064.844041,0,730
328615.411347,378680.563459,0,418
328454.299794,379093.042548,0,730
328526.567054,379050.068712,0,730
328372.200314,378788.049006,0,730
328616.924701,378895.792615,0,730
328594.988225,378666.14792,0,730
328224.742662,378906.540498,0,730
328601.949275,379063.509096,0,236
328730.707612,379042.034919,0,26
328574.451283,378869.191243,0,728
328388.580519,378777.622649,0,230
328549.139492,378888.46371,0,135
328584.205943,379148.356258,0,214
328633.578262,378717.344987,0,730
328375.229169,378864.366749,0,314
328742.12768,379075.119175,0,730
328388.957289,379018.205719,0,454
328272.735277,378968.661074,0,292
328291.479052,378731.382359,0,688
328333.911867,378918.645875,0,73
328706.921787,378676.138559,0,730
328745.164604,378884.994229,0,730
328636.387423,378884.571082,0,72
328778.818156,379019.852967,0,526
328282.988195,378835.421508,0,730
328771.639056,379089.224915,0,730
328635.117355,378856.567862,0,289
328491.083963,378837.441757,0,250
328584.884659,379191.017254,0,421
328525.739485,378810.359301,0,589
328617.334203,379070.265144,0,730
328501.313471,378911.734065,0,730
328274.400807,378838.732295,0,730
328695.232482,378986.918481,0,277
328478.698561,378678.982756,0,478
328240.014747,378987.892971,0,730
328708.813618,378772.748004,0,220
328482.291134,378709.612259,0,730
328633.865376,379303.800019,0,134
328644.00929,378853.813294,0,730
328270.316016,378768.037652,0,730
328428.631391,378867.500308,0,730
328297.168973,378727.977659,0,730
328257.603935,378969.088911,0,492
328675.588487,379157.748116,0,730
328143.497354,378881.323775,0,707
328310.298712,378866.085766,0,730
328638.116807,378653.867973,0,730
328751.037617,378822.798556,0,730
328392.16728,378769.573123,0,730
328738.624815,378975.982372,0,730
328659.967728,379207.721957,0,730
328582.404077,379207.093792,0,730
328696.191727,379214.885828,0,730
328375.321525,378844.983289,0,730
328386.906954,378992.446037,0,730
328417.252949,378785.026816,0,730
328619.648747,378798.777783,0,730
328598.25857,379077.331434,0,730
328184.460598,378772.775088,0,730
328264.147375,378754.031128,0,424
328280.89725,378870.798002,0,425
328662.586366,378937.010299,0,420
328634.985071,378989.357774,0,190
328617.40575,378895.431731,0,730
328622.27457,379239.082542,0,730
328673.003762,378824.770177,0,378
328664.523239,378777.560763,0,730
328434.54997,378990.762995,0,730
328512.758235,378698.977988,0,203
328707.763764,378850.833275,0,730
328633.032169,379284.206673,0,533
328767.657544,378975.63495,0,730
328365.500802,378939.434464,0,291
328665.999186,378878.87968,0,451
328629.841724,378667.845543,0,73
328213.125958,378921.385752,0,730
328490.708697,378887.239862,0,730
328657.110753,379369.892253,0,696
328491.556934,378902.319124,0,730
328351.288538,379015.387189,0,730
328594.680539,379112.990043,0,730
328569.178341,379141.47921,0,503
328452.740772,379139.35733,0,272
328623.128021,378715.908505,0,574
328639.868201,378874.788428,0,527
328785.322275,379190.379636,0,730
328640.436057,379226.745301,0,730
328377.097568,378817.310643,0,730
328521.494726,378870.847208,0,244
328789.323857,379107.750789,0,519
328424.725639,378892.446137,0,730
328245.20689,378992.376866,0,730
328591.43641,378988.255654,0,730
328392.068488,378727.464432,0,406
328551.319662,378827.978902,0,730
328491.288355,378846.522132,0,730
328213.840653,378975.630116,0,730
328454.373626,379071.47682,0,323
328283.612639,378971.798774,0,730
328789.810875,379154.337548,0,603
328459.504103,378845.377555,0,730
328765.817691,379223.195396,0,179
328648.573105,379187.231289,0,605
328213.75606,378924.73665,0,730
328464.201219,378707.919656,0,730
328404.410046,378763.435066,0,730
328776.500174,379120.44716,0,730
328659.139568,379143.288427,0,730
328796.279653,379178.942645,0,581
328220.026105,378960.921173,0,730
328383.946052,379018.772871,0,730
328756.102985,378830.656295,0,730
328428.831824,379014.464275,0,730
328306.998325,378771.895954,0,115
328430.645896,378711.42624,0,496
328623.64452,378648.505741,0,200
328345.797917,378981.178347,0,539
328532.353724,379199.161804,0,730
328575.230297,378659.437694,0,730
328733.740858,378919.442611,0,730
328652.320625,378951.2459,0,730
328691.822417,378784.713257,0,730
328512.737403,378820.352746,0,730
328577.090332,378882.001648,0,29
328684.026365,379028.773939,0,730
328382.433302,378862.964822,0,160
328478.533964,378695.604145,0,715
328260.816714,378744.683286,0,730
328212.92163,378827.872681,0,730
328634.812348,378849.361614,0,730
328706.956031,378912.970286,0,730
328229.389907,378802.51656,0,730
328598.744637,379007.668921,0,500
328675.043379,379066.489072,0,730
328214.830595,378765.912987,0,730
328693.368696,378874.223522,0,730
328247.818569,378911.173097,0,111
328529.71437,378741.943659,0,270
328775.674639,379210.753098,0,435
328259.841322,378903.766053,0,730
328474.969135,378951.759501,0,730
328511.913467,378695.210967,0,730
328740.337871,379240.862059,0,730
328499.165752,378988.744373,0,465
328409.919763,378774.904461,0,593
328755.689626,379167.612373,0,348
328621.186388,379266.43093,0,703
328627.443291,378748.094791,0,730
328425.172115,378985.694958,0,730
328415.914453,379068.01924,0,431
328370.44271,378844.504361,0,730
328492.756606,378673.790319,0,730
328630.965158,379211.446163,0,633
328633.963842,378752.499634,0,587
328392.030405,378820.12596,0,730
328778.739733,379112.353129,0,551
328639.491017,379264.838346,0,693
328196.900224,378929.76754,0,549
328605.747176,378757.981842,0,730
328683.259165,379228.636074,0,525
328436.90463,379094.421794,0,730
328682.229771,379175.735997,0,730
328154.778936,378879.235915,0,730
328343.94521,378737.230945,0,730
328397.476353,378733.568864,0,6
328509.335277,378994.211355,0,730
328364.532844,379060.815337,0,730
328662.012353,378936.145299,0,730
328334.829643,378877.550175,0,730
328700.802866,379296.416411,0,446
328659.01952,379025.091955,0,730
328457.021696,378769.406414,0,609
328400.702347,378949.448044,0,730
328664.557278,379061.792466,0,730
328446.892791,378758.756967,0,730
328332.176863,378964.404576,0,730
328356.927845,378827.592838,0,421
328706.367346,378875.28042,0,515
328326.371457,378719.26088,0,386
328482.429759,378831.882824,0,730
328547.502769,378773.939736,0,219
328476.291688,378670.959193,0,730
328506.765459,379099.156673,0,194
328246.120988,378987.802261,0,47
328344.837905,378965.208265,0,498
328692.326767,379221.897209,0,730
328742.669096,378959.0574,0,730
328739.621933,378868.403667,0,126
328627.167913,378898.925634,0,730
328748.139701,379013.860688,0,419
328644.994245,378705.114964,0,730
328437.56123,378901.698023,0,730
328570.749874,379011.710172,0,730
328476.182053,378739.832581,0,730
328132.076363,378899.476276,0,268
328650.988355,379272.791932,0,170
328229.26392,378783.950406,0,223
328333.627975,379056.732298,0,730
328676.528408,379196.733605,0,139
328553.550615,378945.304269,0,730
328554.432847,378965.515081,0,429
328379.05771,378768.873237,0,730
328447.487091,379086.882216,0,730
328637.286651,379021.736223,0,730
328549.265166,379099.805682,0,730
328339.723624,378723.658406,0,18
328788.983069,379162.607722,0,706
328800.279056,379130.038692,0,730
328276.258821,378897.533514,0,263
328332.059483,378816.133991,0,730
328511.434836,378821.998195,0,536
328589.122426,378714.412937,0,730
328407.725237,378762.074292,0,129
328582.662932,378753.290035,0,48
328616.630788,379281.100482,0,596
328636.526338,379070.870502,0,606
328581.653391,379111.478806,0,437
328375.611876,379077.816862,0,730
328493.490451,379149.446667,0,465
328342.212748,379004.352623,0,237
328728.446615,379110.696439,0,730
328585.662391,379032.416972,0,730
328227.387052,378847.38263,0,652
328724.387976,378977.881965,0,108
328364.638511,378983.526146,0,730
328291.066437,378933.825108,0,712
328512.118833,378917.188197,0,297
328212.569998,378863.240494,0,684
328738.05487,378864.806781,0,730
328435.249221,378971.574164,0,730
328752.812278,378810.216066,0,730
328653.13519,379154.569458,0,694
328435.578843,379076.456417,0,637
328272.462574,378962.607648,0,730
328707.005608,379044.955975,0,730
328453.199232,378859.50644,0,730
328238.270119,378770.47075,0,730
328570.710695,379117.045282,0,354
328301.178501,378805.758353,0,730
328312.257773,378992.662886,0,730
328697.097078,379301.881275,0,390
328545.962068,379148.061448,0,730
328581.81663,378973.415892,0,512
328465.375945,378967.37942,0,730
328522.751898,378912.781676,0,615
328756.546688,379016.498622,0,621
328475.554816,378675.677254,0,651
328796.913577,379112.096055,0,730
328587.441545,378712.990895,0,47
328349.372247,378950.743525,0,730
328166.878193,378869.431116,0,730
328772.849118,379123.748145,0,730
328552.196573,378953.88487,0,676
328203.390629,378769.735075,0,550
328333.588653,379007.293728,0,552
328677.493834,378770.800541,0,254
328639.449745,378890.856801,0,624
328463.298431,379084.744099,0,727
328559.043207,378977.881694,0,730
328703.998537,378869.166048,0,730
328647.74606,379185.808344,0,730
328539.164532,378653.813929,0,730
328535.710857,379091.486173,0,22
328760.835651,378799.247173,0,576
328360.298554,378856.586134,0,730
328288.660428,378797.628045,0,258
328529.382032,378926.188493,0,480
328550.480892,378914.643177,0,730
328413.855733,379105.802886,0,730
328674.855767,379222.796831,0,730
328183.289402,378884.07262,0,730
328421.316836,378893.297284,0,673
328618.37057,378974.953985,0,662
328762.117161,379058.770224,0,484
328485.611823,379047.760832,0,700
328175.575764,378900.549469,0,730
328178.652004,378867.464923,0,730
328647.717578,379111.860448,0,730
328577.750682,378701.755864,0,730
328500.37904,378947.691578,0,58
328714.533193,379086.669988,0,730
328699.401131,379235.3615,0,228
328655.505315,378730.648639,0,329
328785.377375,379151.968099,0,565
328687.966403,378978.448023,0,730
328549.458241,379015.050742,0,639
328617.520511,379148.056475,0,730
328713.804426,378756.836784,0,730
328565.121489,379129.508268,0,330
328628.439583,378954.530737,0,730
328352.661243,378917.642019,0,57
328269.692753,378748.413431,0,730
328284.738979,378723.454253,0,572
328424.36729,378855.495572,0,296
328579.066596,378668.938721,0,730
328456.964924,378680.567437,0,290
328643.893477,379077.067914,0,730
328412.946382,378984.52588,0,730
328669.346075,378664.400797,0,344
328703.497505,378630.070213,0,445
328486.375929,379011.648709,0,197
328561.789777,379019.610679,0,730
328564.277019,378976.721515,0,730
328556.095856,379169.97253,0,730
328398.598083,378862.366727,0,730
328670.476408,379284.40006,0,730
328455.184935,378737.84615,0,149
328184.700454,378832.101246,0,717
328455.685844,378711.778145,0,730
328673.656273,379131.18106,0,730
328337.714544,378834.190532,0,730
328495.329819,378832.846794,0,730
328498.689028,378924.167228,0,730
328571.784405,378981.636976,0,467
328622.248328,378868.742291,0,730
328223.904978,378851.015644,0,183
328416.839909,379003.825169,0,730
328724.149849,378692.886357,0,368
328685.326672,378767.205414,0,628
328298.438441,378949.288937,0,588
328387.064612,379011.328249,0,537
328630.923085,378903.261739,0,730
328598.217489,379218.864834,0,635
328518.068364,378906.922925,0,730
328561.068946,379135.081916,0,556
328322.378612,378732.927998,0,730
328423.135347,379039.605991,0,730
328711.045954,378685.709359,0,730
328592.430904,379036.837447,0,381
328407.827224,378964.698554,0,478
328258.889473,378879.798883,0,730
328342.076046,379002.012641,0,730
328592.772481,379071.515627,0,314
328527.267361,379135.57003,0,574
328612.671786,379163.901104,0,709
328728.694904,379069.702001,0,730
328370.690997,378702.74576,0,730
328648.646059,378727.901026,0,666
328466.67916,378875.264842,0,730
328493.380342,378946.387508,0,31
328317.180076,379009.988904,0,730
328624.339557,379260.319988,0,270
328333.993512,378887.634491,0,519
328461.373728,378813.913834,0,404
328784.937281,379143.002679,0,730
328506.321723,379047.949655,0,336
328445.027049,378955.343938,0,730
328317.312398,378761.321833,0,730
328442.581913,379056.037161,0,730
328441.394765,378825.97538,0,326
328505.62858,378808.054493,0,730
328175.507431,378948.641051,0,730
328447.666595,379031.917116,0,719
328343.194423,379055.239561,0,730
328700.860103,379164.467393,0,730
328750.147726,379030.27341,0,730
328725.895334,378921.383809,0,730
328522.908363,379143.205062,0,730
328254.569256,378768.796913,0,730
328532.00614,378664.581581,0,730
328292.92578,378875.852699,0,459
328734.627415,378940.394432,0,730
328470.182666,378713.62981,0,730
328477.339494,378668.808894,0,730
328325.638364,379050.828524,0,730
328509.425974,379013.027241,0,538
328321.165107,378932.093635,0,730
328542.068781,378767.194729,0,523
328644.882881,379218.614412,0,344
328462.051141,378776.800978,0,225
328742.945467,378979.735904,0,730
328523.277894,378803.463677,0,730
328292.306198,378882.837648,0,730
328293.201275,378898.509041,0,730
328327.768076,378935.434953,0,299
328392.245356,378979.584208,0,260
328506.414711,379173.052474,0,611
328435.260056,378771.385439,0,730
328412.145078,379101.53359,0,730
328402.06313,378730.706042,0,730
328433.31197,379061.505724,0,393
328404.182499,378992.033282,0,730
328477.759109,378783.39394,0,273
328571.252648,378679.709037,0,730
328396.308052,378985.391268,0,730
328659.450157,378728.285482,0,213
328557.45768,379162.88522,0,663
328612.464723,378761.926618,0,730
328260.167205,378785.512476,0,730
328396.856641,378749.542155,0,668
328756.590768,379042.461385,0,730
328560.990483,378653.925765,0,730
328354.083644,378893.655879,0,730
328616.71752,378911.540593,0,410
328542.553716,379178.085482,0,730
328632.084651,378734.139783,0,489
328457.52472,379131.465488,0,730
328445.230055,379078.253673,0,358
328669.883651,378969.537048,0,730
328579.885772,378845.319782,0,452
328712.17577,378722.080172,0,730
328612.081988,379255.919254,0,730
328312.811935,378774.77979,0,672
328758.938057,379207.926781,0,730
328273.63705,378838.62949,0,730
328340.169806,378704.22764,0,532
328774.080652,379086.778566,0,534
328268.455036,379000.384217,0,730
328324.026303,378916.119206,0,13
328713.125108,378629.124765,0,730
328446.685288,379116.472617,0,456
328648.443277,378667.816296,0,730
328683.499967,378634.130991,0,730
328317.670378,378731.772461,0,730
328656.082835,379240.549333,0,658
328542.476187,378785.393487,0,174
328596.460171,379081.502938,0,730
328711.5886,378952.982189,0,730
328769.114308,379201.584535,0,730
328605.539701,379161.081123,0,730
328595.569452,379136.05034,0,272
328273.621949,378862.24906,0,730
328534.990482,378883.520047,0,730
328238.287299,378903.753711,0,495
328621.277514,378997.14073,0,730
328358.480972,378827.884153,0,208
328720.176065,378972.138057,0,730
328741.986817,379192.61316,0,730
328529.624549,379050.387438,0,730
328597.39163,378665.91775,0,575
328698.980216,379180.765871,0,435
328437.300461,378995.834428,0,416
328644.936979,378834.557938,0,730
328575.931432,378934.7312,0,730
328710.605381,378758.477587,0,544
328574.759722,378837.420164,0,485
328681.114388,379024.532275,0,730
328710.68027,378984.340144,0,730
328584.272765,378958.000019,0,42
328662.158895,378897.82789,0,657
328303.453725,378727.260371,0,730
328417.177112,378683.995811,0,730
328398.168043,378900.179509,0,618
328221.574859,378803.882296,0,730
328607.071377,379005.522439,0,730
328714.417808,379017.400955,0,730
328659.519789,379360.732506,0,730
328609.363586,379214.38184,0,730
328588.749767,378682.426538,0,554
328606.610532,378775.550307,0,514
328314.545642,378874.377166,0,730
328609.667812,379149.054339,0,730
328676.537548,379295.826915,0,176
328474.457389,378907.768922,0,313
328711.103553,378769.345476,0,730
328564.345202,378866.11112,0,730
328786.510197,379139.755047,0,730
328178.227132,378888.746667,0,548
328288.284584,378920.802393,0,669
328666.802758,378969.977431,0,730
328437.75294,378799.413955,0,730
328755.343721,378962.890018,0,730
328181.642701,378804.128505,0,730
328315.844592,378736.814659,0,730
328709.36309,379117.497232,0,389
328567.417607,378762.618596,0,730
328715.710431,378764.144548,0,499
328353.032068,378916.360752,0,727
328633.938221,379052.373769,0,491
328601.020229,379185.667688,0,347
328690.240895,379005.350887,0,730
328764.72808,378995.340886,0,303
328445.775911,378767.900611,0,730
328595.974306,378784.688827,0,572
328675.09612,379063.103733,0,679
328509.356114,379153.096849,0,236
328313.285535,378921.537016,0,90
328399.436775,379029.963499,0,523
328784.439815,379185.626983,0,730
328543.977631,378872.913811,0,483
328392.83842,379000.562875,0,730
328474.141411,378798.391613,0,504
328276.239228,378751.7753,0,730
328749.995215,379045.508945,0,730
328534.68041,378983.213704,0,388
328573.923201,378978.785043,0,730
328508.914105,378668.923837,0,593
328413.642755,378857.307443,0,469
328333.611156,378953.505179,0,540
328203.776253,378851.544806,0,730
328632.950505,378758.42583,0,452
328480.053237,378937.419975,0,513
328706.562893,379302.995226,0,428
328270.447479,378748.427365,0,614
328622.081505,378993.915566,0,649
328540.01616,378925.78791,0,730
328185.992816,378795.530617,0,485
328725.70385,379080.570579,0,730
328376.357088,378773.270863,0,730
328700.219902,378986.065946,0,448
328561.005832,379051.163805,0,623
328518.769315,378832.110243,0,730
328394.310445,379023.262347,0,345
328629.833117,379216.374774,0,730
328567.749235,378987.346723,0,730
328751.560645,378906.133113,0,417
328627.52585,379060.836975,0,379
328458.650412,379135.329498,0,70
328275.375347,378735.353538,0,730
328691.432988,378795.972724,0,730
328519.748736,379039.408463,0,172
328244.076138,378951.54747,0,730
328667.113316,379267.425068,0,730
328519.486534,378717.201494,0,229
328389.300527,378822.00331,0,305
328415.048174,379064.118192,0,730
328714.040726,378804.234887,0,14
328269.111634,378947.641606,0,730
328755.739177,378941.41037,0,730
328542.544997,378726.011492,0,730
328160.373414,378890.770229,0,696
328428.629618,378679.569214,0,355
328461.721662,379118.245342,0,381
328419.993864,378756.458819,0,730
328668.120128,379138.477803,0,368
328693.272213,379109.609218,0,393
328680.733593,378906.782645,0,249
328257.134049,378936.147418,0,293
328409.240789,378770.703273,0,627
328524.848337,378696.632145,0,46
328759.149758,379071.038005,0,234
328600.420706,379127.452056,0,730
328534.6898,378764.402146,0,376
328663.147707,378940.301136,0,730
328751.109024,378874.079882,0,619
328161.71718,378890.125354,0,730
328691.949587,378933.748118,0,730
328426.495549,379004.524286,0,546
328598.552814,378851.262353,0,730
328731.584148,379045.904571,0,102
328329.812016,378787.837013,0,730
328351.29927,378972.946358,0,730
328372.836704,378728.133179,0,730
328740.79894,379169.089854,0,730
328633.845535,378868.021452,0,730
328575.696348,378772.121682,0,557
328661.698944,378992.994458,0,423
328652.774985,378785.38702,0,730
328437.410292,378707.042326,0,516
328757.023597,378787.175076,0,730
328699.095725,378790.773546,0,730
328258.666169,378933.764365,0,454
328433.173337,379094.19411,0,730
328750.673541,379153.332698,0,104
328560.766784,378741.169358,0,730
328327.952282,378860.395408,0,145
328457.892462,379017.32767,0,645
328506.534876,378813.792615,0,730
328610.634764,378917.227369,0,313
328591.918749,379175.274479,0,458
328693.437691,378875.448884,0,730
328780.129044,379039.54096,0,730
328689.074845,378702.3414,0,730
328748.888582,379229.575421,0,546
328543.392509,378685.411672,0,245
328640.190197,379295.997383,0,235
328575.854276,378682.294164,0,730
328660.328287,379112.711206,0,592
328595.280513,378972.803812,0,730
328686.703188,379024.702923,0,379
328377.124431,378905.520817,0,730
328206.109148,378944.185214,0,730
328627.526761,379099.096341,0,242
328402.046828,378725.108585,0,698
328701.643682,379198.316282,0,730
328624.478239,378763.881999,0,112
328595.868632,378935.71475,0,200
328494.218812,378982.026611,0,609
328724.506383,379041.241929,0,730
328349.374239,378879.374336,0,730
328188.657652,378848.812847,0,730
328674.993454,379291.099757,0,730
328652.549893,379020.158821,0,614
328649.990833,378790.928475,0,445
328596.215053,378679.794879,0,520
328658.696915,378763.296886,0,730
328497.223779,378849.871249,0,730
328625.299819,379131.311057,0,38
328422.949823,378805.147961,0,405
328717.035791,378892.662557,0,730
328464.238253,379114.798177,0,471
328508.144981,379085.368101,0,730
328459.939297,378945.149803,0,697
328214.134227,378927.828914,0,324
328620.618272,379005.329423,0,487
328750.943975,379097.20547,0,730
328525.338667,378744.232574,0,730
328347.644265,378991.569451,0,571
328193.243534,378781.760874,0,730
328466.019529,379024.027605,0,522
328704.334776,378831.997045,0,130
328350.892206,378925.990799,0,590
328357.641473,378752.250809,0,730
328510.493676,378782.306308,0,116
328709.044334,378697.134125,0,259
328691.098986,378972.715864,0,730
328729.44069,378972.101598,0,730
328367.616204,378774.419098,0,592
328504.790107,379063.159124,0,680
328643.140488,379022.100968,0,730
328641.479591,379109.959789,0,46
328286.533841,379021.993281,0,730
328426.675882,379060.699405,0,247
328233.231799,378892.744748,0,730
328749.228012,379210.539608,0,730
328511.428515,378858.342484,0,690
328576.249046,378731.045036,0,623
328570.848554,378679.309909,0,217
328699.381336,378882.422182,0,730
328278.834439,379008.646559,0,730
328739.178884,378855.83303,0,730
328403.990008,378798.788311,0,730
328736.256924,379021.223617,0,730
328670.489574,379149.458192,0,208
328396.026255,378881.039491,0,730
328677.202479,379072.430225,0,730
328704.863589,379160.955317,0,730
328421.351571,379045.387821,0,307
328606.350882,379105.934666,0,730
328451.588772,378865.262499,0,240
328643.707939,379353.752757,0,106
328336.292383,378817.657327,0,730
328471.8071,378800.330031,0,730
328657.339903,378671.924733,0,495
328721.245044,378700.616524,0,730
328279.617225,378890.855897,0,730
328708.805862,379205.432765,0,92
328483.0129,379103.511703,0,625
328677.85831,378638.311632,0,229
328591.108132,379066.153161,0,730
328492.285349,378830.671048,0,475
328583.940453,378735.355921,0,730
328694.245165,378927.120968,0,521
328696.818411,378798.411102,0,730
328785.435141,379131.33103,0,661
328662.035645,378937.154673,0,730
328278.341165,378756.640238,0,730
328404.981429,378900.87836,0,473
328740.506656,379000.012675,0,730
328650.776232,378921.888054,0,730
328569.228933,378839.917143,0,730
328382.86851,378995.395459,0,730
328399.108414,378891.535319,0,430
328674.675451,379172.480749,0,730
328599.263767,378686.413078,0,730
328347.208096,378876.43221,0,730
328717.422296,379005.873098,0,730
328507.613611,379051.558011,0,730
328374.59213,378888.635575,0,721
328693.405943,379322.934276,0,730
328600.598937,378693.579413,0,730
328750.789419,379218.487356,0,730
328589.751587,379033.130541,0,597
328403.585993,378789.614294,0,730
328714.106223,378675.135643,0,312
328621.828844,379055.971209,0,497
328359.342949,379031.258167,0,730
328690.262066,379001.618352,0,730
328565.559378,378972.585445,0,670
328610.890683,378757.756477,0,730
328820.610998,379132.744364,0,730
328696.237086,378915.609603,0,730
328324.568023,378764.394005,0,730
328306.835299,378882.945819,0,415
328644.542426,378883.401694,0,506
328509.445964,379132.757481,0,558
328738.739442,379242.318856,0,730
328732.579454,378928.12841,0,730
328691.441313,378798.390929,0,695
328690.769839,379063.737693,0,32
328639.230478,379197.373899,0,730
328557.505671,379121.619204,0,730
328301.359801,378805.349862,0,730
328435.115215,378829.758928,0,730
328410.965381,378814.847653,0,730
328679.412526,378678.914806,0,175
328492.845497,378901.694227,0,201
328493.778595,379062.808377,0,730
328508.350848,378929.135648,0,730
328696.118676,379031.171953,0,96
328674.066011,379221.160445,0,730
328598.28396,379002.440998,0,730
328622.126504,378706.232929,0,271
328652.575951,379084.808629,0,730
328299.695208,378830.087662,0,730
328561.337199,378958.00944,0,730
328644.224734,378669.872106,0,730
328475.098167,378770.078779,0,577
328387.563749,378713.52125,0,642
328397.112494,378868.652508,0,180
328436.526843,378934.945419,0,235
328710.553549,378938.312611,0,473
328744.730847,379191.22547,0,730
328699.892473,379302.53594,0,730
328802.222181,379106.382083,0,730
328480.337279,378956.417701,0,730
328397.609191,378899.875388,0,562
328660.80184,379057.08306,0,730
328790.983328,379138.224759,0,384
328470.667707,378837.637733,0,730
328711.68812,378674.333725,0,730
328555.209636,378784.725968,0,417
328662.747196,378755.013005,0,440
328175.130245,378885.901621,0,730
328340.878481,379056.272179,0,608
328646.028691,379012.687789,0,316
328583.521874,378849.663198,0,68
328429.228936,378779.474051,0,730
328710.645315,378914.262951,0,730
328560.811176,378675.283251,0,730
328347.440354,378895.072597,0,730
328579.96654,378724.546146,0,209
328722.202489,378761.110171,0,730
328383.050653,378695.64262,0,730
328384.301291,378967.415438,0,466
328613.397159,378803.950765,0,517
328416.129131,378719.476619,0,730
328455.452162,378826.777887,0,730
328786.745752,379157.172043,0,30
328412.155852,378850.516805,0,730
328379.129926,378716.974481,0,36
328634.003519,379089.889538,0,496
328527.368897,378719.698843,0,730
328473.625522,378675.0181,0,730
328175.660003,378856.381579,0,121
328647.798619,378967.895255,0,730
328762.720363,379150.7883,0,730
328456.616413,378951.606913,0,730
328396.687741,379033.646455,0,730
328755.624718,379191.518711,0,724
328590.501446,379225.53333,0,730
328331.864959,378776.915026,0,256
328554.665163,379210.760811,0,730
328537.548578,378699.69529,0,730
328439.227331,379022.815009,0,380
328673.158284,378869.133476,0,394
328626.825953,379049.591535,0,61
328187.217039,378849.337333,0,8
328490.928833,378910.016424,0,730
328606.961266,379195.600698,0,461
328595.116308,379084.753559,0,730
328656.088932,379224.047108,0,151
328397.074269,379000.768422,0,730
328636.509898,378926.716654,0,730
328787.063408,379084.348734,0,730
328624.406204,378847.689114,0,730
328517.068504,379130.468309,0,468
328349.866377,378995.645132,0,717
328422.238283,379027.892944,0,74
328581.789331,378902.908823,0,371
328477.026657,378715.536276,0,730
328648.793921,379012.809407,0,730
328645.126821,378650.385642,0,730
328407.084185,378973.269211,0,730
328298.786773,378738.629834,0,730
328724.907998,379016.761932,0,730
328750.7143,379217.036415,0,730
328451.374262,378679.544486,0,722
328474.94295,379047.970586,0,730
328173.123849,378888.236836,0,730
328745.118101,378749.515552,0,306
328663.772889,378819.661881,0,577
328348.815095,379068.471869,0,266
328821.988675,379139.759187,0,730
328774.693911,379056.405132,0,730
328702.40971,379046.248686,0,501
328658.106905,379160.833313,0,1
328455.353453,378731.345637,0,730
328274.903245,379019.383153,0,494
328345.348035,378739.186318,0,730
328159.988909,378879.603217,0,146
328544.742107,378668.280199,0,730
328688.802896,378941.354113,0,128
328668.864655,378825.987451,0,730
328623.359847,379252.486677,0,262
328357.715964,379057.849019,0,606
328468.63499,378839.966601,0,656
328478.449705,378848.539863,0,730
328635.455427,379162.982907,0,658
328425.84396,379059.439101,0,318
328729.567893,379232.749717,0,122
328383.199001,378709.765766,0,730
328191.0907,378825.127057,0,730
328379.869006,378685.71147,0,666
328766.914982,379221.925063,0,730
328714.180504,379208.941653,0,7
328362.944188,378951.174448,0,730
328275.565744,378986.825134,0,507
328585.286499,379153.046768,0,730
328562.182297,378999.964048,0,148
328511.448816,379155.381095,0,424
328442.023983,378872.470746,0,315
328422.938225,378907.601041,0,730
328212.330719,378788.048741,0,730
328690.84001,379235.703274,0,730
328550.998252,378747.644285,0,182
328392.222133,379092.858457,0,488
328510.732319,378673.776128,0,730
328291.569763,378907.48805,0,375
328240.396844,378937.640293,0,457
328758.220832,379153.41649,0,730
328310.846142,378726.399546,0,730
328738.225017,379153.814473,0,730
328263.580602,378857.683553,0,730
328329.419148,378752.273439,0,724
328656.273146,378928.965532,0,552
328567.784225,378748.917631,0,730
328511.135712,379009.093686,0,106
328527.590247,378715.378028,0,94
328527.918914,378891.166918,0,730
328297.657344,378893.984072,0,730
328659.20555,378839.454328,0,730
328654.926215,379024.678801,0,109
328199.210087,378789.734024,0,529
328709.275955,379157.189467,0,498
328794.763348,379058.901498,0,692
328788.41385,379134.532331,0,730
328422.84286,378781.887813,0,730
328588.28466,378916.866276,0,730
328214.269814,378771.614912,0,103
328400.629885,378906.026573,0,239
328324.386624,378984.071679,0,341
328416.381648,379046.010279,0,350
328488.931733,379028.560029,0,705
328688.557812,379235.228041,0,730
328658.96882,378771.990753,0,271
328521.487903,378675.096871,0,687
328360.388088,379016.728013,0,730
328735.446607,378922.194565,0,730
328619.534716,378979.567494,0,730
328717.933491,379143.768507,0,730
328395.275369,378991.030813,0,730
328550.891554,378839.32591,0,730
328559.34758,379082.061453,0,730
328661.279418,378646.40988,0,730
328704.89223,378656.962951,0,730
328504.821505,378914.362124,0,730
328365.636023,378734.129774,0,689
328394.299066,378943.22779,0,12
328605.033103,379204.411506,0,730
328602.527246,378774.047968,0,730
328503.529628,378667.166602,0,730
328712.252706,378836.980968,0,730
328525.233628,378660.153565,0,730
328477.207866,378762.311058,0,730
328335.805844,378904.872613,0,730
328427.290339,379076.142399,0,147
328506.70533,379034.190431,0,730
328556.575333,378781.282071,0,730
328594.947324,379115.513554,0,477
328739.420162,378996.487687,0,492
328379.595607,379019.797866,0,730
328506.32747,379127.437432,0,730
328554.672126,379166.702571,0,91
328560.9974,378780.16803,0,180
328648.410128,379025.602291,0,730
328422.889333,379118.557958,0,730
328506.781167,379180.085639,0,730
328263.317693,378837.677892,0,730
328525.788915,378955.508983,0,730
328665.285713,379187.723004,0,730
328334.029508,378945.03016,0,730
328445.638228,379122.269649,0,274
328629.373839,378914.281832,0,267
328823.336588,379138.94843,0,730
328641.644926,378708.253161,0,730
328699.496763,378752.24103,0,159
328548.542957,378925.846365,0,332
328256.314422,378740.482774,0,730
328254.392123,378998.143292,0,730
328535.616949,379109.502586,0,359
328469.108768,379151.378427,0,509
328563.366525,378771.875856,0,518
328638.13278,378735.633897,0,153
328743.064796,379201.494987,0,730
328658.936389,378715.928836,0,730
328741.801323,378739.741578,0,674
328556.853796,378929.402304,0,212
328250.908135,378793.674827,0,721
328409.451789,379065.211849,0,730
328458.230442,378866.409385,0,251
328600.909165,378709.239941,0,730
328652.84457,379107.189727,0,730
328580.356517,378794.863532,0,730
328529.881036,378954.580265,0,730
328497.701051,379101.733417,0,178
328718.1264,378939.746227,0,730
328516.608457,379132.815753,0,367
328445.34456,379016.854175,0,730
328461.373336,378812.575844,0,37
328363.549105,378700.452824,0,730
328500.594545,378844.768758,0,730
328228.183852,378983.200501,0,730
328690.317613,378940.631995,0,730
328502.458341,378688.436576,0,730
328506.139304,378981.99643,0,409
328495.212815,378828.266643,0,605
328549.936985,379188.579115,0,730
328530.29729,378994.320876,0,692
328655.512722,378735.961976,0,667
328555.655571,379047.486222,0,730
328621.63533,378859.574607,0,730
328575.550228,379071.0557,0,628
328696.675541,378801.02227,0,730
328668.913412,378745.343057,0,730
328760.308433,379225.722643,0,346
328609.708975,378796.217233,0,276
328610.652227,378978.075448,0,730
328619.549846,379022.409592,0,730
328571.64613,379007.568899,0,351
328202.286987,378897.357601,0,730
328526.952045,378680.490655,0,695
328602.337937,378755.527075,0,730
328735.753627,378759.061143,0,730
328362.601894,378781.225242,0,726
328649.726842,379008.646995,0,730
328587.213033,378799.605647,0,730
328606.937612,378944.541045,0,730
328762.660743,379061.710013,0,518
328208.689833,378892.054215,0,730
328661.249483,378987.804549,0,730
328732.729888,379073.253139,0,730
328559.734209,379022.097849,0,58
328338.253238,378802.675222,0,216
328282.838386,379016.135559,0,461
328628.530554,379313.957035,0,730
328755.693097,378957.015409,0,410
328727.684066,378710.016645,0,418
328588.875819,379129.762165,0,730
328421.952279,378805.34207,0,234
328517.141212,379069.847476,0,730
328511.316277,378860.192351,0,730
328680.086385,378873.235766,0,122
328395.039471,378856.788553,0,730
328621.314265,378931.207225,0,730
328650.839549,379205.243682,0,730
328194.033156,378840.445581,0,730
328796.35305,379121.036148,0,340
328541.719435,379095.191984,0,730
328678.908748,378994.197631,0,622
328470.281587,378840.466062,0,6
328215.546006,378962.200028,0,730
328387.506256,379017.955822,0,730
328412.416315,378888.947037,0,726
328601.388354,379026.717097,0,730
328633.285219,378871.909538,0,408
328263.439557,379006.49114,0,143
328475.826819,378806.143399,0,139
328776.429841,379189.713658,0,83
328420.567874,378786.521224,0,730
328365.726379,379046.549394,0,686
328588.344159,378799.909672,0,730
328209.722484,378786.081606,0,630
328760.836781,378850.464031,0,328
328758.058023,378989.233679,0,730
328646.72275,379028.574877,0,372
328568.794009,379166.581819,0,102
328675.516175,378687.634019,0,730
328593.864871,379179.733686,0,730
328711.294978,378635.397852,0,487
328331.499729,378782.716533,0,730
328203.074885,378805.774149,0,730
328741.915597,379170.464915,0,730
328641.895494,378854.603131,0,730
328649.419648,379055.098539,0,632
328511.58839,378759.589743,0,730
328320.216707,378726.772226,0,129
328342.670402,378856.889976,0,730
328456.255569,378685.007898,0,730
328256.08293,378742.237539,0,730
328515.882723,379114.256407,0,676
328460.168001,378959.040833,0,569
328312.123482,378800.54563,0,730
328319.683094,378903.001676,0,730
328664.397815,378636.646684,0,730
328518.396361,378698.287051,0,730
328272.286775,378753.482341,0,463
328661.277348,378820.137869,0,730
328540.390141,378795.175641,0,730
328391.663328,378689.62259,0,730
328725.291282,378884.613902,0,730
328439.402968,378932.775992,0,730
328240.378193,378935.020657,0,730
328441.507886,379068.895313,0,370
328474.32719,379124.90512,0,560
328572.30504,378689.390732,0,730
328747.191331,379195.079925,0,730
328656.684614,378945.994488,0,730
328516.826086,379092.812382,0,364
328701.2231,378740.256115,0,730
328683.141157,378781.757346,0,730
328498.754813,378957.274704,0,440
328721.932937,379269.127864,0,730
328719.446707,378981.461792,0,730
328620.619722,378745.788815,0,730
328279.201849,378799.281724,0,730
328666.902531,379025.549115,0,730
328204.017606,378861.031961,0,730
328704.313754,378939.499188,0,195
328680.307164,379167.584876,0,366
328415.208282,378785.492531,0,730
328451.024723,378752.183832,0,730
328501.596674,378824.136476,0,562
328747.810843,378908.394301,0,419
328601.367253,379078.038407,0,591
328356.477299,378867.293603,0,701
328477.381745,378729.956573,0,730
328317.196726,378779.141274,0,730
328411.525068,379060.000575,0,730
328375.313941,378794.139044,0,3
328158.52307,378810.048239,0,583
328628.363629,378810.358301,0,358
328326.20588,378742.017797,0,160
328524.922819,378680.733249,0,477
328754.595492,379121.87078,0,730
328542.079139,378905.023624,0,730
328656.333655,379313.098397,0,98
328431.259119,378875.503413,0,221
328385.620201,378809.640316,0,647
328464.837586,378766.443956,0,730
328531.61337,379031.792042,0,730
328588.364937,378798.708343,0,638
328659.460017,378788.327983,0,730
328615.359725,379221.160405,0,340
328661.354225,378642.575795,0,730
328593.423025,378685.54954,0,28
328642.25171,378909.606987,0,165
328439.731031,378929.379385,0,730
328387.598731,379049.594975,0,204
328470.951731,378888.353796,0,730
328515.453871,378992.09528,0,730
328677.807936,378757.060439,0,730
328587.098971,378701.89035,0,159
328696.313841,379271.470517,0,730
328613.607302,379237.028504,0,678
328526.731762,378691.934697,0,231
328395.40857,378887.51673,0,446
328384.551895,378892.718975,0,730
328492.295616,379025.79005,0,730
328450.507869,378707.126184,0,209
328266.530369,378774.604575,0,730
328202.63963,378777.596688,0,131
328285.703113,378954.67649,0,730
328402.955142,378952.948033,0,730
328527.358346,379194.849302,0,702
328337.91234,378730.218883,0,118
328738.272656,379019.099325,0,730
328409.468762,378844.212965,0,730
328745.916279,379186.346883,0,730
328467.375277,378953.338876,0,173
328505.371875,379012.564376,0,49
328737.817228,379219.155079,0,146
328605.268801,379252.686283,0,730
328711.088536,378830.761919,0,730
328623.217871,379203.749712,0,687
328346.642998,378855.595941,0,469
328415.577274,379008.991586,0,296
328519.711854,378992.592569,0,730
328486.500255,378978.973941,0,66
328583.176034,378723.051627,0,255
328697.282307,378637.39536,0,730
328435.595536,379067.807725,0,730
328277.401614,378989.669081,0,730
328678.591732,378649.080954,0,75
328634.816466,379239.022579,0,442
328467.782572,378704.527832,0,600
328694.24787,379018.036831,0,187
328657.607988,378777.306377,0,730
328566.894792,378693.298644,0,730
328763.444711,378816.905817,0,547
328395.947691,378757.082342,0,730
328752.494491,378813.695887,0,69
328657.536437,379160.470685,0,730
328292.861645,378936.131243,0,730
328402.083313,379056.77899,0,264
328299.423202,378873.852383,0,400
328325.681777,378895.634885,0,730
328348.645019,378841.031746,0,55
328714.363433,379256.827455,0,730
328675.220174,379235.848532,0,730
328458.454817,378792.870833,0,231
328382.731585,379080.366099,0,730
328549.858795,379187.335353,0,730
328544.735931,378876.790594,0,730
328400.483397,379083.234114,0,730
328194.029579,378945.106206,0,730
328393.029183,379057.816523,0,634
328749.315235,378945.067889,0,730
328492.956719,378739.560533,0,615
328213.395664,378863.94228,0,730
328477.432742,378685.273473,0,730
328612.711295,378823.352277,0,678
328359.301588,379057.034753,0,730
328660.639524,378736.735111,0,730
328689.319962,378883.035613,0,87
328255.891255,378780.936971,0,730
328652.168685,378914.847667,0,730
328719.278549,378878.4918,0,114
328556.921158,378858.015754,0,377
328699.534261,379183.277961,0,730
328554.780555,379053.820823,0,730
328438.277199,378868.391372,0,730
328343.225147,378789.965067,0,730
328571.974522,379011.428204,0,730
328417.891676,378861.957657,0,730
328727.948396,379201.588207,0,730
328643.085571,379033.521778,0,730
328259.855029,378812.712005,0,309
328715.530173,378774.85308,0,730
328439.771921,378742.14966,0,399
328491.176704,378818.61808,0,665
328624.10301,378984.29217,0,432
328394.295246,378744.388224,0,730
328587.615505,378715.641537,0,679
328622.112972,379052.228715,0,608
328167.916316,378813.964322,0,730
328710.85763,378780.879043,0,730
328617.005271,378982.924999,0,730
328590.492456,379044.658321,0,730
328213.214838,378840.586642,0,730
328581.818376,379119.736784,0,99
328258.845685,378968.90861,0,730
328456.101733,378983.083996,0,563
328662.71335,379097.611544,0,730
328279.912666,378944.721686,0,730
328306.981895,378860.053855,0,730
328588.800918,379226.52446,0,730
328489.798067,378985.66751,0,730
328610.977901,379266.479871,0,713
328543.517235,378684.522125,0,730
328661.030257,379345.937225,0,730
328619.533641,379258.67058,0,730
328518.944085,378973.790972,0,730
328480.035856,378921.475326,0,295
328410.974235,378920.65816,0,730
328378.59643,378946.936835,0,436
328592.224611,379203.446212,0,730
328763.781601,378815.230031,0,730
328648.14983,379269.185792,0,730
328637.023151,378982.48994,0,730
328404.393632,378759.306504,0,311
328431.967388,378912.467444,0,326
328632.453325,379279.680908,0,86
328361.544203,378884.051491,0,730
328666.768793,378910.184579,0,730
328585.077689,378935.315746,0,113
328489.608526,378849.340537,0,334
328605.777544,378834.573196,0,730
328587.153207,378797.701905,0,730
328595.056319,379190.578357,0,730
328250.299948,378961.142863,0,730
328239.21263,378860.729485,0,169
328596.322628,378896.292964,0,536
328433.542538,379119.369038,0,163
328533.562646,378989.209916,0,730
328346.063502,378798.286736,0,730
328289.667734,378932.26629,0,301
328720.615186,379211.51084,0,730
328268.37339,379013.309583,0,730
328695.62632,378697.626641,0,725
328639.459504,378777.741024,0,67
328518.266103,379105.506128,0,730
328474.356645,379089.982943,0,730
328640.438382,378668.188105,0,645
328633.947434,379094.657234,0,730
328747.280581,378919.759132,0,730
328706.997284,379119.093544,0,715
328570.311474,378941.959507,0,730
328703.910241,379124.453228,0,20
328604.553713,378729.111225,0,730
328689.24279,379304.970144,0,21
328704.346877,378965.110107,0,730
328725.593349,379069.24007,0,327
328445.561788,379027.263467,0,451
328407.859023,379037.334278,0,730
328382.919959,378849.500732,0,730
328750.793778,378905.795675,0,545
328565.560434,379071.891617,0,730
328650.471322,378712.413809,0,89
328658.939123,379251.346071,0,730
328396.611947,378921.140544,0,459
328386.022007,378953.094742,0,730
328384.858623,379047.165085,0,730
328469.457625,379050.710052,0,730
328437.667641,378788.972216,0,561
328324.504679,378846.061518,0,462
328687.972474,379133.961183,0,512
328442.672823,379077.172784,0,730
328586.660497,378700.047174,0,586
328608.707336,378682.109768,0,650
328566.764815,378726.789182,0,730
328265.65622,378762.710654,0,503
328704.495053,378737.335187,0,699
328174.421477,378839.224943,0,730
328425.758323,378760.418965,0,730
328667.029063,378706.279526,0,331
328363.260881,378737.621878,0,730
328443.826921,378884.27515,0,730
328553.871921,378711.628129,0,730
328599.795488,378933.272891,0,730
328653.273809,379304.187379,0,730
328319.427043,378845.247352,0,730
328257.876972,378905.678474,0,28
328494.578852,379004.045339,0,730
328427.270549,378837.223545,0,730
328678.768691,379112.238461,0,730
328605.718123,378967.821512,0,730
328598.46916,378948.379813,0,111
328416.993236,378815.341449,0,730
328574.915476,379072.363223,0,601
328766.184209,379030.428362,0,730
328227.263829,378869.211184,0,730
328546.159194,379196.324318,0,730
328672.896783,379310.008249,0,730
328245.371268,378975.91133,0,730
328605.480247,378662.547221,0,78
328507.031956,378821.242207,0,638
328215.53478,378812.444632,0,361
328528.399318,378755.432907,0,730
328607.637742,378841.219799,0,51
328290.743367,378835.419465,0,636
328455.210321,378760.402086,0,730
328244.585018,378937.591474,0,730
328529.534545,379011.83167,0,730
328704.718046,379056.688187,0,671
328379.108249,378878.443765,0,730
328748.176798,378844.27265,0,524
328397.663759,378802.782972,0,62
328636.432219,378941.149232,0,730
328236.797322,378793.918184,0,510
328700.906478,378771.230762,0,407
328470.518518,378935.463125,0,730
328434.337727,378704.730276,0,27
328764.23408,379132.687231,0,730
328404.342949,378718.935975,0,730
328778.574998,379117.324589,0,556
328296.996247,378811.10147,0,672
328643.894199,378772.738056,0,730
328691.211725,379016.650602,0,96
328658.04769,379029.511898,0,730
328652.607461,378826.788558,0,730
328389.495446,378832.713967,0,730
328351.833809,378990.538941,0,291
328683.8159,379056.291618,0,730
328662.743885,379161.971438,0,730
328438.544811,379081.658129,0,282
328643.806894,379210.027196,0,730
328420.346305,379039.375615,0,730
328660.101331,379299.022718,0,730
328650.334147,379303.40446,0,730
328627.001171,379081.821776,0,730
328479.415698,378744.322107,0,730
328610.019874,379017.982395,0,568
328209.251197,378967.760926,0,281
328226.654783,378751.336361,0,730
328570.299304,378700.578957,0,511
328606.753282,378910.766012,0,730
328418.073643,378909.230148,0,730
328216.026045,378963.295209,0,730
328192.402964,378785.374555,0,730
328643.405565,379287.311112,0,331
328372.264563,378884.662583,0,730
328468.059376,378989.261839,0,621
328465.462878,379120.617151,0,730
328614.053656,378849.619535,0,462
328274.127841,378818.22232,0,730
328613.993356,378815.038788,0,730
328737.676762,378714.746118,0,730
328265.602497,378828.835955,0,730
328579.163328,378750.099763,0,244
328673.039413,378725.132618,0,568
328645.421218,379316.449152,0,641
328585.197589,378988.356643,0,730
328751.155752,379121.624999,0,730
328648.055076,379303.76847,0,730
328726.959224,378863.147092,0,730
328713.812907,379076.155066,0,94
328192.023244,378952.364176,0,730
328312.907295,378756.8511,0,730
328361.773045,378874.035043,0,689
328360.565268,378781.380813,0,252
328656.132763,379139.351724,0,730
328709.405925,379182.410008,0,77
328373.561865,379048.959356,0,730
328323.890403,378894.272621,0,730
328186.296987,378937.189418,0,730
328579.780789,378835.439593,0,730
328636.62969,378920.867223,0,730
328225.579227,378896.352914,0,730
328568.342196,378940.606182,0,386
328434.031347,378687.748034,0,730
328580.389369,379010.812429,0,730
328538.727266,379031.538059,0,730
328488.887863,378953.111332,0,542
328411.171138,378778.69444,0,730
328719.296481,378930.399181,0,730
328198.318356,378799.770931,0,682
328387.641198,378903.450796,0,730
328248.123533,378795.402113,0,730
328699.387826,379140.669981,0,730
328409.759422,378947.481535,0,490
328687.619892,378744.811071,0,730
328276.680339,378962.243369,0,730
328737.789158,379157.422036,0,730
328536.607039,378796.75346,0,716
328377.526619,378935.660311,0,730
328137.306555,378887.975914,0,730
328536.485563,378748.433355,0,612
328218.607855,378759.643184,0,730
328625.588347,378654.448417,0,85
328315.906319,378857.443538,0,730
328531.85353,379190.149284,0,428
328639.912573,378638.705211,0,730
328667.166157,379130.020409,0,730
328542.653508,379111.394885,0,730
328211.25913,378965.228744,0,730
328494.006668,379037.08729,0,730
328444.94082,378950.561744,0,225
328555.895134,378834.900206,0,730
328707.506055,379232.323905,0,476
328501.262073,379035.768962,0,407
328470.044582,378895.649743,0,730
328365.442424,379083.379948,0,543
328487.272254,379121.509737,0,730
328456.957189,379011.141261,0,730
328214.74929,378905.604866,0,691
328356.278702,378999.78348,0,402
328751.279458,379151.649504,0,730
328499.083899,378670.459972,0,730
328609.840824,379093.190673,0,730
328756.962408,378774.205588,0,589
328738.668985,379107.315816,0,730
328765.955608,379138.079891,0,730
328217.210646,378841.819156,0,730
328698.976093,378899.972455,0,237
328745.943122,378855.487393,0,675
328785.944211,379176.541766,0,522
328638.496173,379156.391704,0,151
328698.820778,379142.964766,0,585
328692.034356,378715.667258,0,730
328496.563684,378940.304277,0,730
328594.413877,379090.086712,0,447
328713.443479,379171.1399,0,481
328456.744904,378960.086889,0,302
328680.523342,378637.62118,0,730
328321.174307,378836.685341,0,730
328686.624322,379105.740882,0,730
328324.153061,379024.657806,0,509
328719.150141,379253.997918,0,730
328659.879024,379263.091443,0,730
328580.171767,379022.49535,0,730
328416.259224,379060.105412,0,602
328390.105511,378776.770578,0,698
328267.268926,378901.915578,0,730
328332.38506,378966.948039,0,730
328528.478195,379047.491263,0,730
328227.724481,378968.781533,0,437
328314.097682,379011.629179,0,730
328374.393952,378933.462826,0,730
328269.969146,378805.865357,0,729
328402.648737,378895.631771,0,730
328386.337537,378753.690319,0,730
328572.497964,378998.053018,0,730
328729.499647,378676.151467,0,730
328349.153938,378938.325109,0,730
328514.917971,379178.036082,0,730
328664.508639,378730.571965,0,730
328320.928165,378763.305756,0,730
328748.339492,379234.636157,0,730
328484.796654,378962.730778,0,730
328317.962591,379034.582633,0,685
328675.97504,378776.338821,0,318
328538.922666,379163.813568,0,528
328375.89918,378963.587043,0,730
328278.337742,378746.84713,0,652
328754.404491,378900.512816,0,718
328745.105666,378790.063298,0,730
328488.607118,379130.715783,0,275
328287.682185,378727.731939,0,730
328356.723576,378769.816948,0,730
328361.392446,378868.497887,0,639
328578.024649,378796.340234,0,730
328642.891198,379305.384481,0,730
328302.044557,378720.152999,0,301
328742.851416,379100.563681,0,143
328345.463784,378890.651493,0,730
328597.119819,378857.234088,0,730
328636.755796,378959.664171,0,245
328194.656658,378833.992373,0,730
328574.645193,379075.78908,0,289
328670.046238,379309.532316,0,730
328187.57616,378842.771606,0,730
328693.327576,378872.039142,0,13
328601.320438,379159.424581,0,93
328582.954705,379077.167836,0,197
328208.058159,378876.018434,0,380
328563.259017,378918.311507,0,286
328705.022562,378978.063562,0,486
328727.57837,378678.11425,0,730
328522.016543,379019.072996,0,617
328259.049006,378905.018695,0,730
328559.947005,379078.05259,0,730
328659.479351,379327.662913,0,261
328472.562333,378841.951222,0,730
328606.832743,378884.137443,0,730
328746.846682,378991.582294,0,336
328607.145089,378694.263796,0,206
328757.130421,379107.242404,0,730
328690.030954,378942.569308,0,730
328338.490526,379008.480978,0,730
328147.567277,378902.042337,0,730
328285.654307,378741.034807,0,730
328415.58509,379055.659861,0,730
328596.184324,378753.288033,0,730
328668.359102,379268.622627,0,730
328742.834499,379134.602514,0,730
328610.90365,379184.374889,0,730
328707.759133,379143.388781,0,730
328337.204739,378802.562319,0,730
328674.962155,378992.1979,0,304
328672.190229,379008.621278,0,730
328515.236254,378915.851884,0,730
328522.329993,378682.943758,0,730
328300.372677,378786.288833,0,730
328242.747571,378946.231359,0,730
328548.285569,378969.201537,0,730
328391.713615,378870.372428,0,162
328421.399021,378996.143273,0,730
328719.996899,378679.650402,0,730
328197.378157,378897.676468,0,206
328549.395283,378901.815379,0,391
328283.008197,378905.367927,0,730
328271.9311,378952.730739,0,172
328603.701945,378943.199706,0,730
328483.385846,378868.939769,0,730
328586.546476,378826.972128,0,730
328668.965001,378759.174996,0,351
328770.677451,379141.868008,0,594
328189.095738,378865.64225,0,730
328617.524128,378753.843931,0,422
328487.152065,378872.730975,0,730
328237.584181,378927.266174,0,406
328352.061973,378719.060604,0,730
328677.190337,379228.103243,0,730
328476.157727,378796.647702,0,730
328211.954634,378833.829314,0,239
328672.931965,378726.494158,0,173
328602.70716,379093.386612,0,730
328231.915493,378751.51174,0,730
328583.092469,378710.488229,0,402
328601.470957,378703.096969,0,730
328706.616415,378873.011017,0,730
328573.289274,378703.317115,0,631
328288.393618,378781.587697,0,697
328620.958262,379293.562833,0,730
328728.60635,379268.796025,0,323
328544.49974,378953.87409,0,730
328534.129768,379035.230242,0,730
328811.722122,379119.770636,0,730
328721.360576,378925.879576,0,730
328706.682016,379285.346475,0,730
328330.791473,378700.889797,0,730
328575.612861,378656.383253,0,730
328642.718675,379164.109937,0,730
328487.802905,379109.338259,0,730
328335.4583,379007.679419,0,730
328621.634477,379055.836466,0,711
328635.832044,378961.509332,0,720
328303.356125,378884.578423,0,654
328661.797168,379191.185663,0,659
328538.19411,379072.608113,0,710
328778.964397,379011.662123,0,171
328382.771156,378992.898055,0,653
328589.289576,378862.213086,0,730
328198.472215,378936.31781,0,730
328634.982668,379180.707628,0,708
328225.1678,378946.505516,0,521
328379.228568,379006.809116,0,730
328550.259768,379087.016135,0,730
328335.251912,379049.077582,0,730
328464.062908,378726.939727,0,730
328367.586314,378944.4999,0,730
328700.938876,379078.041468,0,460
328232.429965,378781.939975,0,730
328307.551866,378764.038436,0,98
328190.08381,378939.644697,0,578
328606.728893,379069.43749,0,730
328611.036589,379020.782568,0,730
328765.600838,379120.808081,0,598
328512.065893,378985.452789,0,571
328657.159417,378995.695408,0,43
328321.048347,379029.159984,0,730
328708.950759,378684.384992,0,248
328343.728197,378909.73041,0,413
328483.288207,378796.796808,0,730
328467.717883,378974.513077,0,730
328400.815747,378976.715946,0,730
328590.832901,378927.494301,0,686
328695.826316,378771.132433,0,646
328745.258355,378807.772416,0,730
328577.71525,379107.714079,0,730
328421.856209,379020.367672,0,730
328724.324499,378843.021727,0,730
328552.686318,379127.369765,0,198
328749.071482,379034.540547,0,730
328740.463284,378861.702599,0,723
328384.744977,378713.650084,0,591
328630.698177,379206.251349,0,551
328395.093664,378721.493654,0,730
328745.756305,379075.114536,0,24
328468.5238,378819.025863,0,730
328305.421449,379029.587407,0,730
328132.983086,378896.572761,0,648
328173.151871,378782.293704,0,730
328746.384272,379068.941365,0,730
328389.622033,379044.539881,0,730
328258.508558,378913.305552,0,283
328476.90732,378965.653684,0,694
328617.150163,378647.803347,0,730
328661.11058,378767.745293,0,730
328627.409995,378654.498096,0,730
328200.732419,378777.891544,0,730
328470.321681,378902.790884,0,584
328629.913747,379280.290658,0,514
328644.097595,378659.693568,0,343
328572.396479,379037.262526,0,730
328565.852169,378731.314876,0,730
328744.844277,379166.677265,0,207
328320.552098,378962.990972,0,730
328740.04749,379215.424657,0,730
328660.289556,379352.879474,0,730
328600.587387,378705.563794,0,730
328707.955727,379070.334385,0,646
328559.317706,378976.076999,0,177
328503.368428,378991.830654,0,629
328253.784959,378880.664183,0,164
328375.155632,379063.775886,0,730
328438.747765,378737.6021,0,190
328573.339336,378954.480953,0,127
328543.488414,378832.930906,0,317
328748.294686,378801.026807,0,705
328732.574401,378883.931261,0,730
328593.434832,379203.831272,0,433
328710.344921,379161.859825,0,730
328575.63343,379035.046912,0,730
328167.786002,378943.010161,0,472
328416.091849,378834.013893,0,730
328635.069319,378954.794986,0,730
328511.15172,378915.557257,0,624
328519.412745,379128.418992,0,566
328350.548221,378722.25561,0,730
328493.448017,379065.502226,0,730
328221.688336,378837.932961,0,322
328388.180246,378754.980619,0,54
328431.619247,378703.601488,0,730
328377.833781,378869.541884,0,416
328801.383228,379167.994566,0,359
328560.129794,379118.02024,0,730
328351.720032,378999.787521,0,730
328278.134761,378893.133929,0,730
328570.796772,379141.560757,0,588
328409.041521,378785.272623,0,730
328392.259708,378774.007326,0,426
328671.761806,379257.764232,0,120
328721.222648,379248.31225,0,278
328598.392239,378843.4492,0,730
328663.744281,379055.327469,0,604
328711.714722,379108.112721,0,730
328510.839615,379009.416974,0,730
328251.011835,378886.800862,0,644
328636.034246,379184.462036,0,664
328538.185267,378881.608312,0,730
328510.4392,378789.427368,0,730
328194.162885,378936.010105,0,396
328437.059354,378912.992209,0,464
328317.309055,378736.685555,0,555
328655.017238,379216.987525,0,366
328349.508767,378880.035597,0,155
328446.462149,378871.09563,0,622
328397.363492,379093.706753,0,660
328704.7692,378758.693185,0,730
328300.157981,378936.175234,0,304
328719.972089,379217.626507,0,375
328518.687691,378819.475614,0,730
328434.65076,378843.977433,0,730
328637.017535,378655.081403,0,730
328602.810294,378952.039243,0,730
328548.042725,378777.641394,0,730
328433.357725,378830.915099,0,730
328715.371806,379088.5282,0,398
328392.549123,378879.244786,0,730
328751.282747,379121.29927,0,730
328579.694833,379094.449797,0,730
328338.517943,378726.151286,0,474
328463.755372,379102.099842,0,722
328354.364558,378906.610052,0,730
328380.733132,378918.35934,0,730
328630.09036,378980.719326,0,362
328654.553292,378824.887044,0,730
328619.043089,378848.653631,0,730
328735.955326,378816.770218,0,730
328315.621677,378774.43999,0,730
328412.965463,378904.414017,0,730
328418.373441,379110.798694,0,337
328176.543942,378799.553511,0,471
328307.797358,378878.301343,0,730
328716.65787,379088.526075,0,405
328684.484165,378814.69544,0,170
328471.601294,378757.088522,0,730
328565.549417,378819.250917,0,25
328420.681216,379063.550743,0,730
328343.597201,378939.422939,0,395
328546.415417,379032.715106,0,21
328685.640602,378641.124482,0,730
328658.279629,379319.703088,0,730
328227.692203,378897.056761,0,730
328580.708228,379117.425169,0,704
328787.356539,379117.707399,0,475
328583.063736,379170.838306,0,730
328622.010085,379054.872067,0,730
328488.848869,378901.503586,0,30
328226.3728,378824.283716,0,730
328432.204423,379087.743285,0,505
328624.376121,379208.260253,0,168
328711.334126,379017.930645,0,730
328798.194121,379176.548365,0,702
328421.980508,378888.445232,0,701
328610.536509,378812.516945,0,101
328622.047997,378783.090128,0,539
328293.817144,378982.406537,0,730
328493.477162,378700.919197,0,730
328613.902759,379268.491458,0,300
328441.359907,378891.7712,0,357
328680.26561,379239.220914,0,349
328709.087376,378647.530546,0,730
328456.622867,378960.136532,0,269
328249.263808,378752.519906,0,730
328404.11335,378901.482962,0,730
328747.694454,379239.26506,0,241
328191.686621,378862.829269,0,730
328563.427055,378683.128107,0,730
328554.053906,378806.451558,0,714
328446.497429,378842.205736,0,730
328672.077494,378778.649052,0,730
328160.455725,378937.792502,0,716
328644.658964,379236.804556,0,730
328575.302822,378735.279355,0,482
328400.177468,378705.043354,0,730
328645.289065,379139.438851,0,730
328389.382448,378951.964633,0,730
328748.100959,379085.802415,0,9
328404.823877,378980.152539,0,730
328724.709899,378963.795156,0,730
328302.035509,379033.893242,0,730
328236.495589,378892.578281,0,529
328690.098453,379100.711873,0,371
328768.258606,379122.287407,0,730
328573.907689,378999.254215,0,730
328734.336515,378753.693779,0,648
328719.886813,378967.223746,0,72
328789.755573,379163.125684,0,730
328474.414467,378714.82371,0,730
328554.038161,378874.432162,0,730
328636.619088,379247.003537,0,71
328745.906779,378812.19526,0,561
328759.853069,378811.897513,0,730
328503.401632,378735.88916,0,480
328505.954009,379110.536817,0,535
328550.645253,378916.0538,0,730
328730.306993,378975.164917,0,730
328482.355408,378751.535631,0,281
328716.396599,379120.935122,0,730
328560.55145,378671.433242,0,401
328425.187187,379021.541141,0,730
328671.036283,378882.268143,0,285
328309.556136,378888.388327,0,643
328641.668959,379182.885143,0,587
328468.638579,378831.906348,0,643
328332.783488,378997.70309,0,329
328584.889205,379182.675475,0,730
328492.382871,378672.775964,0,730
328252.800705,378902.938906,0,357
328742.909111,379138.052337,0,559
328410.754825,379061.796363,0,730
328704.005831,379306.034851,0,730
328475.251092,378808.665325,0,651
328452.790466,378705.213744,0,385
328297.153988,378862.337609,0,730
328706.363468,379121.737817,0,342
328642.134684,379204.393591,0,401
328708.479207,378954.994811,0,570
328422.829401,378763.687135,0,730
328718.014196,378885.882408,0,730
328296.339721,378846.113513,0,730
328411.51616,378919.954349,0,730
328705.806296,379033.124517,0,205
