331927.585855,383372.927172,0,730
332078.468788,383694.772674,0,730
331834.556209,383351.123111,0,730
332018.346223,383573.294739,0,730
332026.57733,383330.823858,0,730
331913.730989,383848.231095,0,730
331932.144113,383832.651763,0,730
331946.734138,383333.537937,0,730
331908.780303,383872.53366,0,730
331670.91036,383664.570512,0,730
332131.854953,383457.807486,0,730
331884.557155,383907.605764,0,730
331830.167131,383310.841134,0,730
332086.299009,383653.458378,0,730
331755.933211,383575.897381,0,730
331990.631342,383327.051696,0,730
331870.482992,383870.638935,0,730
331778.732343,383598.055129,0,730
331681.375422,383672.784851,0,730
331632.298026,383708.788589,0,730
332017.898107,383607.50929,0,730
331835.520708,383254.286989,0,730
331826.317304,383394.055214,0,730
332061.119514,383401.742308,0,730
331604.40146,383645.133761,0,730
331801.079049,383373.11405,0,730
331922.933289,383479.13875,0,730
331849.321289,383329.611968,0,730
331716.803727,383684.229984,0,730
331699.875538,383604.456012,0,730
332116.717731,383426.793237,0,730
332017.544241,383339.322218,0,730
331980.915991,383584.53525,0,730
331945.656057,383817.615398,0,730
332043.622515,383316.613064,0,730
332008.36627,383363.477848,0,730
331953.639692,383600.79803,0,730
331741.662223,383802.601303,0,730
332053.732919,383331.341276,0,730
331718.093797,383495.414883,0,730
332102.219556,383527.141194,0,730
331852.008461,383620.504976,0,730
331952.572612,383847.544901,0,730
332032.33846,383438.043458,0,730
331811.960276,383765.584128,0,730
331746.743421,383550.837053,0,730
331983.263598,383332.707322,0,730
331872.727614,383453.956266,0,730
331890.395613,383359.219046,0,730
332086.347287,383496.517229,0,730
331646.303443,383652.900495,0,730
332047.775607,383420.240741,0,730
331954.094051,383490.765293,0,730
332218.459037,383438.733811,0,730
331918.666407,383702.427825,0,730
331770.209572,383697.686172,0,730
331630.406711,383677.514804,0,730
331707.605275,383609.704185,0,730
331761.922778,383383.916064,0,730
331586.290446,383655.810586,0,730
331711.801794,383593.862323,0,730
331959.052584,383701.431083,0,730
331677.680642,383585.964231,0,730
331931.996479,383458.494502,0,730
331633.433825,383617.184038,0,730
331908.776374,383894.213942,0,730
331602.176172,383667.350526,0,730
332085.295785,383703.560875,0,730
331961.806788,383727.40448,0,730
332068.228988,383469.056985,0,730
331889.8405,383567.761874,0,730
332017.663477,383317.614639,0,730
331813.616372,383493.228437,0,730
331892.209148,383753.278096,0,730
331925.218304,383421.571581,0,730
331878.463157,383403.885978,0,730
331872.864782,383804.81713,0,730
332189.415457,383414.186459,0,730
331768.278892,383762.958796,0,730
332065.608659,383526.563471,0,730
331946.815936,383696.190243,0,730
332170.906341,383346.499093,0,730
332099.785078,383681.646972,0,730
331911.152192,383604.652238,0,730
331987.264551,383745.870808,0,730
331836.183155,383625.505655,0,730
331804.466648,383890.105736,0,730
331966.339805,383403.120001,0,730
331795.94779,383682.298524,0,730
332212.534522,383366.175332,0,730
331908.210705,383873.275968,0,730
331827.012278,383569.780793,0,730
332080.090749,383436.846452,0,730
331864.741391,383624.172578,0,730
332005.212458,383629.535779,0,730
331773.400953,383373.878388,0,730
331944.613902,383574.729752,0,730
331762.057529,383862.578367,0,730
332004.748819,383470.565167,0,730
331892.850775,383554.706028,0,730
331940.614416,383499.119438,0,730
332139.73038,383364.662645,0,730
331976.900061,383449.236196,0,730
332142.552246,383407.533338,0,730
332134.254731,383342.569014,0,730
331978.454603,383460.324108,0,730
332052.279653,383325.357149,0,730
331690.345957,383690.170353,0,730
331716.860269,383531.691692,0,730
331696.052078,383533.290026,0,730
331779.328319,383718.719563,0,730
331843.080448,383317.28427,0,730
331933.136941,383488.484613,0,730
332058.644826,383434.84703,0,730
332009.538738,383586.164164,0,730
332071.961237,383535.466741,0,730
332118.546927,383554.448584,0,730
331990.521626,383662.598196,0,730
332235.543986,383382.218662,0,730
331735.12887,383626.313317,0,730
332055.277222,383725.486302,0,730
331916.368941,383834.567039,0,730
332197.043056,383401.448596,0,730
331742.647553,383755.855296,0,730
332196.367566,383358.24764,0,730
331919.129933,383385.21448,0,730
332075.853013,383441.843789,0,730
331618.302857,383635.188845,0,730
332105.093429,383470.353585,0,730
331946.630493,383879.447161,0,730
331913.78104,383500.944227,0,730
331802.20549,383286.142085,0,730
331547.245132,383609.21427,0,730
332095.726463,383320.41128,0,730
331935.044306,383684.889506,0,730
331666.922873,383759.004794,0,730
331829.425082,383804.986525,0,730
331798.380023,383698.855052,0,730
331736.943275,383640.633197,0,730
332203.808855,383413.605045,0,730
332185.898336,383439.177319,0,730
332030.025452,383480.36599,0,730
331851.672086,383391.077853,0,730
332038.922745,383547.15244,0,730
331845.185193,383772.151016,0,730
331873.820751,383672.615726,0,730
331947.92871,383449.52322,0,730
332003.046513,383704.565887,0,730
331898.046428,383710.423199,0,730
331881.395199,383401.875739,0,730
332036.747276,383496.958528,0,730
331916.032477,383413.673033,0,730
331656.162666,383700.038153,0,730
331871.827993,383559.144981,0,730
331870.737112,383312.108044,0,730
331937.787979,383290.703363,0,730
331634.463986,383680.279242,0,730
332007.54479,383348.553875,0,730
331925.543658,383592.194869,0,730
331723.742975,383563.662486,0,730
332004.772807,383381.365373,0,730
331827.188602,383395.42353,0,730
331855.732604,383391.067182,0,730
331763.00569,383611.089333,0,730
331988.911635,383699.668739,0,730
331841.216707,383380.046849,0,730
332072.839273,383454.61918,0,730
331956.242185,383699.516594,0,730
331703.160527,383771.946508,0,730
331739.593538,383728.887716,0,730
331850.543787,383617.661464,0,730
331718.96396,383688.837716,0,730
332069.31384,383514.210588,0,730
331890.777317,383825.880436,0,730
331955.8766,383369.265664,0,730
331699.230733,383621.476419,0,730
331864.721449,383266.250087,0,730
332036.213542,383598.987399,0,730
331745.601332,383806.709352,0,730
331755.780069,383518.467778,0,730
331973.207618,383342.194635,0,730
332083.116498,383480.241352,0,730
332102.178238,383439.91084,0,730
332004.169732,383442.983541,0,730
332023.551193,383394.7985,0,730
332127.620563,383585.07393,0,730
331928.134097,383575.880852,0,730
331987.307525,383688.336847,0,730
331662.002976,383648.338741,0,730
331804.773427,383652.192352,0,730
332101.89215,383703.954756,0,730
332005.210319,383600.789501,0,730
331815.409002,383825.683589,0,730
332223.809414,383354.223722,0,730
332022.769687,383448.547553,0,730
331920.666381,383814.889558,0,730
331905.852298,383463.413296,0,730
332015.009728,383429.160767,0,730
332128.580325,383471.903489,0,730
331969.572298,383537.861115,0,730
331945.120128,383656.715393,0,730
331726.665382,383523.150134,0,730
331663.612296,383561.962655,0,730
331819.791131,383643.997562,0,730
331756.597323,383860.977192,0,730
332129.662984,383501.308749,0,730
332007.367477,383526.041611,0,730
331883.327776,383674.279752,0,730
331762.522726,383393.446428,0,730
331950.120962,383847.359622,0,730
331898.575674,383541.668909,0,730
331754.573132,383438.792799,0,730
331953.733166,383366.166547,0,730
331902.808345,383354.904854,0,730
332102.771264,383696.988674,0,730
332078.807865,383539.077415,0,730
332157.516618,383482.745141,0,730
331680.69372,383768.125018,0,730
331875.868209,383846.735992,0,730
331639.068624,383634.111166,0,730
331957.650893,383660.196725,0,730
331842.010538,383650.059583,0,730
332086.047636,383387.550902,0,730
331973.101458,383756.445968,0,730
331630.448412,383666.925813,0,730
331695.463006,383704.355523,0,730
331862.751366,383557.466561,0,730
331917.757028,383915.961474,0,730
331811.27292,383623.043277,0,730
331772.183311,383867.842854,0,730
331961.965195,383569.525423,0,730
331619.651172,383581.646602,0,730
331636.82249,383701.278938,0,730
331894.411289,383514.445856,0,730
331667.53379,383611.644941,0,730
331810.891181,383668.700354,0,730
331714.666984,383637.915766,0,730
331793.223915,383720.975176,0,730
332059.487219,383362.789413,0,730
331985.30165,383735.132803,0,730
331968.291485,383629.625304,0,730
332128.094122,383467.385174,0,730
331921.348049,383506.796285,0,730
332031.680972,383570.151859,0,730
331983.266453,383641.724558,0,730
331898.872515,383512.531687,0,730
331803.560398,383288.35015,0,730
331848.44472,383364.424148,0,730
331902.900864,383708.948087,0,730
331921.692946,383899.31433,0,730
331852.368321,383406.076521,0,730
331860.55654,383649.758793,0,730
331971.288922,383615.879965,0,730
332162.150217,383415.082682,0,730
331885.90516,383658.072099,0,730
331983.498532,383392.731694,0,730
331766.634914,383387.585344,0,730
332033.873104,383427.251007,0,730
331915.262826,383688.557891,0,730
331822.79745,383865.28751,0,730
332104.758338,383514.637982,0,730
332040.066553,383675.179886,0,730
331688.464062,383704.405272,0,730
332065.768861,383390.787793,0,730
332222.982554,383402.782543,0,730
331769.960351,383722.247453,0,730
331818.151699,383451.053833,0,730
331677.542616,383734.616735,0,730
331856.243614,383750.334178,0,730
331648.250846,383712.887501,0,730
331850.974659,383861.178842,0,730
331751.713514,383417.66054,0,730
332045.67473,383625.49671,0,730
331886.753939,383454.520128,0,730
331699.230874,383756.553151,0,730
331991.633636,383361.84485,0,730
332102.933293,383421.525141,0,730
331867.347673,383509.505061,0,730
331882.998705,383653.164447,0,730
332151.560497,383387.914463,0,730
331626.912521,383671.381737,0,730
331795.344015,383374.698361,0,730
331692.591525,383638.663076,0,730
331915.75716,383471.612598,0,730
332087.204502,383379.081364,0,730
331939.859643,383423.13562,0,730
331836.834714,383736.425046,0,730
331828.621551,383250.584711,0,730
331697.36788,383723.974823,0,730
331778.370827,383300.657045,0,730
331894.201528,383807.556776,0,730
331883.448464,383417.190208,0,730
331789.133063,383545.428619,0,730
331769.818831,383483.260169,0,730
331639.654438,383588.75734,0,730
331982.270738,383535.738139,0,730
331857.717641,383770.372293,0,730
331866.9154,383973.155188,0,730
331844.956364,383253.411732,0,730
331815.799946,383391.136947,0,730
331696.840295,383640.495554,0,730
331768.609642,383833.760828,0,730
331823.572133,383652.032356,0,730
331784.978268,383344.566042,0,730
331969.398765,383571.861696,0,730
332069.711776,383705.747089,0,730
332005.76205,383353.512188,0,730
332021.231502,383331.65082,0,730
332042.306536,383444.553979,0,730
331744.875837,383402.541062,0,730
331689.536405,383583.831879,0,730
331891.735287,383591.212626,0,730
331877.251038,383712.115668,0,730
331638.869869,383646.482236,0,730
332086.21114,383591.253216,0,730
331910.400273,383886.533696,0,730
332195.281589,383485.053831,0,730
331851.221781,383416.942761,0,730
331999.186838,383434.428875,0,730
332010.30753,383697.798256,0,730
332058.138875,383585.224497,0,730
331775.738293,383795.621175,0,730
331964.374036,383463.374736,0,730
331928.484086,383896.923026,0,730
332044.79064,383646.201422,0,730
331789.989633,383810.828723,0,730
331893.410266,383622.034378,0,730
331733.167527,383798.573753,0,730
332045.091827,383691.685179,0,730
332148.710532,383532.197963,0,730
331834.506964,383432.68266,0,730
332060.681452,383413.567076,0,730
331871.252145,383780.349063,0,730
331908.770388,383806.257551,0,730
332099.197148,383485.621937,0,730
332038.096365,383578.11178,0,730
331847.074653,383884.483193,0,730
331907.408394,383928.137998,0,730
331672.526524,383609.97734,0,730
331945.978616,383631.136126,0,730
331798.315625,383900.510846,0,730
331925.175143,383809.60013,0,730
332088.683334,383485.987638,0,730
331897.732821,383718.240853,0,730
331877.156632,383604.510312,0,730
331782.496948,383588.192261,0,730
331791.545299,383654.494995,0,730
331729.251992,383544.096868,0,730
331839.238967,383974.994732,0,730
331804.570392,383901.965174,0,730
331828.008075,383590.361988,0,730
331768.23072,383789.11631,0,730
331899.554132,383490.006919,0,730
331831.149801,383896.503499,0,730
331960.168674,383691.90362,0,730
331885.271543,383327.010515,0,730
331828.362473,383754.370384,0,730
331837.829712,383745.025664,0,730
331826.182464,383456.724837,0,730
331871.43082,383472.72741,0,730
331915.350392,383706.556373,0,730
332145.87283,383457.292674,0,730
331844.737135,383877.179171,0,730
331835.444836,383607.168508,0,730
332066.599444,383359.090834,0,730
332114.599508,383508.756487,0,730
331940.507276,383635.482639,0,730
331949.749566,383511.924744,0,730
331881.849655,383497.766231,0,730
331844.766648,383933.688935,0,730
331898.053166,383532.230743,0,730
332045.469558,383320.282702,0,730
331890.30854,383598.968365,0,730
331915.571103,383643.612541,0,730
332008.175885,383644.402016,0,730
331820.590855,383674.021109,0,730
332038.787778,383398.233979,0,730
331916.1488,383447.566651,0,730
332058.82861,383574.690768,0,730
332116.742751,383340.232621,0,730
331963.159763,383292.756213,0,730
331845.281301,383733.079475,0,730
331916.667797,383834.666405,0,730
331991.645377,383607.838956,0,730
331898.858542,383629.977166,0,730
331980.182886,383639.686189,0,730
331734.514345,383584.805226,0,730
331882.677869,383477.705043,0,730
331693.403197,383562.765357,0,730
332061.573442,383693.488106,0,730
331906.307681,383725.482128,0,730
331892.645823,383445.801599,0,730
331977.370284,383313.479376,0,730
332188.306487,383365.453178,0,730
331781.394456,383511.101096,0,730
332068.966506,383404.792841,0,730
332004.89175,383654.784394,0,730
331970.082774,383547.454551,0,730
331901.077328,383477.34325,0,730
331880.145135,383832.686658,0,730
331822.986247,383292.841663,0,730
332088.304443,383379.12361,0,730
331812.478982,383824.037864,0,730
331873.199243,383430.467827,0,730
331885.592987,383596.659019,0,730
331677.827176,383546.25124,0,730
331901.386348,383515.938478,0,730
331852.993613,383561.062381,0,730
332047.308094,383456.955309,0,730
331802.643329,383922.551654,0,730
331920.850353,383369.439308,0,730
331849.446786,383514.215344,0,730
331848.316275,383644.353067,0,730
332159.758899,383468.482587,0,730
331858.297702,383918.822831,0,730
331662.586502,383759.365613,0,730
332059.444598,383466.227884,0,730
331889.644241,383427.866065,0,730
332114.764892,383383.076596,0,730
332103.170084,383477.636448,0,730
331771.067382,383473.283428,0,730
331673.462253,383562.440599,0,730
331880.444926,383779.927697,0,730
332045.557457,383659.2047,0,730
331876.828152,383726.810289,0,730
332162.573792,383392.244837,0,730
331891.003297,383313.796486,0,730
332047.55629,383610.223267,0,730
331935.071417,383741.974144,0,730
331705.664695,383689.513337,0,730
331945.103258,383851.628924,0,730
332144.894421,383493.424002,0,730
332044.32469,383431.535399,0,730
332228.008297,383370.295397,0,730
331709.576233,383522.30254,0,730
331745.873817,383621.104882,0,730
331819.65628,383522.760526,0,730
331786.310023,383561.530538,0,730
331743.034641,383428.6572,0,730
331857.56253,383818.499435,0,730
331716.992927,383544.342341,0,730
331690.337475,383757.398436,0,730
331929.905625,383743.702955,0,730
331886.524256,383926.392094,0,730
331828.619667,383854.354692,0,730
332076.782568,383393.621881,0,730
331776.839079,383379.349148,0,730
331951.801054,383662.209198,0,730
331653.566823,383651.455881,0,730
331828.885409,383500.890509,0,730
331807.027769,383827.05748,0,730
331782.816342,383696.462167,0,730
331643.08,383645.214365,0,730
331880.948695,383606.899642,0,730
331695.41963,383673.394063,0,730
331739.044384,383538.819469,0,730
331806.337627,383420.265639,0,730
332167.941245,383481.862021,0,730
332007.240503,383614.868339,0,730
332078.874675,383563.362455,0,730
332161.193921,383560.749001,0,730
331851.447738,383802.225693,0,730
332149.753744,383420.223472,0,730
332165.501316,383438.274308,0,730
332012.593411,383619.74673,0,730
331821.316054,383392.935989,0,730
331866.903811,383634.344792,0,730
331890.301141,383447.145579,0,730
332075.392993,383365.621248,0,730
332151.971639,383431.115724,0,730
331772.720917,383820.510857,0,730
331799.543817,383504.946182,0,730
332023.507223,383634.508837,0,730
331952.912345,383364.213267,0,730
331820.843741,383385.051574,0,730
332034.811848,383639.979388,0,730
331871.789323,383960.703904,0,730
331767.926808,383460.337062,0,730
332220.895028,383427.903147,0,730
331633.72679,383642.247296,0,730
332027.856718,383309.636697,0,730
331907.236515,383304.83284,0,730
331891.844904,383678.36992,0,730
331833.257765,383930.210303,0,730
332128.465102,383545.637902,0,730
331928.933099,383866.030867,0,730
332051.822778,383677.222773,0,730
332048.929426,383422.450199,0,730
332076.554562,383694.796162,0,730
331783.126675,383340.098788,0,730
331849.169159,383556.147496,0,730
332004.742612,383625.133689,0,730
331735.421858,383498.878824,0,730
332227.365757,383375.526471,0,730
331803.06672,383787.960942,0,730
331965.101327,383589.597118,0,730
332086.420513,383629.48012,0,730
331815.454501,383593.056306,0,730
331918.576124,383654.811935,0,730
332118.316694,383373.677096,0,730
331956.154667,383430.781112,0,730
331585.225808,383630.922261,0,730
332115.480495,383600.177557,0,730
331839.953958,383623.031432,0,730
332175.381315,383352.613253,0,730
331847.141288,383765.926135,0,730
331650.82283,383675.960941,0,730
331812.061935,383916.485133,0,730
332072.425819,383735.707978,0,730
331933.253682,383589.499847,0,730
332171.194028,383517.808452,0,730
331801.20522,383435.267973,0,730
332174.765578,383366.312594,0,730
331905.955899,383844.203787,0,730
331978.235686,383465.88912,0,730
331598.078621,383640.398944,0,730
331962.440978,383713.009652,0,730
332002.817575,383465.921649,0,730
331693.821134,383657.819872,0,730
331975.251088,383286.033174,0,730
331823.642568,383574.908947,0,730
332003.87236,383585.186223,0,730
331721.112405,383492.684806,0,730
332167.615281,383467.626879,0,730
331832.851431,383449.133752,0,730
332043.831864,383325.438259,0,730
331696.247983,383792.021984,0,730
331649.848834,383600.165378,0,730
332002.223454,383586.768729,0,730
331854.885749,383888.456903,0,730
332018.874559,383721.47685,0,730
331863.536205,383861.085125,0,730
331976.073165,383342.618459,0,730
332175.756439,383477.223127,0,730
331950.773341,383627.39658,0,730
332154.959893,383427.1457,0,730
331832.422481,383360.345462,0,730
331640.269002,383570.164117,0,730
331873.598755,383740.834396,0,730
332084.255329,383457.817857,0,730
332183.982913,383489.530213,0,730
332084.051248,383572.762463,0,730
332089.938223,383360.219347,0,730
331692.770742,383784.352715,0,730
331880.708916,383524.597824,0,730
331592.743798,383659.307479,0,730
332055.203279,383684.809455,0,730
332107.718893,383591.115169,0,730
331950.471223,383423.53095,0,730
331847.172224,383782.107374,0,730
331741.270981,383516.366452,0,730
331998.857259,383414.956113,0,730
331741.316154,383396.244318,0,730
331931.928952,383556.945499,0,730
331748.333837,383617.564561,0,730
331928.670509,383709.076573,0,730
332205.238397,383357.131243,0,730
331634.910301,383584.716413,0,730
331608.87858,383596.859495,0,730
332026.855529,383550.492197,0,730
331866.511717,383390.65499,0,730
331900.226766,383426.207022,0,730
331805.735459,383445.734802,0,730
331797.464524,383274.535519,0,730
331599.200483,383661.320209,0,730
332021.402924,383518.312718,0,730
331827.167847,383662.181571,0,730
332129.929377,383560.596368,0,730
331886.609973,383518.583671,0,730
331960.860587,383460.975009,0,730
331795.973239,383672.279146,0,730
331644.102249,383599.174431,0,730
331996.012487,383319.594527,0,730
331775.833076,383322.786182,0,730
331790.198149,383328.324502,0,730
332091.682444,383673.404327,0,730
331800.149015,383263.910163,0,730
331832.238331,383427.057315,0,730
332121.50587,383642.463616,0,730
331934.333983,383366.556901,0,730
331783.608784,383603.181342,0,730
332014.810823,383299.725431,0,730
332019.487723,383365.748495,0,730
332200.37424,383439.402309,0,730
332098.49968,383500.814234,0,730
332116.643189,383662.213975,0,730
331764.480852,383352.966839,0,730
331749.179256,383405.355829,0,730
331948.244116,383477.249393,0,730
332152.777898,383516.537099,0,730
332045.693984,383384.906447,0,730
331825.90265,383763.136637,0,730
332150.207383,383493.387157,0,730
331628.133735,383641.545422,0,730
331877.403255,383595.112574,0,730
332188.268273,383508.704898,0,730
331803.980072,383502.701394,0,730
331964.184033,383705.220875,0,730
332134.633145,383546.536583,0,730
331849.819982,383737.980514,0,730
331907.861252,383384.035674,0,730
331896.342401,383711.386604,0,730
331896.9056,383448.937307,0,730
331946.448624,383306.977086,0,730
331858.851402,383972.099859,0,730
331960.906581,383536.11865,0,730
332084.819554,383424.228223,0,730
331825.899307,383742.367825,0,730
331815.293187,383595.178531,0,730
331906.379938,383770.441506,0,730
331821.704428,383826.77837,0,730
331897.137106,383913.148256,0,730
331872.47181,383693.529128,0,730
331575.462135,383628.141551,0,730
332055.934718,383686.812902,0,730
331831.718529,383418.645218,0,730
331719.05184,383498.081591,0,730
331591.346425,383610.762963,0,730
332057.080516,383540.48915,0,730
332033.963998,383478.929481,0,730
331731.891299,383518.59938,0,730
331883.246916,383869.845726,0,730
331779.050333,383672.039262,0,730
331772.75323,383858.060828,0,730
332092.955268,383423.977251,0,730
331750.486876,383418.499235,0,730
331785.864008,383850.677282,0,730
331867.213063,383536.774739,0,730
331733.097362,383546.179488,0,730
331893.71187,383766.69964,0,730
331710.653152,383786.836637,0,730
331784.29954,383633.024519,0,730
331808.320797,383472.334007,0,730
332092.508966,383595.830341,0,730
331945.519291,383677.545989,0,730
331730.929046,383488.639585,0,730
331925.605085,383851.529834,0,730
331714.344356,383604.338245,0,730
331849.884813,383457.274646,0,730
331925.237286,383848.778188,0,730
331806.2934,383533.884698,0,730
331803.207022,383911.174639,0,730
332079.335768,383715.695643,0,730
331786.271168,383602.103503,0,730
331758.631313,383599.596172,0,730
331821.93785,383415.05515,0,730
331684.946315,383774.956907,0,730
331893.943937,383837.387701,0,730
331883.982135,383943.872236,0,730
331806.171322,383486.885373,0,730
332125.190687,383437.24793,0,730
332016.45569,383482.051282,0,730
331830.278268,383904.406002,0,730
332033.491284,383509.906632,0,730
332048.991631,383627.041702,0,730
331906.410351,383902.608315,0,730
331904.316445,383488.679581,0,730
331930.214848,383643.752359,0,730
331830.091342,383963.961688,0,730
331898.544838,383283.271316,0,730
331962.7042,383768.2287,0,730
331818.64696,383869.857405,0,730
331741.827098,383517.863305,0,730
331805.068386,383551.531263,0,730
331900.905995,383636.061572,0,730
331849.629934,383766.867622,0,730
332165.450481,383436.141262,0,730
331813.702901,383608.189398,0,730
331997.057925,383706.669187,0,730
331900.464158,383286.547175,0,730
331950.536854,383730.333681,0,730
331686.712381,383611.050394,0,730
331793.704166,383352.118508,0,730
331613.422087,383651.390817,0,730
331776.265583,383431.6634,0,730
332122.499957,383393.132699,0,730
331973.611222,383408.944443,0,730
332013.345335,383540.345312,0,730
332047.24176,383422.46397,0,730
331801.279531,383779.134581,0,730
332010.543076,383434.186897,0,730
331809.653074,383400.765537,0,730
332116.514079,383503.151664,0,730
332037.100871,383511.747988,0,730
331880.209295,383597.193599,0,730
332185.927987,383497.500855,0,730
331928.932957,383843.039937,0,730
331806.117199,383867.537126,0,730
332177.103439,383455.98677,0,730
331909.878334,383868.300219,0,730
331887.636554,383880.731516,0,730
332206.796401,383448.066511,0,730
332213.259601,383357.537517,0,730
331960.260358,383312.426532,0,730
331781.672245,383762.659548,0,730
331926.326098,383839.90489,0,730
331865.959944,383620.615773,0,730
331894.523215,383314.622215,0,730
332141.001765,383466.435,0,730
332126.379854,383436.647136,0,730
331654.288226,383741.01654,0,730
331719.772756,383738.422307,0,730
332037.815524,383647.055103,0,730
331928.692432,383415.667143,0,730
331829.628314,383885.574577,0,730
331922.543223,383837.203591,0,730
332086.659686,383482.958132,0,730
331910.752298,383489.577381,0,730
331919.390639,383685.14918,0,730
331931.891046,383758.96787,0,730
331796.474987,383599.604839,0,730
332054.327364,383397.257944,0,730
331968.001918,383821.402539,0,730
331833.537718,383498.825186,0,730
331802.336547,383837.027614,0,730
331875.682735,383704.565152,0,730
332032.999142,383684.208857,0,730
331805.260902,383704.447841,0,730
331893.422444,383794.441462,0,730
331986.205585,383425.776036,0,730
332156.500981,383343.868405,0,730
331933.343211,383679.863824,0,730
331872.831731,383815.099346,0,730
332145.94922,383521.724444,0,730
332138.321916,383438.760284,0,730
332028.966559,383505.08144,0,730
332039.676981,383662.283722,0,730
331728.78992,383601.660082,0,730
331631.645556,383666.518471,0,730
332051.810505,383617.5073,0,730
331703.144163,383721.039726,0,730
331962.653149,383606.176648,0,730
331703.4542,383705.407765,0,730
332095.210923,383513.972377,0,730
332076.703225,383651.928834,0,730
331986.489336,383397.374861,0,730
331802.42947,383448.177354,0,730
331882.81081,383681.687416,0,730
332098.581667,383384.025739,0,730
332186.544057,383346.905609,0,730
332088.952583,383577.059112,0,730
331626.639788,383640.701318,0,730
331884.830818,383895.090513,0,730
332217.832601,383404.393633,0,730
331925.06115,383807.371521,0,730
331845.654416,383862.498495,0,730
331974.670225,383400.133529,0,730
331884.389149,383637.672576,0,730
332174.960875,383385.719789,0,730
331868.476409,383301.183255,0,730
331926.133323,383320.793964,0,730
331886.817382,383753.373478,0,730
331866.336367,383503.992341,0,730
331664.688862,383745.028524,0,730
331876.03474,383584.023691,0,730
331705.681622,383689.161633,0,730
332067.064697,383343.388115,0,730
332057.514165,383685.060214,0,730
331782.849636,383837.605469,0,730
332012.970523,383686.962183,0,730
332108.35865,383630.100295,0,730
332067.644287,383315.462195,0,730
331699.945349,383680.355974,0,730
331734.247845,383647.71538,0,730
331895.616191,383501.232105,0,730
331682.568935,383599.992683,0,730
331849.176345,383832.109895,0,730
331994.092163,383708.750547,0,730
331798.921393,383359.100254,0,730
331905.086796,383446.315257,0,730
332146.613239,383522.597088,0,730
331809.120747,383334.037862,0,730
332102.763797,383491.466249,0,730
331867.177906,383422.445948,0,730
332130.343412,383643.568667,0,730
332072.075213,383446.685761,0,730
331729.013075,383784.669095,0,730
331696.614207,383607.7643,0,730
332047.046376,383504.526745,0,730
331918.293288,383398.179472,0,730
331690.59691,383576.151127,0,730
331825.640907,383650.001757,0,730
331704.279209,383560.537833,0,730
331638.972058,383707.390351,0,730
331718.677107,383697.507856,0,730
331997.914041,383337.20372,0,730
331920.173832,383805.088149,0,730
332201.623965,383457.098192,0,730
331998.979206,383647.180598,0,730
331735.932889,383835.338737,0,730
331897.485357,383821.340969,0,730
331838.024095,383801.812011,0,730
331904.247441,383312.473862,0,730
331970.934698,383794.103616,0,730
331758.925409,383757.762538,0,730
331980.648326,383495.379078,0,730
332137.787028,383591.56563,0,730
332111.634292,383355.35062,0,730
331974.557317,383587.523599,0,730
332006.268201,383651.332573,0,730
331913.669894,383658.048621,0,730
332146.677032,383398.697195,0,730
332178.155225,383375.322115,0,730
331968.828828,383526.344066,0,730
332109.61693,383501.965646,0,730
331786.548744,383791.445102,0,730
331980.30641,383623.836039,0,730
331581.824874,383646.597623,0,730
331874.457709,383740.424043,0,730
331699.496451,383640.568637,0,730
331843.514266,383794.535024,0,730
332038.408587,383599.235028,0,730
332016.304858,383446.939929,0,730
331767.0204,383407.003394,0,730
331881.766261,383919.730447,0,730
332127.378755,383644.793438,0,730
331786.438833,383688.376905,0,730
332087.841383,383513.770112,0,730
331846.665551,383898.867566,0,730
331917.173461,383766.013329,0,730
331889.553525,383839.175435,0,730
331932.041795,383539.781343,0,730
331798.034833,383336.426464,0,730
331977.852967,383703.510459,0,730
331990.847577,383386.752168,0,730
331957.146804,383842.801552,0,730
331633.37433,383677.523089,0,730
331703.526642,383571.540588,0,730
332132.460048,383348.33038,0,730
331997.588588,383586.468865,0,730
332055.938078,383709.309004,0,730
331756.487237,383847.549946,0,730
331999.585827,383535.839737,0,730
331904.945561,383445.684295,0,730
331770.199278,383747.027642,0,730
332203.629572,383385.257487,0,730
331963.147992,383453.063684,0,730
332110.325226,383538.632535,0,730
332125.037691,383427.510215,0,730
331900.808112,383345.694141,0,730
331930.354746,383842.378648,0,730
332118.26847,383384.787554,0,730
331825.05098,383457.942883,0,730
331779.544917,383578.65201,0,730
331786.134489,383748.34981,0,730
331817.310135,383392.113938,0,730
331896.869609,383773.505681,0,730
331675.312021,383694.219972,0,730
331867.40054,383349.606561,0,730
332128.149977,383632.684263,0,730
331854.717777,383404.763833,0,730
331967.825136,383300.298076,0,730
332082.237137,383525.906424,0,730
331877.778635,383643.970935,0,730
332184.017246,383413.243569,0,730
331876.576651,383829.339551,0,730
331987.193584,383715.249436,0,730
331851.185047,383970.725252,0,730
331812.761993,383869.458992,0,730
331818.381274,383588.331676,0,730
331902.367796,383424.984045,0,730
331861.430865,383581.683534,0,730
332181.589726,383455.237312,0,730
331977.924954,383744.754972,0,730
331637.248939,383705.380025,0,730
332115.52693,383606.563237,0,730
331805.498761,383550.953809,0,730
331866.095436,383810.167564,0,730
331981.927974,383683.828185,0,730
332129.15985,383615.254288,0,730
331793.336028,383437.474353,0,730
331798.903173,383254.767703,0,730
331873.699764,383560.08121,0,730
332115.35241,383558.754772,0,730
332101.754503,383630.023796,0,730
332018.359147,383361.011305,0,730
331793.684553,383771.850772,0,730
331790.355868,383266.035352,0,730
331833.276585,383547.207088,0,730
331842.064638,383308.271916,0,730
331779.380936,383795.055452,0,730
331954.337634,383663.721522,0,730
332231.50403,383385.169048,0,730
331917.788604,383704.938603,0,730
332081.741524,383700.989183,0,730
331788.086079,383645.910235,0,730
331737.6761,383600.281327,0,730
331801.237494,383568.754595,0,730
331970.034028,383725.441334,0,730
331803.918554,383720.61029,0,730
331567.958356,383625.423941,0,730
331662.59143,383752.836928,0,730
331677.80427,383739.243707,0,730
331901.468459,383509.616469,0,730
331768.759385,383406.914867,0,730
331752.39956,383812.019916,0,730
331890.430172,383490.378218,0,730
331992.306579,383534.951377,0,730
331755.686152,383861.275883,0,730
331807.499347,383495.680839,0,730
331916.352597,383598.526494,0,730
331958.489142,383721.313852,0,730
331912.065561,383877.241991,0,730
331895.397241,383533.927852,0,730
332043.737948,383374.910846,0,730
331769.719166,383375.365649,0,730
332186.41642,383454.891881,0,730
331866.946578,383350.667153,0,730
331782.507379,383798.746623,0,730
331626.774889,383574.789262,0,730
331926.151825,383519.585939,0,730
331790.285801,383487.90036,0,730
331957.998795,383766.073558,0,730
331973.187507,383482.159555,0,730
331924.998389,383656.051405,0,730
331666.257901,383676.747112,0,730
331884.284487,383273.237341,0,730
331908.821362,383708.392412,0,730
331784.557329,383877.708979,0,730
331902.839643,383470.152984,0,730
331900.275112,383594.580417,0,730
332202.597811,383460.44536,0,730
332004.696485,383640.988511,0,730
331862.091457,383802.220731,0,730
331880.018808,383474.774209,0,730
332081.730404,383531.189957,0,730
331782.317404,383520.508066,0,730
331898.757017,383334.94562,0,730
331907.580896,383922.888849,0,730
332023.309247,383348.803602,0,730
331686.396827,383636.390416,0,730
331858.967057,383997.765444,0,730
331899.622147,383528.639045,0,730
331847.393511,383903.627103,0,730
332146.212646,383418.610347,0,730
331752.361856,383777.293291,0,730
331842.227009,383401.647523,0,730
331786.812384,383390.600383,0,730
332034.213088,383313.353629,0,730
331883.264285,383752.614142,0,730
331759.951275,383449.575085,0,730
332029.87733,383391.66171,0,730
331800.511628,383636.33818,0,730
331708.828455,383676.271547,0,730
331866.176433,383766.686666,0,730
332030.36545,383440.540621,0,730
331880.924441,383592.481826,0,730
331775.695815,383318.44276,0,730
332055.01128,383485.759486,0,730
331966.675095,383442.066288,0,730
332176.327969,383530.187815,0,730
331945.484024,383540.916882,0,730
331745.331438,383773.535777,0,730
331717.580415,383513.515583,0,730
331974.542298,383413.461761,0,730
331682.268109,383706.548565,0,730
331790.745972,383693.261587,0,730
331767.132143,383346.366977,0,730
331821.930945,383825.919432,0,730
331921.103717,383516.627727,0,730
332017.584815,383561.611123,0,730
331775.858468,383413.208125,0,730
331983.078533,383673.087789,0,730
331779.109621,383593.69775,0,730
331722.60306,383596.278,0,730
332108.662585,383575.959518,0,730
331899.048048,383777.733452,0,730
332052.151346,383318.582868,0,730
331582.225547,383635.252714,0,730
332106.262083,383417.783377,0,730
331940.243805,383667.702299,0,730
331700.465868,383752.668422,0,730
331971.473762,383344.244584,0,730
331999.20466,383538.785703,0,730
331573.09078,383643.350001,0,730
332062.046024,383684.817315,0,730
331824.889579,383584.816515,0,730
331893.957363,383810.838306,0,730
332201.109244,383465.047024,0,730
332058.623377,383356.008378,0,730
331654.455168,383661.423024,0,730
331845.509412,383250.578329,0,730
331706.333523,383701.322601,0,730
331960.333345,383603.460236,0,730
331987.144003,383402.660634,0,730
331968.77893,383678.454504,0,730
332089.504784,383608.43987,0,730
332030.324227,383551.735756,0,730
331769.550301,383566.287397,0,730
332095.312861,383661.158198,0,730
331913.299311,383743.512125,0,730
331939.192822,383802.899996,0,730
331772.861081,383556.163429,0,730
331814.01321,383849.684885,0,730
332017.233867,383663.39362,0,730
331794.061173,383898.080111,0,730
331789.431736,383630.199855,0,730
331721.325202,383644.737305,0,730
331919.269173,383700.870475,0,730
331935.985837,383583.210764,0,730
331585.023474,383620.415854,0,730
331901.355616,383282.828585,0,730
332157.870306,383368.85256,0,730
331856.552036,383436.097344,0,730
332136.303213,383443.711085,0,730
331990.022115,383686.121669,0,730
331835.091969,383446.912856,0,730
332008.480446,383341.177964,0,730
331830.086042,383726.48485,0,730
331859.594252,383521.876331,0,730
331843.244847,383527.941703,0,730
331888.843283,383575.52921,0,730
331658.556343,383636.482236,0,730
331665.989002,383718.450595,0,730
332067.232247,383662.959467,0,730
331772.784296,383681.219938,0,730
331891.153275,383379.720799,0,730
331738.073357,383830.328809,0,730
331887.05503,383381.416299,0,730
331874.623407,383810.38443,0,730
331750.001991,383530.022973,0,730
331804.489148,383552.677581,0,730
331577.40827,383620.16482,0,730
331789.765677,383873.686168,0,730
332137.5121,383616.163031,0,730
332035.918009,383317.75269,0,730
331647.788569,383663.389727,0,730
331779.585293,383552.375793,0,730
331612.557069,383602.874798,0,730
331898.097887,383611.339403,0,730
332134.794311,383613.735734,0,730
332114.910296,383383.17199,0,730
331721.179327,383690.964435,0,730
331783.434997,383782.12674,0,730
331719.257276,383644.960915,0,730
331770.79367,383880.218239,0,730
332016.977379,383535.275512,0,730
331885.665369,383943.47007,0,730
331865.404848,383263.741696,0,730
331723.961212,383645.072866,0,730
331729.983318,383787.822778,0,730
331689.20686,383779.124968,0,730
331973.076726,383509.352859,0,730
332076.591977,383477.486375,0,730
331938.733316,383447.97518,0,730
332106.636205,383573.709627,0,730
331914.114127,383496.515172,0,730
331819.412362,383396.766687,0,730
331947.775562,383868.261747,0,730
332149.955774,383460.362991,0,730
331991.931895,383398.152636,0,730
331859.864381,383456.105957,0,730
331965.38154,383786.72824,0,730
331757.840318,383596.290992,0,730
331885.219749,383697.244509,0,730
331840.393535,383443.528455,0,730
331727.899791,383524.974147,0,730
332040.163962,383311.812692,0,730
331893.280936,383727.832548,0,730
332073.919785,383544.214287,0,730
331798.905651,383757.697554,0,730
332112.683851,383578.559018,0,730
331888.261948,383904.394502,0,730
331713.172372,383817.183731,0,730
331894.865673,383489.683571,0,730
331880.27677,383691.711504,0,730
331725.782784,383814.378648,0,730
332225.048283,383415.901116,0,730
332194.280927,383482.189921,0,730
332190.641009,383397.20913,0,730
331965.73745,383454.695462,0,730
331687.123307,383761.703185,0,730
331849.83278,383730.190884,0,730
332128.329289,383378.435578,0,730
331700.221141,383760.632207,0,730
332006.572415,383443.717204,0,730
331885.560438,383737.345475,0,730
331768.684458,383659.152434,0,730
331698.578753,383621.715159,0,730
331810.652623,383492.948578,0,730
332188.323755,383486.034096,0,730
332002.918671,383506.146729,0,730
331657.416779,383575.13926,0,730
331807.389368,383582.69014,0,730
331952.336051,383569.858568,0,730
332130.254393,383453.905047,0,730
331879.171983,383485.14261,0,730
331944.953227,383688.635588,0,730
332100.349449,383467.487662,0,730
332052.58053,383639.102407,0,730
332055.306711,383332.208538,0,730
332111.13472,383640.67376,0,730
331935.061233,383393.992585,0,730
331906.939945,383615.908947,0,730
332113.840369,383435.543034,0,730
332064.978408,383392.658819,0,730
332008.99237,383546.933167,0,730
331840.20448,383804.845742,0,730
332115.263525,383475.641391,0,730
331783.022248,383895.973852,0,730
331841.947527,383666.020283,0,730
331843.698283,383906.276169,0,730
331626.059532,383681.787611,0,730
331903.829213,383675.101997,0,730
331851.135325,383800.95535,0,730
331747.627265,383711.336335,0,730
331831.220906,383800.077038,0,730
331966.676264,383675.763592,0,730
331921.07323,383606.373817,0,730
331951.096355,383501.157896,0,730
331826.638955,383940.111315,0,730
331773.699253,383859.051407,0,730
331812.724126,383312.634535,0,730
332083.061736,383718.87666,0,730
331673.546813,383617.43985,0,730
332007.717918,383683.658524,0,730
331931.419169,383694.248796,0,730
331956.225614,383688.833525,0,730
332083.563208,383710.458383,0,730
331910.145689,383549.281816,0,730
331919.758572,383875.82571,0,730
332134.396943,383514.899709,0,730
331832.555552,383567.647198,0,730
331814.358379,383811.599079,0,730
332191.568497,383503.770587,0,730
331748.490215,383477.900957,0,730
332027.359404,383528.039168,0,730
332099.0067,383577.991358,0,730
331965.740185,383549.409575,0,730
332229.94747,383371.478493,0,730
332093.803359,383422.877312,0,730
331606.71259,383623.08472,0,730
332087.658274,383618.979382,0,730
331657.386614,383682.193854,0,730
331635.686828,383674.412172,0,730
332097.830621,383571.514278,0,730
331873.597699,383819.057008,0,730
332076.766549,383524.380757,0,730
332066.51779,383607.619495,0,730
332160.196159,383362.024763,0,730
332122.653381,383620.211952,0,730
331982.704857,383316.323959,0,730
331827.599428,383401.453646,0,730
331831.640856,383799.799264,0,730
332091.089193,383650.213984,0,730
331743.926538,383578.221527,0,730
332042.706533,383549.5651,0,730
331705.284387,383510.465112,0,730
331720.443269,383748.980881,0,730
331938.527333,383663.158996,0,730
331945.001833,383667.111757,0,730
331819.463543,383455.686529,0,730
331789.828739,383415.36468,0,730
331760.324916,383457.371075,0,730
331827.283715,383383.442868,0,730
331623.803807,383707.318875,0,730
332002.153559,383479.236668,0,730
331769.004648,383488.645621,0,730
331747.525552,383425.502954,0,730
331866.073268,383827.667945,0,730
332074.50398,383512.700017,0,730
332002.495662,383449.385345,0,730
331874.405684,383961.963216,0,730
331893.990272,383324.564768,0,730
331660.694587,383679.374837,0,730
332054.309761,383617.288833,0,730
331685.742378,383717.630451,0,730
331778.822478,383703.585683,0,730
332087.360674,383672.322694,0,730
331998.495723,383307.563938,0,730
331928.971723,383815.030332,0,730
331768.510772,383865.24625,0,730
331896.096158,383874.812294,0,730
331768.966536,383519.997319,0,730
331895.384806,383631.474764,0,730
331817.627664,383327.021089,0,730
331912.704001,383444.101044,0,730
331930.673493,383456.169338,0,730
331973.559162,383390.174326,0,730
331555.984895,383615.992367,0,730
331680.523888,383733.165624,0,730
331876.561767,383320.553127,0,730
331750.440373,383559.22267,0,730
332068.251828,383502.576175,0,730
331986.543441,383645.596922,0,730
332149.845691,383482.845939,0,730
331939.88429,383416.570257,0,730
331741.233642,383754.253705,0,730
331905.011492,383850.911063,0,730
332060.470222,383654.514523,0,730
331791.015381,383412.363785,0,730
331737.722827,383484.849582,0,730
331893.258848,383682.09608,0,730
331882.352304,383457.87618,0,730
331891.49732,383343.63466,0,730
332010.565211,383669.438254,0,730
331785.626501,383760.166584,0,730
331797.387124,383268.956747,0,730
331683.576176,383751.000549,0,730
331736.30835,383452.039672,0,730
332060.838244,383520.064553,0,730
332080.766881,383539.154487,0,730
331772.197416,383608.168751,0,730
331966.08972,383710.998933,0,730
332122.607727,383603.083082,0,730
331841.484823,383498.045248,0,730
332080.632207,383504.483469,0,730
331887.327639,383907.975675,0,730
331909.863466,383439.631821,0,730
331977.451908,383737.374429,0,730
331897.492532,383673.86662,0,730
331779.109091,383806.133663,0,730
331913.42364,383927.633302,0,730
331723.27105,383686.356103,0,730
332056.938045,383553.483122,0,730
331740.590586,383695.933859,0,730
331901.453416,383343.857404,0,730
332222.915197,383419.67143,0,730
331949.394265,383832.135769,0,730
331846.268453,383814.29943,0,730
331626.597187,383696.851133,0,730
332104.794731,383575.70597,0,730
331746.9836,383722.601701,0,730
331795.348664,383828.239484,0,730
331773.774686,383744.307311,0,730
331836.866876,383830.533799,0,730
331932.753749,383353.662686,0,730
331857.952658,383808.199301,0,730
331807.671595,383686.436013,0,730
331963.785184,383669.300052,0,730
332160.855798,383395.042237,0,730
332009.040618,383334.523713,0,730
332053.681768,383593.376891,0,730
332229.258656,383413.50228,0,730
331574.353802,383643.744674,0,730
331901.243034,383926.908704,0,730
332166.266517,383452.765992,0,730
331872.684409,383611.365553,0,730
331816.317517,383373.656918,0,730
331959.294289,383479.444905,0,730
331951.168684,383586.311118,0,730
331844.86333,383962.764236,0,730
332229.59969,383411.300211,0,730
331954.458369,383599.835592,0,730
331844.674914,383908.333437,0,730
331890.516235,383955.670929,0,730
331965.017674,383338.343655,0,730
331927.441326,383448.119314,0,730
331756.967843,383563.817865,0,730
331834.230616,383917.857692,0,730
331962.092741,383759.513016,0,730
331776.506524,383314.579031,0,730
331682.507421,383731.260352,0,730
331633.105134,383573.925389,0,730
331927.487395,383400.291486,0,730
331629.061897,383609.018886,0,730
331918.301128,383293.042387,0,730
332029.882864,383422.574765,0,730
332011.671859,383405.354129,0,730
331936.427515,383767.341789,0,730
332187.492442,383390.313968,0,730
332081.351497,383629.651861,0,730
331957.65685,383850.260716,0,730
331975.423295,383411.624389,0,730
332164.296783,383553.220853,0,730
331990.796736,383693.696062,0,730
331855.897503,383754.263189,0,730
331897.735169,383911.763,0,730
331793.362826,383769.107813,0,730
332119.068109,383385.733305,0,730
331930.41696,383312.241601,0,730
331904.049422,383611.709257,0,730
331845.261063,383936.258117,0,730
331899.740432,383740.754676,0,730
331807.574551,383548.442804,0,730
332179.996251,383446.340694,0,730
332134.557395,383547.606727,0,730
331910.834718,383309.616863,0,730
331822.245914,383582.023421,0,730
331836.06292,383969.152193,0,730
331715.006074,383792.490692,0,730
331954.245612,383678.932814,0,730
331777.974304,383637.643183,0,730
331590.931127,383668.069884,0,730
332116.748517,383460.08176,0,730
332124.530635,383499.642557,0,730
331952.364053,383689.499045,0,730
331950.757236,383770.998831,0,730
331846.982404,383330.148896,0,730
331576.157927,383649.635528,0,730
332063.401042,383704.659357,0,730
332080.154885,383410.074608,0,730
331772.173657,383442.737775,0,730
331983.119667,383722.253506,0,730
332093.212409,383325.432168,0,730
332179.657576,383528.750629,0,730
331846.544326,383580.233691,0,730
331975.703192,383588.972024,0,730
331883.155622,383540.805971,0,730
332075.046432,383392.388507,0,730
332001.187492,383435.614285,0,730
331869.581487,383420.409519,0,730
331746.62178,383617.743465,0,730
332024.111759,383323.937936,0,730
331980.544629,383517.955459,0,730
331934.414085,383291.83071,0,730
332096.632636,383509.398213,0,730
331680.705531,383597.90372,0,730
331881.169299,383582.89393,0,730
331837.931116,383709.25392,0,730
331655.779791,383578.99326,0,730
332050.748009,383649.790808,0,730
331739.018032,383827.098358,0,730
331828.872751,383539.254992,0,730
331807.585259,383252.425793,0,730
331739.531043,383807.391738,0,730
331885.200578,383861.51179,0,730
331854.698343,383491.544558,0,730
331806.18113,383389.629448,0,730
332007.730607,383608.39316,0,730
331891.76629,383524.88072,0,730
331936.683849,383676.614699,0,730
331949.605715,383872.442115,0,730
331861.271175,383255.308472,0,730
331571.821174,383623.203974,0,730
331741.843118,383553.457566,0,730
331969.669689,383664.999471,0,730
331775.894121,383339.376034,0,730
331714.506218,383653.159882,0,730
331593.498768,383645.112994,0,730
331724.20699,383480.139432,0,730
332080.290352,383455.756988,0,730
331898.862816,383613.688243,0,730
332021.097599,383669.310438,0,730
331658.178027,383617.229262,0,730
332085.241546,383540.326984,0,730
332068.427945,383438.246259,0,730
331846.050322,383443.744567,0,730
331884.472616,383444.39575,0,730
331726.271299,383796.602479,0,730
331699.210766,383792.278724,0,730
331724.611849,383658.119609,0,730
332116.927116,383373.168354,0,730
331722.698386,383510.180707,0,730
332006.613888,383321.526776,0,730
331877.188875,383528.71486,0,730
332054.758317,383425.744213,0,730
331964.082559,383321.218346,0,730
332039.921764,383535.472334,0,730
332145.217577,383418.028033,0,730
331815.507342,383648.062109,0,730
331813.682495,383849.877597,0,730
331808.910482,383567.978963,0,730
331887.858526,383773.189163,0,730
331693.032908,383680.300197,0,730
331939.317569,383787.82535,0,730
332124.313859,383491.29271,0,730
331874.272516,383419.54072,0,730
331830.803493,383473.590128,0,730
332073.339421,383620.010456,0,730
331800.562141,383685.298885,0,730
332044.787427,383335.374491,0,730
331918.035315,383798.84384,0,730
332180.712134,383350.657073,0,730
331831.146635,383501.836104,0,730
331963.350258,383312.791522,0,730
331792.792481,383577.785369,0,730
331947.657167,383724.365128,0,730
332072.367401,383421.506291,0,730
331705.245947,383782.52429,0,730
331712.235683,383614.087472,0,730
331662.038909,383724.349121,0,730
331672.528321,383607.408877,0,730
331659.112436,383744.241886,0,730
332049.577196,383553.801747,0,730
331756.178423,383724.00019,0,730
331915.079837,383579.85365,0,730
331795.302487,383617.33767,0,730
331782.567528,383523.24119,0,730
331631.084716,383568.278154,0,730
332122.877988,383651.939833,0,730
331672.856806,383736.606246,0,730
332087.90057,383626.774097,0,730
331829.149405,383743.232404,0,730
331974.601769,383453.805349,0,730
331759.631391,383601.10505,0,730
331860.675203,383351.619502,0,730
332142.112572,383352.533129,0,730
332089.850477,383711.628359,0,730
332079.456324,383537.929026,0,730
332076.753083,383353.862733,0,730
331803.060785,383318.23231,0,730
332049.361462,383435.145842,0,730
331703.189183,383625.261952,0,730
331814.945624,383426.990094,0,730
332230.733553,383396.764028,0,730
331696.629648,383722.138952,0,730
331598.21473,383646.702832,0,730
331807.575633,383308.209827,0,730
332127.003514,383444.571728,0,730
331976.200039,383336.733731,0,730
332006.444808,383497.81057,0,730
331946.652423,383279.8663,0,730
332049.039386,383360.348966,0,730
331952.658341,383397.923191,0,730
332070.052273,383515.612528,0,730
331592.431578,383622.519743,0,730
331716.22782,383516.288445,0,730
331958.098498,383620.985021,0,730
331621.331487,383629.470014,0,730
331675.393323,383647.879477,0,730
332119.220987,383428.040606,0,730
332124.58305,383405.40749,0,730
331921.444441,383725.94012,0,730
331742.769561,383789.242862,0,730
331944.836469,383679.654438,0,730
331598.754442,383652.969891,0,730
331832.516133,383427.559907,0,730
331697.906769,383536.129144,0,730
331901.344257,383364.252366,0,730
331885.918074,383518.960329,0,730
332092.008669,383553.985901,0,730
332011.418826,383563.625355,0,730
331726.665322,383602.010838,0,730
331694.25164,383768.727454,0,730
332144.604881,383514.740022,0,730
332098.030286,383459.964775,0,730
331667.201039,383679.116753,0,730
331839.710612,383283.946964,0,730
332005.127678,383399.420991,0,730
331956.925956,383825.895852,0,730
332045.278696,383514.073393,0,730
331587.479021,383638.327311,0,730
331750.276891,383848.439618,0,730
332041.297581,383725.607236,0,730
331931.218442,383648.358632,0,730
331692.847983,383783.875032,0,730
331617.539784,383693.858279,0,730
331663.41314,383556.458375,0,730
331691.950192,383711.452286,0,730
331795.659614,383407.449606,0,730
331639.978986,383656.86983,0,730
332164.863455,383542.980714,0,730
331628.072113,383661.878084,0,730
332194.008519,383414.30083,0,730
331720.410913,383640.793663,0,730
331908.862481,383925.28106,0,730
331908.457153,383378.682509,0,730
331836.810494,383337.000886,0,730
331944.855823,383418.733771,0,730
332159.904882,383366.114852,0,730
331738.867137,383731.565182,0,730
332223.394944,383354.57322,0,730
331879.390834,383893.026714,0,730
331608.215996,383604.188419,0,730
331764.316998,383496.694927,0,730
331808.339043,383351.293501,0,730
332088.351533,383697.152574,0,730
331792.934072,383716.440192,0,730
331825.646954,383255.727553,0,730
331933.784042,383802.814885,0,730
331722.643113,383547.61383,0,730
331944.091082,383801.297868,0,730
331972.37024,383668.557487,0,730
332174.590418,383375.481918,0,730
331814.097342,383399.809648,0,730
331720.9809,383605.597669,0,730
331817.601433,383753.483727,0,730
332134.36166,383433.138101,0,730
331827.116397,383653.352385,0,730
331904.20777,383466.762668,0,730
331851.408428,383977.648928,0,730
332055.555341,383501.415859,0,730
332091.478691,383414.226651,0,730
331685.593822,383616.039737,0,730
332151.549343,383490.601397,0,730
331847.360143,383710.452905,0,730
331956.041329,383478.353943,0,730
332042.588111,383423.179152,0,730
331766.860844,383353.690086,0,730
331942.712455,383574.160083,0,730
331820.445541,383659.468226,0,730
331650.751066,383742.5395,0,730
331713.850987,383655.223128,0,730
331672.031329,383662.875774,0,730
331995.368592,383609.239247,0,730
332028.81423,383348.130323,0,730
332185.878848,383394.993644,0,730
331983.24331,383677.928961,0,730
331706.252051,383689.864469,0,730
331673.931068,383752.784502,0,730
331776.299116,383459.217674,0,730
332056.386573,383424.035518,0,730
331764.602015,383636.599801,0,730
331850.396545,383746.117639,0,730
331740.88224,383513.633133,0,730
332145.831246,383470.271468,0,730
331686.601993,383583.491228,0,730
331737.678591,383439.353758,0,730
331585.527737,383651.661911,0,730
331959.207818,383603.551884,0,730
331813.987206,383393.629432,0,730
332040.108138,383340.665664,0,730
331749.746861,383586.546066,0,730
331950.839577,383776.664298,0,730
332050.97591,383410.885354,0,730
332129.745159,383490.044149,0,730
331918.668175,383367.812441,0,730
331892.997185,383534.861457,0,730
331749.277343,383464.229886,0,730
331887.925785,383773.598699,0,730
331938.956591,383323.432763,0,730
331695.339191,383718.178174,0,730
331852.735471,383917.21584,0,730
331935.74902,383628.399959,0,730
331833.818769,383479.10179,0,730
331665.641548,383728.903014,0,730
331846.706455,383833.317572,0,730
332014.067951,383700.178487,0,730
332035.760843,383530.140183,0,730
332093.292492,383655.706778,0,730
332062.352314,383548.009782,0,730
331695.317545,383696.180317,0,730
331651.728973,383681.842704,0,730
331759.064835,383454.456868,0,730
331716.206764,383813.331754,0,730
332026.738011,383518.407558,0,730
331938.630448,383706.359976,0,730
331959.545162,383668.31905,0,730
331962.975555,383552.232105,0,730
332203.372365,383366.976411,0,730
332099.254315,383424.279313,0,730
332016.349355,383601.376008,0,730
331843.932066,383297.366669,0,730
331862.681348,383717.29914,0,730
331737.583141,383432.757889,0,730
331815.816654,383424.6452,0,730
331953.751247,383458.736001,0,730
331811.65619,383343.920217,0,730
331862.882531,383325.53114,0,730
331789.663206,383897.894044,0,730
331930.255724,383690.936697,0,730
331973.508985,383412.967841,0,730
331873.567361,383702.022889,0,730
331875.984443,383559.752067,0,730
332214.114336,383354.701516,0,730
331610.813585,383589.171316,0,730
331804.919354,383604.346563,0,730
331939.014584,383479.487139,0,730
331958.831605,383478.539925,0,730
331672.212891,383661.88946,0,730
331771.140733,383385.406636,0,730
332094.244186,383692.262864,0,730
332047.709937,383373.565103,0,730
331739.246382,383712.989513,0,730
332040.758378,383667.169897,0,730
331923.417404,383605.330336,0,730
332068.615687,383393.885262,0,730
332065.324985,383598.64904,0,730
331903.329571,383828.145501,0,730
332041.724609,383510.019409,0,730
331602.219029,383597.389736,0,730
331889.730471,383375.380831,0,730
332128.163837,383472.54396,0,730
331977.361431,383766.51568,0,730
331956.341606,383446.59129,0,730
331889.465553,383629.223712,0,730
331573.485474,383601.496511,0,730
331884.651095,383697.515804,0,730
331976.590279,383379.062754,0,730
331786.134477,383745.226012,0,730
332164.497491,383376.623751,0,730
331863.437013,383902.793443,0,730
332062.600175,383418.914671,0,730
331775.160693,383670.520753,0,730
332014.562712,383300.939138,0,730
331973.09211,383737.10233,0,730
331780.347813,383342.250955,0,730
331698.870991,383651.255316,0,730
331870.929856,383462.983817,0,730
331860.314521,383588.785934,0,730
331909.14017,383815.857384,0,730
331790.440216,383445.585853,0,730
331849.756459,383920.04054,0,730
331938.12946,383673.537246,0,730
331856.311052,383437.832229,0,730
331784.740142,383619.570767,0,730
331955.101859,383574.048704,0,730
331687.829912,383598.903129,0,730
331838.793048,383495.353378,0,730
331755.667377,383426.160412,0,730
331956.497108,383601.121336,0,730
331745.084484,383619.682383,0,730
332116.6504,383371.326827,0,730
332107.744742,383373.441278,0,730
331945.563396,383521.821711,0,730
332046.733345,383463.119483,0,730
331753.276423,383403.619061,0,730
331975.761082,383650.973549,0,730
331748.612513,383838.40317,0,730
331838.648923,383393.513753,0,730
331907.470718,383276.147075,0,730
331654.367886,383669.110697,0,730
332154.013478,383568.80811,0,730
331632.108606,383632.797918,0,730
332051.735126,383648.281065,0,730
332068.102091,383478.1242,0,730
331898.609929,383592.475761,0,730
331852.059992,383631.555372,0,730
332123.198772,383445.365127,0,730
331689.285894,383679.058359,0,730
331810.252725,383238.614289,0,730
331760.483797,383471.294103,0,730
331824.798965,383575.493039,0,730
332175.689214,383424.843094,0,730
331887.750417,383361.321364,0,730
331904.40711,383755.261988,0,730
331917.532654,383612.154745,0,730
331885.208742,383472.08194,0,730
331961.913309,383311.763472,0,730
332113.693134,383555.134067,0,730
332075.727042,383570.329503,0,730
331608.152632,383677.230791,0,730
331922.278058,383455.106889,0,730
331834.352692,383500.422327,0,730
331943.76496,383856.458902,0,730
331885.778341,383293.174758,0,730
331706.802204,383600.914552,0,730
331879.114904,383685.608087,0,730
332020.209635,383462.42193,0,730
331892.421785,383314.684836,0,730
331838.374968,383558.130836,0,730
331889.635121,383755.203481,0,730
331970.992587,383284.996181,0,730
331948.150093,383626.65754,0,730
331689.781818,383625.561164,0,730
331746.904455,383668.903366,0,730
331897.22938,383486.621455,0,730
331826.435823,383791.24454,0,730
331883.051567,383734.747366,0,730
331878.473836,383535.790194,0,730
331653.860988,383566.382779,0,730
331756.723347,383488.027222,0,730
332031.609497,383718.948297,0,730
331844.859917,383389.796052,0,730
331984.010649,383436.784266,0,730
332001.340182,383629.302473,0,730
331893.617613,383812.722907,0,730
331992.371498,383509.179113,0,730
331871.302714,383890.424773,0,730
332212.302171,383371.051675,0,730
332104.764493,383561.693767,0,730
331594.63839,383604.752753,0,730
331692.787051,383566.676695,0,730
331894.856571,383852.850556,0,730
332075.873474,383589.100537,0,730
331945.154909,383459.673696,0,730
331895.846591,383287.367989,0,730
332025.147149,383506.06174,0,730
331693.023821,383750.062596,0,730
331876.922552,383803.562494,0,730
332182.899672,383410.507055,0,730
331956.674068,383393.351419,0,730
332067.008239,383595.572511,0,730
332119.673711,383550.403426,0,730
331948.468525,383785.859106,0,730
331905.039112,383394.87759,0,730
331820.119627,383565.723626,0,730
332167.61965,383528.173219,0,730
331920.711941,383740.744855,0,730
331963.998588,383726.850778,0,730
331808.835092,383646.244855,0,730
331948.548741,383622.855976,0,730
331826.631955,383686.404326,0,730
331828.404116,383311.991665,0,730
331945.039159,383869.329476,0,730
332015.953834,383553.994362,0,730
331997.941126,383648.647542,0,730
332040.879733,383689.177358,0,730
331970.728922,383726.586685,0,730
331978.864748,383305.661254,0,730
332159.370496,383429.100082,0,730
331950.309224,383580.132549,0,730
331568.003106,383608.004822,0,730
332121.011461,383411.537333,0,730
331755.88453,383475.288121,0,730
331754.996394,383848.141686,0,730
331925.21606,383461.178536,0,730
331759.538832,383707.610238,0,730
331920.626237,383874.168164,0,730
331856.846432,383964.137826,0,730
332180.968026,383382.975022,0,730
332141.399538,383385.229754,0,730
331866.937416,383341.139455,0,730
331711.730348,383703.925912,0,730
331697.708716,383642.547879,0,730
332126.571699,383588.903412,0,730
331809.778564,383310.36884,0,730
332006.631902,383505.73728,0,730
331817.156673,383924.424052,0,730
332010.193424,383554.791201,0,730
331787.218999,383594.50014,0,730
331929.167948,383307.179783,0,730
332216.70414,383371.268428,0,730
331855.772523,383791.889749,0,730
331931.189454,383476.14729,0,730
332041.578891,383336.609269,0,730
332092.140788,383399.690578,0,730
331657.498692,383611.33332,0,730
332207.837022,383361.177234,0,730
331903.288028,383540.671383,0,730
332007.624831,383468.067282,0,730
332174.954248,383488.584116,0,730
331887.194996,383590.904734,0,730
331762.634244,383743.504455,0,730
331737.155925,383438.543917,0,730
331904.434151,383847.817026,0,730
331795.006398,383624.918643,0,730
332181.177211,383515.766432,0,730
332032.667471,383724.687548,0,730
331903.972073,383516.864559,0,730
332011.280735,383637.937353,0,730
331835.543849,383349.42411,0,730
331913.777568,383887.804081,0,730
332053.732119,383484.674831,0,730
332041.862626,383359.418022,0,730
331914.068256,383821.715784,0,730
331938.264753,383740.140778,0,730
332041.940544,383601.896051,0,730
331884.624557,383703.750164,0,730
331831.411288,383315.780956,0,730
331961.266569,383807.440598,0,730
331804.755902,383391.766615,0,730
331792.830042,383641.525888,0,730
332100.849388,383392.565761,0,730
332047.542226,383531.357949,0,730
331924.792939,383521.746928,0,730
332037.282479,383335.178973,0,730
331746.608685,383756.550142,0,730
331716.106424,383628.31,0,730
331803.247781,383260.267189,0,730
332046.406256,383613.104865,0,730
331883.651989,383324.823146,0,730
331901.20696,383753.767433,0,730
331854.235813,383534.189431,0,730
332124.955467,383479.304805,0,730
331998.829155,383434.345547,0,730
331904.034885,383901.161199,0,730
331597.092362,383589.780572,0,730
331719.907831,383745.585326,0,730
331896.47946,383525.527591,0,730
332114.554222,383635.154437,0,730
331733.902791,383810.087756,0,730
331627.295894,383572.246579,0,730
332170.902167,383525.95081,0,730
332035.428098,383554.200627,0,730
331645.900874,383615.963551,0,730
332079.378621,383317.259333,0,730
332031.101749,383392.911587,0,730
331885.154488,383318.740559,0,730
331718.765927,383820.259038,0,730
331916.449562,383384.647029,0,730
331785.696322,383610.858326,0,730
332007.684395,383456.268378,0,730
332102.9399,383622.834534,0,730
331945.798281,383556.261069,0,730
332100.390168,383404.668975,0,730
332112.162622,383681.228678,0,730
332065.573096,383544.550195,0,730
331823.104229,383694.10235,0,730
331777.806858,383712.358021,0,730
332005.243049,383478.354787,0,730
331988.365008,383632.883119,0,730
332000.370383,383701.197,0,730
331905.063005,383697.381803,0,730
332207.505114,383390.72583,0,730
331820.29105,383916.466059,0,730
331976.633913,383366.838587,0,730
332087.053942,383558.720347,0,730
331942.867874,383492.176389,0,730
331745.207137,383760.600617,0,730
331819.003444,383773.171586,0,730
331587.037943,383624.518256,0,730
332019.236736,383362.348417,0,730
332117.88988,383569.549401,0,730
331722.743431,383617.991722,0,730
331994.965889,383471.828158,0,730
331832.75922,383509.543153,0,730
332033.672391,383702.554995,0,730
331673.789586,383540.753159,0,730
331848.004147,383973.497818,0,730
332164.589938,383511.244812,0,730
332184.378277,383483.38494,0,730
331948.677519,383409.032603,0,730
331843.777982,383386.177438,0,730
331820.908278,383920.869033,0,730
331879.46359,383854.589596,0,730
332184.485131,383355.005755,0,730
332030.738607,383496.300375,0,730
331588.644354,383658.386185,0,730
331981.122722,383601.141149,0,730
332113.934277,383436.480876,0,730
331948.78609,383568.127437,0,730
331866.110579,383573.794526,0,730
332074.345254,383524.580354,0,730
331985.904177,383591.985497,0,730
331844.081601,383939.404482,0,730
332107.879919,383521.048226,0,730
331721.630051,383475.845613,0,730
331999.065726,383564.943039,0,730
331762.70952,383542.436289,0,730
331752.713544,383794.645909,0,730
331716.972324,383652.047257,0,730
331839.664086,383630.192743,0,730
331798.486549,383559.322154,0,730
331895.418601,383728.341241,0,730
331839.157147,383767.95819,0,730
332183.334421,383435.557994,0,730
331906.364752,383603.587766,0,730
331916.208355,383628.397252,0,730
331793.225528,383908.123545,0,730
331872.73882,383953.285644,0,730
331834.302637,383495.718815,0,730
331818.907503,383536.745473,0,730
332163.06216,383471.902654,0,730
332027.302259,383355.631867,0,730
331893.44757,383550.418976,0,730
331900.590005,383462.055661,0,730
331608.821636,383658.193579,0,730
331637.882129,383640.964568,0,730
331905.186901,383587.760352,0,730
331772.089158,383413.463286,0,730
331761.390706,383437.695757,0,730
331963.091898,383666.364326,0,730
331922.000481,383431.445575,0,730
332071.703607,383547.54889,0,730
331724.510295,383737.612205,0,730
331682.899554,383637.593456,0,730
331816.576386,383363.519634,0,730
331686.142998,383746.781933,0,730
331756.961757,383713.367673,0,730
332217.479198,383443.426258,0,730
331844.178641,383774.507649,0,730
332018.830859,383675.731386,0,730
331679.497318,383561.937001,0,730
331982.883421,383505.710042,0,730
331773.457266,383483.788269,0,730
331734.796169,383426.92204,0,730
332194.621126,383416.814371,0,730
331854.757822,383683.333809,0,730
331827.986204,383647.043019,0,730
331804.945009,383876.293515,0,730
331709.236602,383745.172061,0,730
331722.71063,383476.812639,0,730
331670.089793,383566.116765,0,730
331634.974272,383613.382278,0,730
331936.310859,383761.238455,0,730
332176.648927,383368.630916,0,730
332104.668865,383400.125207,0,730
331879.012326,383285.13788,0,730
331663.915985,383741.015835,0,730
332058.293819,383393.04513,0,730
332119.051684,383617.338677,0,730
331659.931592,383664.517669,0,730
331913.524101,383834.433318,0,730
331760.675349,383547.577396,0,730
332118.755539,383604.51878,0,730
331777.966729,383686.449301,0,730
331993.78131,383502.565417,0,730
331908.563188,383316.702963,0,730
331849.796734,383307.017355,0,730
331762.58701,383661.218172,0,730
331794.190587,383293.650945,0,730
332052.864112,383364.30752,0,730
331845.943861,383783.928085,0,730
331808.407998,383890.559566,0,730
332067.863001,383399.884032,0,730
331854.884816,383522.054279,0,730
331810.729532,383749.414354,0,730
331756.726729,383632.710822,0,730
331883.976441,383703.419245,0,730
332164.856616,383420.537602,0,730
331868.325004,383348.074876,0,730
331959.204281,383821.805231,0,730
331568.763719,383628.0981,0,730
331578.453799,383614.677887,0,730
332058.54291,383491.437031,0,730
332056.736372,383356.405476,0,730
331665.801224,383680.435207,0,730
331878.086286,383613.634469,0,730
331759.951998,383733.718384,0,730
331822.968721,383753.30213,0,730
331775.811966,383858.44209,0,730
331765.336811,383882.779851,0,730
332060.346574,383487.384235,0,730
331801.895117,383412.389307,0,730
331786.347517,383841.502717,0,730
331626.111081,383666.540204,0,730
331797.273403,383715.271282,0,730
332160.301215,383440.380206,0,730
332166.267427,383436.321045,0,730
331730.272086,383448.984695,0,730
331927.341683,383282.649076,0,730
331948.656961,383822.202771,0,730
331984.339989,383426.782257,0,730
331847.90641,383340.36813,0,730
331891.671264,383388.438971,0,730
332047.668004,383614.585672,0,730
332169.587536,383354.683145,0,730
331963.331013,383691.887705,0,730
331924.047723,383849.678663,0,730
331830.417453,383655.954771,0,730
331754.50834,383556.852725,0,730
332223.182375,383374.143102,0,730
332075.867561,383646.635861,0,730
332012.90622,383465.704278,0,730
331833.096618,383515.49773,0,730
331901.272803,383821.500576,0,730
331984.201997,383529.002607,0,730
331704.568027,383676.816792,0,730
331930.678795,383287.939565,0,730
331832.185662,383796.933789,0,730
331927.826347,383515.58826,0,730
331693.882263,383631.116358,0,730
332195.540316,383414.512637,0,730
331963.784862,383424.614905,0,730
331923.577808,383799.430351,0,730
331902.499519,383941.721517,0,730
331903.750078,383282.99418,0,730
332078.210047,383349.511432,0,730
332140.994096,383494.151389,0,730
331670.360313,383671.065321,0,730
331689.509886,383680.073287,0,730
331709.188948,383755.267696,0,730
331936.691153,383600.263292,0,730
331929.480093,383874.908918,0,730
332003.43533,383620.315431,0,730
332040.42704,383383.404902,0,730
332086.9517,383724.028648,0,730
331954.027789,383464.356761,0,730
332173.259137,383508.933263,0,730
331793.713092,383656.146342,0,730
331744.367747,383832.412043,0,730
331857.446218,383576.677182,0,730
331966.338974,383782.913321,0,730
331858.005021,383253.341018,0,730
331799.99661,383690.587774,0,730
331814.041861,383296.586065,0,730
332063.210717,383517.141704,0,730
331791.974197,383776.107979,0,730
331827.245846,383872.296275,0,730
331877.361073,383938.158136,0,730
331834.219299,383565.116004,0,730
331926.233512,383796.898917,0,730
331826.333809,383489.199646,0,730
332159.787913,383372.203262,0,730
331789.786445,383613.13524,0,730
331880.188484,383674.510734,0,730
331752.857924,383825.442093,0,730
332087.559269,383580.208203,0,730
331692.514906,383555.924984,0,730
332014.908409,383522.545423,0,730
331838.54185,383455.400378,0,730
331866.039908,383598.811829,0,730
331912.329946,383526.654845,0,730
331898.891798,383752.319727,0,730
331826.448145,383961.343846,0,730
331805.364374,383857.356058,0,730
332138.771367,383608.531941,0,730
331584.062832,383598.254491,0,730
331750.5898,383489.683202,0,730
331609.590141,383627.2151,0,730
331899.283467,383928.704871,0,730
332107.154342,383537.29577,0,730
332103.400636,383457.593712,0,730
332017.929538,383512.899312,0,730
332085.139353,383441.346772,0,730
332123.385492,383397.413939,0,730
331893.060459,383644.184767,0,730
331833.699926,383664.194436,0,730
331628.091554,383633.103891,0,730
331918.079013,383517.135111,0,730
331906.30636,383570.050407,0,730
331877.473193,383845.653642,0,730
332160.958405,383443.618149,0,730
332130.751,383429.461321,0,730
331789.723109,383461.949827,0,730
331909.376304,383563.128335,0,730
331903.123696,383383.398031,0,730
331954.30135,383304.217635,0,730
331917.082148,383518.974001,0,730
332108.779236,383522.85648,0,730
331783.634332,383819.899584,0,730
332200.487577,383425.148209,0,730
331806.605825,383821.700632,0,730
331620.03143,383704.803409,0,730
331846.146806,383592.561194,0,730
331927.622774,383894.840191,0,730
331957.857592,383485.275609,0,730
331770.268527,383371.216735,0,730
332021.669675,383364.051006,0,730
332078.963225,383496.505774,0,730
332102.542286,383332.953699,0,730
331912.717302,383520.183728,0,730
332035.965217,383519.676947,0,730
331845.329214,383320.58829,0,730
331989.600126,383377.290292,0,730
331669.542833,383686.350306,0,730
331958.835844,383331.907719,0,730
332041.251933,383431.043241,9,730
331866.909935,383319.560104,18,730
331632.206306,383609.16367,19,730
331919.231176,383378.605014,37,730
332143.000686,383614.831637,44,730
332153.436747,383385.543684,46,730
331858.248761,383276.871447,52,730
331926.815249,383664.309093,57,730
331883.984053,383397.194598,58,730
331901.526742,383837.330705,66,730
332213.654974,383451.902247,70,730
331888.569934,383875.814371,71,730
331713.311606,383684.037286,73,730
331929.339483,383893.757224,75,730
331764.342531,383415.08906,79,730
331809.004653,383299.275284,95,730
331937.006509,383601.633156,106,730
332165.555713,383392.974603,109,730
331945.086788,383533.1917,111,730
331850.246504,383816.389681,117,730
331872.436271,383653.754133,125,730
331926.580736,383378.060642,141,730
331886.708014,383437.913061,148,730
331810.127009,383402.638777,154,730
332032.198014,383692.148189,163,730
332080.209527,383561.814151,179,730
331890.056815,383917.703824,191,730
331733.66581,383711.898109,206,730
331849.5786,383961.847813,210,730
331858.248761,383276.871447,232,730
331862.274504,383599.578581,239,730
331929.13386,383756.532032,245,730
331901.526742,383837.330705,252,730
331703.988846,383718.909989,254,730
331889.724277,383578.946251,268,730
331700.280356,383629.922036,271,730
331862.274504,383599.578581,273,730
331949.773851,383506.184026,296,730
331774.862883,383751.999554,305,730
331887.064306,383952.726455,309,730
331879.753762,383514.826426,310,730
331762.885996,383592.966893,315,730
331857.411868,383585.25953,322,730
331743.444613,383680.020507,344,730
331937.006509,383601.633156,352,730
331803.90655,383680.90862,357,730
332100.40726,383320.999754,362,730
331684.345305,383696.608939,380,730
331702.70013,383744.907753,393,730
331711.870815,383519.526928,394,730
331862.05339,383606.171667,403,730
331769.526539,383781.051345,410,730
331917.083723,383384.581449,412,730
332100.910379,383635.442378,435,730
331649.535767,383611.299152,443,730
332023.891185,383705.182867,450,730
331663.988532,383701.357547,460,730
332035.961272,383529.502483,462,730
331991.265596,383705.975313,465,730
331838.817461,383388.371973,468,730
331991.10796,383555.349815,469,730
331592.884533,383615.463275,477,730
331788.863252,383868.806397,481,730
332026.875233,383710.610123,483,730
331699.938277,383624.935379,487,730
331693.989296,383798.536627,489,730
331707.054031,383639.73227,500,730
331949.773851,383506.184026,505,730
331809.252403,383452.413414,514,730
331976.0758,383751.866271,515,730
331920.781171,383716.375724,519,730
331929.560982,383564.293017,530,730
331937.006509,383601.633156,532,730
331998.041426,383672.6978,534,730
331917.787223,383815.86755,539,730
331707.054031,383639.73227,541,730
332120.572565,383514.703101,547,730
331877.171495,383849.771944,556,730
331764.342531,383415.08906,564,730
332057.262911,383399.298262,569,730
331882.65579,383727.840443,572,730
331853.562302,383901.056768,574,730
331733.142865,383679.233447,588,730
331842.767205,383737.446166,605,730
331970.582621,383711.434106,614,730
331771.578461,383690.681744,623,730
331768.696318,383460.93773,624,730
331768.696318,383460.93773,625,730
331702.70013,383744.907753,628,730
332085.038167,383469.333708,635,730
331878.350818,383724.867832,637,730
331702.104351,383800.499151,639,730
332089.753366,383371.610925,641,730
331774.862883,383751.999554,645,730
331979.569724,383668.93365,649,730
331917.787223,383815.86755,655,730
332107.933018,383411.995174,663,730
331786.096839,383387.847828,664,730
331962.442299,383689.041166,666,730
331834.568187,383302.283501,675,730
331595.099854,383635.808749,677,730
331973.51709,383334.030818,687,730
331797.993288,383884.743981,692,730
331762.617275,383809.615315,696,730
331831.596819,383576.580942,697,730
332161.431134,383400.753183,705,730
331774.862883,383751.999554,708,730
331763.315212,383737.233912,717,730
332143.000686,383614.831637,718,730
