332531.544945,379973.698214,0,608
332548.949316,379952.725548,0,566
332492.217844,379958.29746,0,473
332505.4556,379965.315669,0,730
332548.545529,379897.024537,0,275
332523.410398,379984.245229,0,730
332612.802568,379800.831155,0,513
332704.193799,379906.179305,0,408
332465.590531,379933.635655,0,730
332470.807894,379899.632401,0,439
332510.424531,379880.601683,0,730
332737.267334,379924.023013,0,730
332591.532289,379876.34613,0,669
332729.808642,379924.485091,0,68
332560.039172,379837.76753,0,659
332688.206303,379893.141572,0,491
332574.538888,379916.812465,0,653
332454.437578,379941.739494,0,730
332552.348165,379925.385787,0,730
332545.351399,379825.799873,0,200
332522.580674,379867.719894,0,730
332601.740319,379948.395667,0,304
332481.774436,379863.246845,0,730
332591.245009,379857.347486,0,650
332521.189617,379928.545586,0,661
332624.310014,379941.667037,0,730
332505.163408,379798.913219,0,605
332635.535214,379892.792568,0,315
332621.206303,379804.838913,0,431
332676.780551,379909.857331,0,589
332504.585453,379860.357184,0,730
332533.991796,379947.026072,0,700
332606.17649,379828.287796,0,493
332480.537797,379917.331387,0,730
332509.911059,379861.769798,0,230
332536.217419,379889.701117,0,730
332493.699208,379977.536511,0,729
332686.208457,379881.900682,0,730
332515.430538,379887.139644,0,113
332536.816348,379931.218594,0,156
332553.292679,379868.334499,0,170
332498.063038,379901.764787,0,730
332576.365262,379869.048956,0,711
332723.039862,379936.064111,0,730
332490.359797,379913.171364,0,730
332607.854334,379836.261844,0,569
332579.812976,379966.776948,0,316
332623.275103,379864.515999,0,226
332604.628225,379896.878113,0,640
332670.510548,379893.786347,0,442
332466.828168,379932.028646,0,680
332718.323097,379908.031095,0,594
332567.384653,379833.106249,0,419
332486.112193,379837.598509,0,220
332600.752836,379979.196361,0,65
332500.482857,379804.441781,0,730
332482.21658,379965.142832,0,730
332473.227354,379892.669908,0,628
332559.401506,379924.177388,0,730
332541.238005,379928.303038,0,657
332664.209779,379888.08934,0,730
332538.926568,379903.898856,0,26
332522.730151,379955.33326,0,5
332603.131373,379968.721207,0,730
332507.996603,379859.778497,0,265
332532.075058,379979.832176,0,42
332552.383031,379883.534262,0,634
332630.497088,379894.031445,0,730
332633.380472,379868.919673,0,668
332575.600554,379937.393118,0,730
332661.053402,379959.989951,0,622
332549.268232,379935.863722,0,730
332603.046041,379790.841634,0,458
332651.713894,379862.189405,0,730
332492.118757,379949.533644,0,730
332497.662334,379795.927721,0,370
332599.244013,379824.774699,0,98
332551.649648,379869.103305,0,730
332514.654617,379837.217036,0,285
332663.414805,379917.218743,0,458
332645.989725,379924.953211,0,703
332560.037746,379992.527562,0,728
332588.839196,379977.88569,0,291
332679.032225,379932.668124,0,287
332540.832704,379958.428517,0,730
332639.279135,379878.933372,0,504
332497.674555,379809.921659,0,319
332625.49697,379833.107222,0,730
332522.526113,379958.53991,0,730
332544.6189,379977.72575,0,730
332737.46615,379926.167144,0,378
332473.179757,379885.440176,0,651
332618.867864,379959.667497,0,236
332581.952812,379966.634007,0,555
332517.50794,379894.389723,0,695
332476.063451,379870.767527,0,730
332591.810818,379863.396034,0,730
332681.465214,379895.52619,0,707
332521.356399,379866.760704,0,357
332492.989399,379884.564496,0,277
332546.899665,379844.201656,0,730
332591.317103,379834.313761,0,330
332463.712092,379942.756616,0,730
332498.745696,379932.995652,0,465
332630.220772,379866.528356,0,482
332593.554083,379832.754529,0,697
332558.163898,379927.707069,0,518
332712.44263,379903.221498,0,730
332571.617925,379977.164251,0,646
332557.199352,379981.76885,0,405
332660.431905,379924.765207,0,730
332545.811203,379916.201042,0,593
332651.160354,379903.134897,0,199
332490.185725,379874.076207,0,184
332598.618257,379803.670857,0,730
332499.289132,379934.765025,0,487
332489.272459,379843.14358,0,689
332610.642459,379980.137958,0,47
332648.833616,379913.422157,0,416
332475.668232,379935.592775,0,85
332508.219368,379824.257789,0,689
332573.37415,379845.005407,0,490
332601.262267,379817.872733,0,46
332682.328619,379919.375613,0,730
332507.409166,379870.828616,0,675
332565.150717,379951.164382,0,165
332541.961082,379988.482453,0,303
332586.734363,379941.965497,0,730
332629.721922,379951.557775,0,530
332702.054125,379915.809976,0,730
332579.155999,379964.71436,0,730
332485.398609,379914.709859,0,707
332631.920624,379906.349554,0,488
332606.466984,379973.792516,0,623
332644.094752,379967.52517,0,462
332526.876391,379894.520981,0,392
332525.849054,379846.615964,0,25
332648.11084,379857.049767,0,305
332635.49892,379938.627325,0,120
332671.117583,379953.965103,0,523
332714.197247,379921.240285,0,730
332517.254461,379940.59412,0,730
332531.22449,379903.701382,0,730
332719.786593,379917.243826,0,721
332591.646165,379823.889903,0,390
332480.679305,379924.195526,0,727
332658.883669,379891.385405,0,278
332513.51948,379960.276224,0,385
332487.395067,379889.001544,0,730
332498.363487,379806.583913,0,574
332600.646049,379886.378306,0,730
332494.200124,379908.742368,0,730
332521.654236,379821.53586,0,415
332626.416005,379985.670615,0,160
332663.793612,379877.081021,0,730
332478.670002,379920.715587,0,730
332577.941521,379932.185824,0,170
332612.251463,379907.421508,0,533
332600.917834,379912.52206,0,625
332489.682922,379826.803771,0,162
332558.853803,379871.332496,0,461
332603.56249,379998.115107,0,336
332527.188331,379958.932166,0,529
332671.002463,379958.164583,0,730
332662.0684,379966.883508,0,562
332614.673921,379941.594892,0,730
332641.644309,379841.057375,0,331
332493.100081,379832.171158,0,730
332525.225365,379841.923623,0,730
332635.807939,379832.714602,0,730
332633.311726,379907.602319,0,240
332649.832998,379873.890392,0,356
332630.369831,379851.67525,0,730
332711.660641,379915.135771,0,48
332507.825519,379827.387079,0,443
332545.650161,379879.637967,0,694
332538.570742,379816.893295,0,572
332660.624906,379869.605334,0,151
332624.659464,379878.511687,0,656
332522.952504,379963.42366,0,730
332626.789253,379935.063763,0,727
332585.373693,379849.133689,0,278
332468.852316,379962.599242,0,730
332611.333394,379804.193983,0,567
332573.818858,379899.42817,0,516
332634.274827,379934.797818,0,692
332636.7738,379836.905849,0,730
332696.185112,379879.969244,0,7
332536.364132,379916.589877,0,730
332521.274954,379808.283548,0,547
332627.849099,379934.44561,0,136
332590.676699,379908.253877,0,574
332564.106414,379829.525257,0,597
332615.181482,379858.622159,0,399
332518.840541,379837.686319,0,730
332445.898648,379964.989815,0,150
332587.341007,379946.296599,0,139
332526.281825,379892.556422,0,556
332574.358256,379840.470489,0,730
332652.562924,379908.155154,0,609
332606.316043,379793.385344,0,730
332639.092897,379884.769372,0,358
332664.754711,379902.704459,0,42
332539.967452,379860.418865,0,631
332718.944815,379924.339631,0,399
332645.307014,379858.914904,0,556
332527.532332,379843.054528,0,730
332718.162043,379908.015053,0,546
332584.967169,379846.336911,0,730
332495.735419,379806.329421,0,13
332699.473128,379930.055883,0,730
332612.293402,379969.333198,0,730
332598.535673,379894.643506,0,730
332708.035073,379942.274327,0,254
332587.132539,379982.965951,0,730
332571.483413,379957.617705,0,584
332453.299235,379939.60802,0,730
332548.591555,379940.122431,0,730
332569.559862,379888.144981,0,90
332646.623947,379887.816843,0,629
332671.757094,379891.105918,0,730
332523.733849,379811.551551,0,730
332637.041058,379955.700159,0,730
332631.261393,379914.640109,0,730
332605.523725,379936.327044,0,730
332694.247384,379906.014162,0,413
332582.386706,379849.815676,0,730
332591.690043,379858.249167,0,421
332661.310963,379894.915353,0,730
332579.41036,379867.713227,0,624
332663.688058,379858.535003,0,673
332631.855281,379844.509378,0,41
332591.297473,379872.885923,0,730
332499.649017,379953.780757,0,658
332498.806109,379912.376704,0,645
332605.429749,379827.323913,0,29
332633.13127,379975.48506,0,494
332600.28569,379923.607193,0,428
332515.429989,379875.396081,0,88
332636.784446,379846.08715,0,567
332736.898904,379928.666912,0,231
332520.632812,379966.602992,0,602
332536.058052,379970.966701,0,730
332541.813054,379871.050642,0,730
332572.565696,379910.863288,0,425
332689.216003,379913.136002,0,730
332535.988165,379892.94844,0,176
332527.160043,379864.440341,0,730
332630.37722,379926.234066,0,730
332530.039064,379835.423948,0,547
332516.009005,379954.417726,0,652
332643.158877,379850.401187,0,729
332461.221458,379968.527568,0,35
332575.919259,379966.770667,0,698
332690.112267,379888.019914,0,653
332519.637003,379807.429828,0,477
332669.492613,379886.697842,0,636
332548.927491,379858.580586,0,394
332595.196936,379993.328074,0,618
332622.573922,379986.816662,0,550
332588.210616,379823.969263,0,424
332597.32767,379860.756293,0,180
332608.140827,379995.952361,0,40
332607.04556,379929.816691,0,498
332539.912968,379868.028666,0,730
332529.815799,379878.777843,0,256
332514.337858,379894.380504,0,730
332535.705439,379958.369812,0,625
332484.844302,379876.036069,0,730
332470.753167,379970.034188,0,88
332587.670857,379931.221263,0,730
332677.542524,379877.929213,0,730
332672.621969,379891.891318,0,730
332526.253707,379870.126052,0,730
332628.163586,379959.150082,0,730
332671.151677,379931.384576,0,730
332594.745421,379953.327336,0,111
332512.343706,379788.156987,0,581
332506.134273,379938.441447,0,664
332686.431297,379920.607725,0,730
332501.026507,379945.601202,0,730
332639.744196,379943.787047,0,482
332666.626859,379897.98266,0,730
332631.268975,379964.714671,0,704
332624.170806,379874.121392,0,730
332530.915001,379957.076491,0,730
332593.887117,379799.31422,0,366
332553.535367,379950.414516,0,730
332602.588896,379810.482819,0,642
332490.410439,379931.071372,0,382
332499.411294,379952.64335,0,730
332573.034661,379852.172618,0,633
332523.7261,379898.737576,0,730
332499.306532,379904.276499,0,730
332579.585081,379943.166116,0,621
332712.444975,379895.326209,0,730
332540.949172,379991.288251,0,730
332714.222665,379937.132241,0,660
332502.479058,379834.745199,0,459
332500.269848,379787.270913,0,49
332584.509321,379935.32227,0,164
332566.081851,379900.277901,0,649
332640.532812,379879.535563,0,730
332528.169154,379929.554061,0,53
332683.833427,379880.060579,0,730
332481.823182,379890.001405,0,599
332507.24952,379957.001981,0,380
332558.319204,379866.292934,0,730
332619.882974,379811.304664,0,730
332708.601292,379922.144029,0,451
332631.140798,379920.866082,0,571
332729.6807,379909.813593,0,730
332579.986578,379885.030024,0,413
332711.850878,379924.617683,0,154
332631.442069,379829.241844,0,730
332644.664484,379890.730257,0,730
332527.762328,379985.728053,0,730
332483.811265,379893.738702,0,730
332551.198251,379864.121192,0,638
332559.301134,379906.598067,0,317
332696.073827,379890.42242,0,327
332534.696865,379983.364176,0,198
332595.179389,379975.869847,0,730
332620.392217,379912.617109,0,730
332488.498525,379951.490776,0,184
332596.714216,379964.978984,0,730
332656.736133,379956.318418,0,588
332451.956912,379945.15978,0,626
332572.970044,379956.77084,0,730
332654.684206,379841.62622,0,703
332597.623146,379833.746629,0,730
332591.745206,379897.165814,0,563
332600.121946,379987.329792,0,219
332672.374435,379958.34114,0,730
332561.802376,379842.968095,0,244
332741.411575,379928.141358,0,464
332581.909484,379929.438258,0,730
332579.554743,379980.057455,0,691
332580.35578,379940.461494,0,730
332571.166646,379893.808778,0,352
332673.244609,379957.757128,0,722
332473.094592,379920.91348,0,448
332582.983942,379857.056199,0,70
332488.106716,379847.493774,0,100
332668.241587,379867.908608,0,730
332559.961506,379990.792983,0,585
332697.456101,379889.292483,0,611
332507.310954,379856.223033,0,730
332532.317636,379832.831977,0,722
332684.320096,379948.593261,0,730
332589.138413,379983.63741,0,730
332659.123529,379909.059011,0,496
332525.041125,379827.403373,0,730
332585.182376,379995.609885,0,282
332689.845307,379883.281662,0,674
332564.991273,379904.340948,0,730
332603.266682,379929.850098,0,383
332581.519863,379875.320299,0,272
332530.440557,379894.390033,0,730
332527.002415,379811.071438,0,460
332624.327599,379945.102339,0,510
332603.766322,379977.435905,0,249
332632.667565,379823.992422,0,730
332530.442196,379847.221457,0,55
332528.931189,379820.547255,0,269
332609.156694,379819.052302,0,730
332494.854922,379950.809799,0,60
332541.856457,379912.764336,0,522
332592.014982,379898.584534,0,419
332701.353938,379907.550269,0,312
332570.076365,379906.995362,0,384
332606.762991,379797.889099,0,483
332619.795452,379910.2733,0,730
332592.785011,379903.336502,0,420
332596.045572,379951.381608,0,717
332445.566422,379966.888086,0,528
332531.004661,379817.057441,0,332
332616.991818,379857.156109,0,540
332598.614642,379805.724275,0,730
332612.836283,379812.306743,0,667
332585.387759,379941.335322,0,621
332492.452365,379896.582499,0,730
332515.029621,379854.41429,0,301
332510.655053,379910.102104,0,519
332624.378952,379987.26378,0,693
332594.072294,379949.149772,0,730
332593.460108,379890.569538,0,139
332618.531826,379916.221841,0,730
332650.561653,379949.52088,0,290
332697.864011,379944.741969,0,730
332479.922246,379918.351792,0,587
332619.068664,379962.247685,0,730
332507.785614,379950.995621,0,730
332522.883847,379917.417593,0,601
332526.769648,379870.024791,0,730
332616.587144,379966.938003,0,730
332506.205835,379978.302008,0,730
332554.656698,379960.042295,0,725
332613.312617,379834.101816,0,408
332487.78066,379925.85924,0,730
332495.828251,379855.976488,0,667
332559.887298,379942.78635,0,730
332552.789976,379849.087411,0,152
332486.479674,379922.030618,0,426
332613.375966,379843.033189,0,560
332494.953971,379938.854744,0,730
332710.427889,379926.152787,0,637
332598.932437,379921.640977,0,730
332570.345004,379917.730764,0,730
332451.914109,379942.768822,0,690
332613.781528,379991.879504,0,505
332536.958849,379975.467122,0,335
332560.055033,379924.322337,0,730
332695.995314,379895.425926,0,720
332666.541436,379894.592969,0,718
332672.280965,379898.932508,0,730
332508.140925,379918.913446,0,323
332612.201675,379811.749566,0,263
332659.731208,379886.187121,0,23
332485.431156,379855.11831,0,730
332558.567046,379965.463189,0,730
332727.229825,379911.464069,0,359
332521.719762,379915.525398,0,730
332489.160198,379832.269496,0,730
332581.614654,379955.89235,0,724
332527.588281,379800.525214,0,730
332475.760405,379874.676345,0,730
332555.023365,379918.828946,0,564
332663.77968,379879.645795,0,67
332579.899428,379832.95297,0,191
332591.912396,379964.774809,0,730
332651.45198,379950.93012,0,730
332578.339691,379892.463946,0,730
332665.932849,379884.792508,0,529
332664.169027,379945.089904,0,730
332539.769111,379933.238086,0,185
332551.908665,379982.533116,0,730
332595.552587,379973.744188,0,74
332583.02333,379950.523429,0,238
332503.379105,379800.894877,0,730
332514.607062,379982.599866,0,610
332544.27166,379850.407491,0,730
332633.782006,379946.584742,0,730
332512.475496,379828.558378,0,521
332602.640397,379875.965607,0,412
332562.944459,379921.423909,0,730
332554.472108,379875.445403,0,602
332556.984643,379933.402752,0,122
332503.745812,379799.073095,0,623
332488.61634,379966.178947,0,730
332591.650708,379855.958942,0,304
332524.536303,379959.165719,0,706
332595.184329,379909.843582,0,123
332620.396181,379946.849942,0,620
332546.482985,379844.211755,0,551
332483.957657,379877.74866,0,614
332540.436793,379922.398868,0,386
332627.835553,379870.905713,0,730
332721.91888,379936.683746,0,396
332552.949655,379960.721844,0,730
332614.015072,379815.705797,0,730
332524.451347,379920.568509,0,539
332542.894318,379835.415314,0,730
332491.390024,379973.053544,0,228
332583.219536,379918.092429,0,730
332520.746455,379880.859923,0,410
332615.662923,379982.289848,0,335
332677.635011,379900.021452,0,730
332610.764613,379869.785384,0,669
332488.855327,379886.653449,0,610
332681.78749,379868.411197,0,57
332560.952005,379926.161073,0,730
332618.736944,379944.750414,0,730
332591.388347,379820.44677,0,502
332558.52676,379939.827825,0,685
332643.769746,379948.429354,0,730
332574.793524,379821.018634,0,611
332608.203691,379883.854484,0,339
332677.442943,379952.514946,0,191
332594.153427,379999.958875,0,730
332538.318298,379909.548811,0,110
332542.510343,379940.979117,0,558
332569.457692,379995.15791,0,730
332542.214388,379951.617902,0,730
332612.858823,379794.900537,0,356
332644.218414,379892.311704,0,730
332598.231301,379965.455479,0,730
332478.500254,379972.552461,0,730
332620.000516,379867.743345,0,596
332630.489093,379968.39096,0,539
332482.590291,379948.59522,0,730
332666.633098,379910.245333,0,730
332624.846417,379945.809291,0,532
332559.610502,379983.564309,0,613
332594.106875,379909.020453,0,696
332562.805548,379833.460977,0,494
332670.6408,379950.408133,0,440
332608.273149,379871.207244,0,167
332504.243721,379805.452674,0,730
332563.972771,379887.590259,0,730
332532.496233,379954.944663,0,379
332596.827497,379863.471065,0,645
332543.390054,379845.331708,0,604
332540.702385,379991.204884,0,406
332604.777223,379889.723773,0,730
332625.92503,379972.573923,0,480
332471.757703,379955.603983,0,730
332607.157114,379886.360911,0,730
332492.96563,379901.282538,0,355
332598.788056,379814.73735,0,683
332628.187685,379967.521018,0,222
332613.386712,379794.322452,0,401
332551.850444,379884.948592,0,229
332643.748816,379844.249011,0,334
332673.089615,379859.702404,0,687
332606.800368,379876.410384,0,333
332486.699272,379890.243837,0,694
332492.030347,379822.137052,0,706
332668.235412,379859.969004,0,200
332617.767185,379881.273255,0,730
332542.435065,379982.237715,0,250
332610.492371,379913.745064,0,324
332611.56318,379930.421942,0,730
332577.90448,379987.920543,0,730
332591.298426,379887.20227,0,104
332528.213061,379891.05722,0,613
332571.132687,379835.24221,0,730
332678.294712,379876.363253,0,649
332533.191382,379886.712917,0,644
332569.105528,379889.308041,0,730
332518.349378,379855.644422,0,231
332514.491193,379832.224586,0,678
332638.500921,379978.755473,0,699
332524.874454,379797.296358,0,730
332528.212006,379890.56386,0,292
332599.500101,379972.75421,0,712
332596.958298,379910.876706,0,296
332542.61215,379814.817351,0,564
332682.301741,379913.594347,0,432
332599.064396,379886.333461,0,629
332624.856588,379885.593859,0,730
332603.933436,379811.803589,0,275
332697.535764,379937.796066,0,258
332715.792818,379909.913493,0,730
332638.590178,379847.238934,0,582
332552.959069,379899.350502,0,730
332516.902998,379968.885961,0,730
332738.832522,379925.809264,0,730
332572.731559,379913.259642,0,614
332627.976406,379868.821415,0,533
332548.697264,379912.330576,0,679
332664.203934,379940.289332,0,730
332599.148318,379821.22345,0,187
332629.905921,379984.636678,0,100
332612.129503,379822.577865,0,630
332621.757414,379935.699076,0,730
332620.655492,379948.223981,0,701
332573.627386,379881.818871,0,639
332492.641363,379915.793251,0,696
332699.179125,379913.262615,0,108
332517.098394,379967.357099,0,730
332599.483762,379886.762722,0,409
332586.822302,379917.788826,0,150
332536.604851,379888.646218,0,485
332640.423588,379918.5086,0,125
332609.992754,379987.533397,0,310
332668.004801,379903.782188,0,438
332521.050865,379891.499392,0,579
332521.127276,379804.404063,0,435
332547.298175,379861.410422,0,296
332481.309945,379964.908197,0,730
332525.751553,379811.983833,0,691
332636.947334,379892.824261,0,479
332592.972645,379976.539614,0,730
332579.414762,379995.970293,0,338
332624.483171,379987.079535,0,379
332569.7343,379902.836367,0,358
332481.490317,379971.032189,0,598
332546.178472,379960.296507,0,289
332497.38225,379958.291035,0,730
332563.390318,379845.628233,0,651
332498.372923,379799.434386,0,477
332490.712063,379886.908554,0,730
332497.929902,379956.151647,0,305
332493.286724,379937.12439,0,714
332687.298975,379884.599392,0,684
332509.108699,379852.081248,0,176
332627.487385,379839.070337,0,730
332632.100833,379889.14651,0,730
332519.231107,379986.096238,0,227
332528.287052,379801.268287,0,586
332579.337353,379921.360077,0,715
332501.662495,379897.369675,0,515
332536.814336,379937.865571,0,267
332573.422292,379970.349225,0,730
332498.541241,379923.318451,0,730
332588.387717,379881.111059,0,730
332647.289273,379918.588636,0,730
332658.671161,379935.15445,0,570
332629.508825,379811.141651,0,270
332566.979153,379902.515225,0,616
332509.284798,379831.195331,0,615
332562.896559,379889.943862,0,730
332572.047656,379941.191707,0,648
332467.957515,379891.761314,0,453
332521.648801,379866.137131,0,599
332479.60712,379890.158021,0,730
332452.743263,379964.468177,0,391
332563.800969,379974.711598,0,730
332584.290409,379858.286612,0,62
332717.087999,379912.094417,0,730
332722.254709,379931.019613,0,260
332539.77851,379913.831101,0,153
332570.538827,379999.35131,0,730
332618.63601,379959.361024,0,730
332541.4455,379903.541304,0,175
332508.551818,379884.622483,0,730
332625.269204,379964.084625,0,118
332729.099196,379912.45499,0,245
332622.283166,379955.784434,0,234
332555.615892,379835.660344,0,276
332484.125733,379946.12172,0,730
332583.155103,379843.917212,0,730
332502.185316,379853.670265,0,730
332693.914229,379877.789945,0,730
332521.103871,379975.995304,0,730
332485.494387,379919.378489,0,730
332489.242457,379924.701263,0,730
332497.250445,379927.257956,0,401
332518.349478,379957.111114,0,730
332516.204149,379823.985616,0,730
332625.952466,379918.966918,0,469
332607.072293,379793.743195,0,280
332664.31563,379946.329872,0,117
332620.710157,379977.282614,0,730
332509.598423,379794.172396,0,730
332576.256121,379960.081478,0,580
332627.839849,379888.670774,0,330
332529.82696,379875.625256,0,630
332529.29457,379942.370514,0,730
332519.228565,379954.117276,0,10
332535.829291,379808.334277,0,674
332503.329327,379836.057872,0,730
332617.755419,379971.635689,0,390
332564.911174,379878.054662,0,730
332507.011532,379860.92449,0,244
332521.204609,379802.424206,0,730
332508.37277,379953.10576,0,730
332566.50299,379949.965561,0,199
332661.988996,379883.743358,0,491
332551.127431,379903.481218,0,369
332533.883852,379890.72454,0,612
332583.395714,379889.233822,0,633
332646.706852,379975.753963,0,593
332466.397138,379917.028108,0,730
332597.342598,379931.856695,0,639
332614.714891,379846.283039,0,730
332476.900678,379954.079977,0,730
332647.328851,379848.692503,0,229
332614.055087,379901.892542,0,730
332621.81551,379980.96776,0,501
332504.546153,379888.914195,0,730
332717.513723,379913.817751,0,730
332644.62299,379930.233262,0,92
332671.780713,379930.126079,0,297
332486.225547,379942.610037,0,730
332666.597498,379924.492193,0,662
332522.818339,379806.285474,0,730
332569.457256,379921.144871,0,127
332493.447386,379912.110218,0,411
332507.295802,379973.696962,0,207
332582.503819,379947.753925,0,537
332615.388756,379944.628157,0,348
332574.253209,379895.103664,0,306
332637.205718,379861.854704,0,524
332671.381204,379914.427287,0,31
332479.470851,379935.417899,0,590
332584.262927,379973.516989,0,698
332549.285933,379825.415445,0,158
332633.577704,379830.943854,0,302
332612.472714,379850.149206,0,730
332708.323899,379941.060221,0,730
332594.45913,379907.599663,0,267
332518.052849,379836.074062,0,730
332622.845007,379902.206026,0,353
332660.823314,379883.412364,0,659
332683.235498,379925.700553,0,327
332511.928324,379918.568799,0,730
332639.430236,379868.838337,0,730
332632.520383,379934.234184,0,730
332629.5146,379845.702727,0,730
332653.843232,379957.496692,0,730
332640.742465,379893.046152,0,318
332510.93435,379928.682351,0,600
332623.485541,379962.682493,0,647
332571.845329,379977.449544,0,730
332647.831065,379830.422933,0,603
332570.801566,379894.294851,0,216
332510.833313,379945.19456,0,730
332700.11797,379898.70651,0,324
332621.320149,379828.039851,0,105
332576.212937,379962.013841,0,730
332707.709898,379890.766358,0,730
332571.349446,379876.962412,0,378
332537.164994,379862.201975,0,597
332719.622496,379931.330416,0,683
332574.860249,379821.285527,0,30
332581.632849,379976.013124,0,570
332554.348109,379902.460867,0,155
332481.372952,379909.104192,0,730
332677.801074,379913.275658,0,383
332522.501526,379968.650368,0,406
332589.870629,379867.840271,0,128
332537.18124,379936.009815,0,366
332595.861355,379865.281042,0,173
332597.225265,379853.886896,0,730
332532.490078,379917.252333,0,730
332550.982039,379969.041026,0,616
332584.25206,379972.433555,0,730
332590.540246,379931.319168,0,730
332508.026835,379824.864164,0,15
332455.111598,379947.696992,0,457
332624.920966,379961.309546,0,730
332581.099556,379888.547433,0,449
332599.150342,379989.378943,0,83
332611.140315,379909.080748,0,715
332539.05322,379834.625833,0,417
332522.226862,379956.35037,0,730
332613.730341,379929.61866,0,730
332526.391078,379959.46649,0,730
332666.989985,379903.589677,0,475
332515.642065,379868.193544,0,214
332521.553473,379807.715105,0,730
332595.266314,379963.612874,0,730
332617.596814,379938.692975,0,730
332516.918934,379912.090914,0,730
332538.757782,379864.665922,0,730
332586.29075,379902.202697,0,578
332502.175661,379793.251303,0,164
332605.337687,379814.868452,0,730
332516.592442,379836.218632,0,730
332547.781517,379962.052139,0,487
332643.298073,379853.661377,0,372
332639.22503,379820.578007,0,12
332489.986179,379913.93739,0,608
332580.15235,379828.296129,0,478
332641.700887,379858.960563,0,201
332485.990853,379838.851818,0,730
332513.262298,379965.317776,0,524
332464.350853,379958.048889,0,677
332582.194754,379896.508121,0,124
332665.188034,379966.554366,0,448
332658.518246,379885.865459,0,364
332565.155691,379998.042614,0,635
332643.919452,379944.5358,0,71
332504.954514,379966.484343,0,308
332518.597597,379852.29659,0,708
332637.586093,379928.248673,0,50
332643.424451,379965.375206,0,730
332540.050219,379897.136007,0,730
332520.153416,379941.25883,0,576
332559.33347,379842.200715,0,519
332508.146471,379815.639883,0,194
332690.707066,379910.103944,0,422
332667.814336,379899.968304,0,245
332497.419208,379924.024443,0,302
332519.854436,379977.236284,0,316
332517.622486,379936.518579,0,549
332604.472082,379895.837492,0,146
332490.348374,379834.942381,0,484
332548.233674,379962.796303,0,243
332687.381087,379938.236482,0,135
332697.167568,379905.933851,0,730
332618.434395,379951.563488,0,504
332574.555149,379859.287685,0,540
332701.841581,379899.701472,0,314
332673.825343,379884.430283,0,9
332526.179058,379821.111719,0,730
332665.462853,379905.583306,0,403
332539.297961,379830.215493,0,146
332604.585193,379825.873604,0,730
332649.946649,379936.608352,0,730
332617.119208,379906.118244,0,27
332494.257871,379843.643122,0,386
332602.51816,379799.954049,0,605
332489.100488,379853.660935,0,730
332570.248744,379984.586277,0,730
332641.703575,379833.853075,0,730
332655.85333,379964.924313,0,557
332537.074181,379863.409885,0,552
332655.871541,379913.296646,0,730
332635.519415,379880.732035,0,52
332513.638274,379844.405591,0,730
332537.006797,379903.621719,0,177
332631.413773,379930.064302,0,730
332549.4138,379864.164035,0,367
332572.753553,379923.679314,0,576
332613.205139,379838.634153,0,692
332529.09716,379807.418557,0,546
332623.784112,379868.913535,0,688
332708.539757,379889.221527,0,730
332520.339984,379934.908004,0,730
332527.346456,379887.923224,0,394
332644.010133,379956.090571,0,194
332608.253446,379951.824091,0,437
332576.405161,379829.679192,0,730
332531.14936,379957.421521,0,730
332507.822658,379902.055169,0,730
332482.854268,379893.858118,0,417
332531.913296,379859.332294,0,437
332624.641302,379929.427099,0,730
332537.198237,379863.628513,0,730
332526.035999,379896.001101,0,730
332483.515296,379960.581606,0,345
332736.458878,379931.067245,0,562
332626.748025,379903.58757,0,31
332656.102224,379937.018802,0,730
332490.90965,379864.820472,0,234
332621.926398,379863.61461,0,499
332654.626991,379869.876491,0,690
332567.967421,379925.146119,0,351
332540.233261,379953.547595,0,730
332555.256544,379923.321736,0,466
332629.267435,379980.554949,0,720
332576.662168,379949.923074,0,730
332548.701745,379881.867398,0,21
332648.648442,379904.741235,0,681
332612.66941,379949.595948,0,28
332494.694937,379833.886017,0,730
332506.07409,379785.412644,0,274
332502.702773,379967.290144,0,520
332604.151909,379894.634583,0,425
332600.87159,379955.154856,0,464
332664.515561,379958.977852,0,321
332554.973584,379869.36605,0,730
332482.359759,379878.967918,0,730
332623.28316,379987.288727,0,173
332488.140147,379910.762407,0,730
332460.049158,379925.334458,0,185
332503.684959,379931.498806,0,730
332605.424711,379984.461522,0,728
332479.510026,379933.913814,0,468
332523.04658,379822.268943,0,686
332598.318207,379972.042433,0,303
332642.35251,379835.146473,0,730
332651.067148,379969.64486,0,631
332558.211448,379984.594459,0,730
332627.604173,379851.092294,0,730
332593.001357,379980.270756,0,474
332568.465152,379871.184332,0,348
332661.143349,379898.570671,0,730
332634.602319,379967.43034,0,730
332521.303277,379886.478966,0,730
332486.640973,379902.740817,0,133
332542.835831,379842.847751,0,730
332692.816897,379939.385894,0,619
332579.882787,379998.386277,0,730
332673.069097,379882.558283,0,730
332670.902898,379948.508491,0,632
332543.098423,379969.849067,0,730
332601.924475,379916.575635,0,80
332695.865342,379884.71553,0,655
332599.095339,379859.493595,0,217
332494.001777,379957.426975,0,679
332620.850147,379906.977358,0,719
332527.728985,379945.787904,0,103
332500.675987,379837.679798,0,467
332646.049152,379954.189231,0,98
332660.46635,379855.593063,0,730
332542.996288,379978.733868,0,730
332720.548295,379927.83557,0,663
332498.449237,379891.342845,0,708
332623.271693,379880.273199,0,730
332677.554333,379883.670155,0,206
332573.909797,379898.465705,0,693
332598.713488,379979.52308,0,445
332545.006787,379838.714909,0,503
332677.326866,379935.13548,0,705
332697.264337,379923.339404,0,588
332592.929853,379993.98193,0,542
332490.22798,379927.594329,0,730
332486.881338,379932.450617,0,730
332454.34916,379948.273519,0,433
332601.783135,379795.26285,0,730
332661.478475,379907.320915,0,730
332661.051807,379901.958126,0,730
332517.511166,379915.022505,0,730
332601.469107,379962.122091,0,388
332664.072908,379955.00939,0,661
332630.826098,379871.01353,0,730
332612.539652,379830.338428,0,287
332585.427309,379807.393951,0,609
332618.973343,379972.546076,0,225
332631.276557,379873.468233,0,525
332674.002447,379942.637254,0,257
332619.435413,379922.690692,0,550
332477.554838,379865.07363,0,517
332615.181903,379947.685343,0,438
332632.329923,379969.426261,0,730
332523.494779,379850.651465,0,730
332549.95824,379984.576552,0,730
332487.662611,379887.232379,0,670
332580.412234,379814.390202,0,300
332658.41627,379862.127751,0,730
332693.313696,379879.117,0,730
332698.935789,379925.771204,0,522
332515.034735,379939.252835,0,548
332617.747749,379912.266934,0,730
332578.976182,379944.823489,0,730
332499.157869,379938.117258,0,730
332546.762406,379984.969958,0,430
332555.513033,379979.442086,0,288
332503.943427,379946.434384,0,441
332558.125637,379888.975931,0,730
332620.156767,379961.428644,0,730
332591.048192,379852.179184,0,592
332626.796419,379981.311423,0,317
332594.875175,379888.235047,0,730
332529.869691,379834.408169,0,471
332487.296792,379905.653358,0,632
332604.194836,379996.588824,0,685
332712.00603,379910.736971,0,730
332682.906147,379913.907377,0,291
332538.927037,379838.960797,0,545
332499.367032,379875.722411,0,388
332579.711449,379917.043579,0,730
332627.435366,379971.199231,0,730
332680.615783,379866.536684,0,429
332489.934993,379820.59627,0,169
332629.240369,379964.974817,0,730
332510.892176,379882.653726,0,375
332615.124903,379917.471799,0,21
332573.587481,379833.178542,0,365
332642.957411,379967.717298,0,403
332568.198023,379917.163529,0,730
332602.522255,379931.281895,0,343
332580.773977,379940.826897,0,730
332607.38589,379881.164909,0,492
332584.418042,379857.447491,0,648
332539.683257,379963.815887,0,730
332563.89058,379986.328736,0,525
332672.2771,379947.123548,0,26
332475.726506,379931.590711,0,730
332673.868789,379936.833065,0,716
332511.22212,379904.151731,0,612
332512.986284,379798.002435,0,705
332692.938378,379933.579781,0,730
332646.651536,379956.942099,0,342
332706.179084,379913.876927,0,557
332570.077786,379841.957101,0,340
332480.560392,379944.520192,0,154
332473.020383,379902.497611,0,665
332641.953623,379977.142694,0,18
332466.954755,379960.385941,0,86
332624.915948,379961.078731,0,730
332496.489236,379867.418676,0,384
332601.783454,379812.97076,0,235
332657.934658,379896.678064,0,730
332661.234814,379875.253502,0,483
332527.729279,379849.586378,0,455
332545.45751,379983.385947,0,498
332640.467039,379837.265947,0,326
332570.749474,379846.228323,0,77
332615.672691,379851.959521,0,730
332522.12135,379950.017896,0,548
332610.611024,379995.095756,0,730
332627.805738,379923.158274,0,730
332649.353647,379865.238639,0,376
332553.446744,379976.889016,0,730
332609.591804,379802.002012,0,695
332656.110637,379948.665933,0,702
332576.832633,379981.96869,0,309
332607.594218,379909.881634,0,730
332649.696514,379908.47488,0,208
332528.578552,379893.744801,0,145
332668.746243,379932.844162,0,411
332554.074119,379964.180101,0,730
332658.683846,379969.808181,0,221
332573.928107,379818.696771,0,493
332607.414572,379878.960902,0,730
332594.902783,379816.92042,0,247
332568.259602,379927.954553,0,730
332678.412932,379871.060755,0,730
332450.230157,379967.622923,0,37
332507.586899,379788.767173,0,615
332589.695623,379903.467748,0,730
332491.095578,379956.025302,0,523
332567.033647,379949.273601,0,541
332502.84324,379948.891646,0,730
332663.532308,379933.833154,0,730
332511.77351,379866.972306,0,730
332496.897228,379964.894893,0,575
332523.510519,379877.974097,0,427
332591.662417,379808.16191,0,368
332614.76412,379987.357026,0,596
332510.420706,379795.252746,0,662
332564.98345,379987.05808,0,730
332605.703418,379854.643711,0,279
332702.080574,379926.810389,0,510
332666.685449,379862.647468,0,730
332657.834028,379844.231707,0,334
332564.306644,379950.643941,0,730
332623.755721,379961.96134,0,730
332642.475594,379887.587375,0,143
332513.741996,379888.384655,0,626
332526.433158,379840.645632,0,531
332506.857029,379938.678097,0,143
332548.844645,379918.236021,0,730
332507.559647,379981.262642,0,730
332544.5969,379982.040676,0,509
332628.94575,379815.845435,0,446
332645.498568,379910.928361,0,730
332596.596141,379942.953569,0,730
332502.706735,379803.830967,0,712
332520.866658,379937.970182,0,560
332713.475108,379937.076036,0,730
332520.87852,379911.867148,0,286
332549.590855,379841.028649,0,466
332656.591432,379962.884919,0,17
332642.108845,379969.890684,0,353
332551.739307,379946.827291,0,730
332604.170438,379908.960562,0,544
332474.496646,379875.414108,0,730
332654.628971,379902.629805,0,730
332646.855506,379903.996972,0,361
332632.632085,379918.644193,0,181
332622.308419,379804.340256,0,203
332507.358732,379817.324992,0,650
332650.012702,379932.411967,0,730
332676.653672,379868.136135,0,600
332601.998077,379940.574752,0,179
332586.371775,379870.485845,0,730
332604.380642,379825.0747,0,730
332542.641868,379874.679891,0,537
332706.999402,379886.567055,0,293
332552.038429,379823.755223,0,404
332559.590338,379837.526349,0,730
332516.699078,379957.545824,0,730
332619.215937,379970.475882,0,675
332691.587442,379896.310806,0,138
332571.646397,379991.976925,0,713
332666.258636,379848.427934,0,730
332476.571521,379867.615466,0,115
332516.728363,379808.29671,0,730
332486.548532,379892.163983,0,688
332717.892883,379906.546691,0,578
332590.699178,379898.960782,0,730
332611.999629,379800.808947,0,730
332511.357102,379940.808073,0,730
332568.882222,379984.986979,0,29
332557.23311,379925.256411,0,373
332580.659743,379822.42299,0,301
332604.032712,379987.996997,0,730
332595.60837,379811.842144,0,730
332518.722149,379916.127528,0,730
332610.728421,379929.402482,0,730
332610.650052,379797.099189,0,709
332665.544828,379951.764158,0,622
332517.751112,379940.378378,0,318
332481.477345,379894.032601,0,730
332519.184721,379950.78585,0,730
332514.097553,379906.471443,0,677
332484.448115,379844.775129,0,606
332594.694805,379986.060855,0,197
332596.093427,379926.939325,0,699
332538.330224,379962.901274,0,730
332500.032907,379961.991255,0,280
332569.139448,379911.299794,0,730
332479.972025,379967.700442,0,412
332492.935061,379972.772476,0,594
332480.798913,379976.280091,0,449
332660.070622,379946.280437,0,658
332608.072751,379831.502281,0,183
332484.705258,379879.38366,0,730
332600.726399,379953.658758,0,730
332603.678829,379808.279185,0,682
332608.799425,379914.107281,0,676
332602.082731,379924.387686,0,497
332503.072948,379974.718903,0,532
332610.409931,379963.803978,0,307
332538.139613,379903.432996,0,478
332518.671126,379886.635743,0,624
332650.868017,379856.008783,0,654
332586.864393,379839.527207,0,730
332556.002857,379861.999089,0,63
332585.87007,379918.377617,0,672
332724.42955,379929.128385,0,723
332608.873536,379962.878469,0,333
332672.985353,379922.786,0,516
332696.499227,379893.389108,0,655
332532.584544,379957.835328,0,167
332647.020199,379888.408063,0,95
332663.950535,379913.58542,0,730
332617.499806,379908.253731,0,479
332461.533351,379939.33298,0,730
332590.711736,379846.450539,0,445
332568.61193,379920.199758,0,730
332526.354928,379979.648455,0,642
332475.790376,379928.853155,0,400
332585.663054,379958.607337,0,518
332496.291942,379976.735717,0,332
332513.65402,379984.892904,0,730
332558.150967,379921.788474,0,730
332689.787078,379952.096306,0,513
332631.703207,379892.441353,0,587
332481.708812,379898.49347,0,627
332623.882718,379905.348477,0,668
332532.93133,379882.415682,0,463
332666.370181,379897.545157,0,730
332550.465804,379947.28051,0,716
332588.803153,379923.123184,0,138
332662.722447,379852.299276,0,242
332508.562766,379877.352937,0,595
332525.577461,379955.140346,0,526
332580.183814,379821.234794,0,395
332488.156787,379836.793895,0,575
332654.287709,379857.655273,0,666
332504.25749,379904.602216,0,424
332609.099805,379795.98347,0,730
332585.643948,379900.027855,0,671
332515.47689,379842.466554,0,225
332532.199719,379917.80473,0,426
332502.952358,379893.73684,0,325
332621.892516,379945.150042,0,264
332531.299222,379840.308012,0,725
332635.152421,379855.434839,0,730
332562.015948,379976.080583,0,670
332609.091215,379956.515642,0,730
332558.953823,379931.609294,0,730
332518.587697,379985.099884,0,730
332592.474881,379856.675906,0,116
332660.037142,379943.345844,0,730
332609.50999,379849.036032,0,101
332506.439345,379936.739221,0,141
332552.947509,379964.626965,0,130
332613.964539,379868.020493,0,470
332466.736312,379932.727453,0,730
332601.685843,379945.713152,0,666
332668.415374,379860.650112,0,274
332603.300987,379823.559919,0,730
332472.704697,379899.172522,0,434
332554.968622,379859.731768,0,459
332572.482984,379966.378568,0,730
332507.479247,379947.0996,0,583
332537.598227,379876.146236,0,714
332525.353781,379859.267403,0,443
332556.921237,379869.811534,0,582
332645.529887,379880.68626,0,730
332487.246944,379857.836831,0,40
332578.646245,379919.69256,0,188
332604.879701,379852.860181,0,573
332490.002668,379949.720035,0,646
332550.787784,379866.638865,0,447
332468.684127,379896.320248,0,181
332639.672521,379966.33437,0,374
332581.963975,379868.586684,0,730
332593.583817,379833.977727,0,730
332600.601148,379817.340648,0,660
332510.044504,379881.880658,0,701
332609.868381,379893.84792,0,470
332698.269217,379886.698909,0,343
332488.196547,379963.931654,0,730
332605.683847,379880.173491,0,730
332642.155182,379942.592952,0,657
332509.071127,379954.797061,0,292
332549.156884,379820.68373,0,82
332590.145539,379999.051626,0,54
332517.376236,379928.666477,0,702
332722.425824,379911.553503,0,508
332711.478366,379910.685348,0,456
332587.945831,379974.946343,0,492
332625.406745,379879.704996,0,643
332534.695207,379913.962665,0,730
332593.543472,379839.232717,0,193
332581.952445,379844.153454,0,450
332612.91698,379847.969815,0,730
332579.356401,379858.944021,0,730
332592.284091,379863.97595,0,294
332588.255316,379815.764474,0,730
332514.768479,379955.187255,0,455
332512.072713,379975.408833,0,572
332601.397898,379902.121815,0,678
332491.986977,379815.176476,0,719
332582.927607,379888.028684,0,730
332480.550831,379894.081572,0,349
332544.540132,379944.811691,0,730
332576.244268,379920.186973,0,259
332488.623342,379883.363891,0,81
332631.467663,379823.607877,0,472
332521.013597,379949.861874,0,69
332660.5676,379952.585615,0,451
332642.622077,379873.16607,0,620
332492.781244,379893.617241,0,101
332610.334781,379938.780021,0,346
332663.540284,379851.067838,0,644
332524.772279,379924.706559,0,636
332583.774289,379838.046231,0,328
332736.356624,379921.024616,0,121
332595.693323,379855.093342,0,148
332592.229534,379881.940793,0,730
332501.675963,379831.360177,0,89
332570.502097,379894.190213,0,512
332636.682879,379886.497904,0,66
332610.70436,379873.620671,0,298
332562.708603,379880.454634,0,569
332654.802961,379918.444008,0,730
332596.874899,379976.835459,0,710
332648.871117,379892.376292,0,730
332642.472658,379869.249142,0,506
332538.714272,379923.920149,0,486
332602.636723,379967.922445,0,414
332479.545167,379905.46201,0,656
332578.06495,379906.700257,0,730
332544.989028,379899.365096,0,226
332646.402444,379963.072957,0,687
332623.145837,379963.523385,0,673
332469.916434,379923.168383,0,680
332547.426889,379943.068823,0,730
332615.135858,379992.954742,0,730
332546.690231,379985.325078,0,495
332596.557054,379806.961514,0,396
332588.35606,379980.836842,0,730
332675.10022,379896.288798,0,372
332549.010515,379953.378324,0,730
332624.639555,379865.153917,0,325
332515.509886,379974.538213,0,469
332678.502594,379873.02005,0,730
332601.834281,379792.126108,0,132
332689.611244,379880.958008,0,730
332702.503323,379940.681868,0,730
332530.723564,379961.27515,0,583
332472.808023,379927.618168,0,360
332508.463123,379796.960623,0,730
332678.178146,379941.737088,0,730
332530.955086,379939.59794,0,260
332567.855766,379901.237012,0,676
332482.901351,379970.973742,0,577
332605.431053,379846.819193,0,730
332660.338763,379949.660657,0,730
332662.094691,379908.294968,0,730
332480.656702,379960.83129,0,730
332677.403862,379945.050144,0,434
332697.612979,379928.007338,0,730
332554.830025,379928.501524,0,545
332586.489023,379948.245203,0,541
332511.92522,379807.695241,0,730
332535.812763,379973.976205,0,211
332583.91847,379969.1294,0,568
332488.234504,379852.545089,0,559
332519.365111,379872.208115,0,306
332647.88583,379957.556658,0,364
332634.808477,379820.060041,0,710
332568.928524,379865.777531,0,730
332658.698112,379877.929409,0,16
332482.59434,379933.215891,0,140
332503.694555,379956.801805,0,363
332709.473362,379943.276786,0,723
332530.23384,379845.109829,0,730
332503.332106,379827.344162,0,730
332583.883796,379905.276477,0,402
332532.540853,379884.17575,0,288
332580.071878,379864.107867,0,726
332523.532836,379975.969807,0,553
332624.459167,379967.344322,0,65
332487.563305,379966.829621,0,730
332561.669426,379883.989209,0,538
332510.544707,379866.953241,0,551
332583.463581,379995.778621,0,617
332606.196156,379857.179229,0,595
332580.605096,379830.445398,0,485
332539.911267,379900.001841,0,237
332505.064408,379955.65134,0,730
332509.087687,379872.090937,0,709
332557.187665,379955.190931,0,730
332445.144166,379967.467941,0,647
332551.680953,379991.965597,0,4
332542.902602,379901.2409,0,730
332683.482944,379947.319485,0,195
332523.682976,379812.79806,0,730
332496.225876,379926.496867,0,161
332592.824152,379958.451082,0,628
332684.212408,379928.278908,0,730
332682.440867,379891.585952,0,730
332679.624566,379956.028139,0,112
332598.080632,379901.83722,0,9
332508.802929,379818.002263,0,718
332662.626739,379964.333629,0,663
332582.137547,379846.660799,0,730
332665.410568,379961.27934,0,112
332515.655011,379954.510102,0,141
332597.240116,379906.539871,0,251
332629.823819,379822.411325,0,724
332571.771605,379823.014208,0,672
332572.599893,379825.245857,0,538
332510.553687,379837.009299,0,571
332471.61704,379907.690136,0,721
332696.662172,379938.810296,0,730
332512.99304,379929.902048,0,726
332642.418877,379955.478383,0,640
332497.020671,379969.10641,0,730
332500.209685,379910.313611,0,581
332560.937466,379938.503123,0,137
332489.492245,379828.368697,0,643
332595.02051,379977.408184,0,319
332582.950794,379907.777217,0,531
332548.520097,379868.216487,0,717
332494.170404,379819.940535,0,436
332576.825862,379853.088712,0,521
332527.811137,379938.702055,0,463
332603.017645,379883.46386,0,591
332599.110918,379947.236177,0,730
332646.244801,379901.822416,0,218
332498.307218,379878.458365,0,634
332550.767068,379921.957712,0,700
332607.543778,379795.028443,0,536
332729.698154,379930.414407,0,362
332588.448428,379824.470914,0,568
332700.354979,379887.519014,0,730
332496.896825,379901.948521,0,730
332544.533224,379987.7888,0,619
332570.361929,379856.25436,0,530
332508.94343,379923.355997,0,589
332645.672421,379900.225436,0,730
332595.156068,379997.020363,0,730
332642.584426,379892.617382,0,665
332493.494541,379826.920191,0,174
332605.988314,379924.455732,0,730
332546.399476,379919.631461,0,730
332583.139736,379915.272843,0,119
332551.324982,379985.378432,0,730
332652.953969,379887.401242,0,730
