326389.461043,378112.061013,0,730
326273.447252,378076.868344,0,730
326425.70119,377972.521782,0,730
326366.00794,378013.572145,0,730
326438.95796,377989.152032,0,730
326362.666636,378045.889972,0,730
326405.469141,378001.939986,0,730
326427.010858,377971.371427,0,730
326388.528919,378204.26647,0,730
326511.512685,377982.786726,0,730
326342.089393,378043.588963,0,730
326372.026926,378098.105915,0,730
326406.222862,378040.095161,0,730
326427.880358,377994.235688,0,730
326428.577666,378011.839854,0,730
326289.488095,378100.490405,0,730
326440.506604,378087.768682,0,730
326445.178991,378000.841576,0,730
326449.673154,378002.328952,0,730
326364.946394,377998.487671,0,730
326346.83599,378016.557802,0,730
326504.831974,377975.031923,0,730
326486.673399,378000.316716,0,730
326347.236704,378109.505691,0,730
326368.322914,378014.808206,0,730
326501.68523,378032.918617,0,730
326374.612758,378039.753555,0,730
326426.819325,378078.919291,0,730
326461.997961,378052.417017,0,730
326340.12417,378213.160072,0,730
326367.442652,378160.973205,0,730
326429.543483,378051.339078,0,730
326362.706317,378211.978307,0,730
326419.194762,378045.154494,0,730
326401.519649,378018.873752,0,730
326330.389001,378125.381578,0,730
326386.38159,378052.73624,0,730
326429.715735,377986.247423,0,730
326482.845034,378032.024388,0,730
326422.807894,378044.472077,0,730
326359.90592,378070.798462,0,730
326458.837794,378067.134474,0,730
326442.630626,378030.393564,0,730
326329.103177,378068.268349,0,730
326323.353936,378160.732535,0,730
326475.656988,377985.555012,0,730
326321.61701,378092.374883,0,730
326341.673124,378075.116258,0,730
326351.269588,378124.67258,0,730
326380.594732,377983.3278,0,730
326369.133043,378169.175776,0,730
326349.692707,378208.46459,0,730
326358.193465,378085.084185,0,730
326368.819291,378011.05176,0,730
326448.592232,377996.881909,0,730
326335.890028,378287.980051,0,730
326329.466279,378257.33218,0,730
326375.071579,378142.616349,0,730
326316.882455,378142.945122,0,730
326334.324382,378160.541118,0,730
326349.409572,378188.15614,0,730
326357.180522,378204.124296,0,730
326454.44966,378005.871458,0,730
326367.782139,378224.658942,0,730
326404.014408,378137.207693,0,730
326336.302401,378028.893339,0,730
326367.391169,378058.110345,0,730
326389.944962,378068.357799,0,730
326335.431257,378111.639232,0,730
326349.937967,378160.131508,0,730
326425.868412,378099.437415,0,730
326366.313783,378001.111873,0,730
326370.024509,377990.910972,0,730
326280.331196,378081.655662,0,730
326347.389155,378240.649879,0,730
326466.157832,377982.696723,0,730
326366.354379,377970.889429,0,730
326411.037242,378096.676798,0,730
326436.185427,378040.624412,0,730
326431.587528,378048.0838,0,730
326393.105018,377960.21035,0,730
326390.841863,378020.246883,0,730
326348.501427,378055.679011,0,730
326415.768304,377968.809387,0,730
326355.111613,378055.236007,0,730
326344.556598,378074.688079,0,730
326417.682504,378087.548774,0,730
326367.310487,378063.327888,0,730
326318.840314,378274.197554,0,730
326346.769939,378075.007724,0,730
326437.208935,377983.528989,0,730
326364.624786,378188.333072,0,730
326389.568998,378063.181718,0,730
326349.494063,378009.277439,0,730
326365.554387,378100.731087,0,730
326340.048272,378256.668477,0,730
326357.788587,378065.50648,0,730
326439.618489,377978.474114,0,730
326314.640744,378122.790059,0,730
326376.855685,378053.343931,0,730
326311.133684,378100.59493,0,730
326314.149358,378025.000772,0,730
326441.377572,377979.102281,0,730
326315.306562,378099.038174,0,730
326353.41089,377988.269217,0,730
326474.77639,378058.562125,0,730
326343.733644,378228.084395,0,730
326336.819064,378139.754371,0,730
326331.066729,378114.646613,0,730
326375.819467,378007.392971,0,730
326332.930055,378128.093475,0,730
326396.597858,378147.008494,0,730
326335.654193,378119.624428,0,730
326479.285469,378029.482468,0,730
326349.404801,378238.229547,0,730
326428.538272,378044.374952,0,730
326341.193405,378050.908769,0,730
326393.32215,378176.661127,0,730
326284.7733,378094.090969,0,730
326482.184844,378026.275899,0,730
326361.68878,378037.494169,0,730
326370.739834,378235.829353,0,730
326406.37065,377970.275115,0,730
326326.562539,378111.385228,0,730
326422.333921,378123.807409,0,730
326390.680446,378088.397445,0,730
326329.527046,378287.571961,0,730
326389.399517,377979.896733,0,730
326457.07926,378014.694772,0,730
326364.565783,377982.1466,0,730
326348.239075,378188.594167,0,730
326443.479498,378083.420471,0,730
326352.448433,378216.282976,0,730
326380.549657,378188.259337,0,730
326316.160822,378278.050754,0,730
326427.387715,378096.868297,0,730
326361.105255,378015.212421,0,730
326352.873885,378120.684224,0,730
326352.862082,378243.7261,0,730
326466.080416,378064.225871,0,730
326324.88222,378247.901482,0,730
326395.48489,378162.130567,0,730
326364.131173,378254.363538,0,730
326367.213953,378142.18084,0,730
326375.408017,377965.872643,0,730
326383.106212,378003.452576,0,730
326422.355451,378101.736069,0,730
326363.262956,378099.725635,0,730
326358.087521,378098.700094,0,730
326374.45107,378245.177452,0,730
326424.631543,378119.031776,0,730
326365.615558,378084.62277,0,730
326387.819486,378178.466354,0,730
326421.725295,378053.078404,0,730
326337.552504,378212.361186,0,730
326446.833048,378090.837585,0,730
326481.813469,378045.799147,0,730
326396.464308,377964.077909,0,730
326419.521516,378057.214388,0,730
326495.573392,378011.228428,0,730
326363.3234,377981.354351,0,730
326493.280545,378021.816067,0,730
326483.48128,378044.042025,0,730
326354.793913,378210.757377,0,730
326319.169174,378079.882366,0,730
326327.190997,378273.324677,0,730
326309.577237,378125.830365,0,730
326357.659652,378115.03657,0,730
326381.727364,377967.727525,0,730
326405.305257,378000.067761,0,730
326405.379319,377994.635787,0,730
326359.330075,378146.394576,0,730
326343.61233,378161.623868,0,730
326477.513434,377991.719539,0,730
326396.383189,378131.307122,0,730
326389.503766,378107.09963,0,730
326399.923919,378074.808399,0,730
326402.098637,378031.947407,0,730
326404.098674,378157.124009,0,730
326406.085969,378020.629083,0,730
326512.158712,378005.718416,0,730
326323.909433,378048.560891,0,730
326407.121249,378124.110061,0,730
326493.340684,378002.425592,0,730
326322.564118,378123.138701,0,730
326369.311363,378232.986706,0,730
326323.26295,378070.30728,0,730
326438.917064,377979.288125,0,730
326441.054409,377972.268699,0,730
326335.287332,378157.640135,0,730
326449.018131,378000.727346,0,730
326330.834985,378215.728543,0,730
326380.284421,377995.603043,0,730
326472.285175,378061.287449,0,730
326362.382467,378029.497351,0,730
326327.933754,378115.067089,0,730
326389.812492,377960.749917,0,730
326389.649468,378093.457281,0,730
326464.713578,378001.41403,0,730
326342.907291,378174.180812,0,730
326358.791213,378221.272932,0,730
326473.254958,377992.469248,0,730
326476.565763,377992.314373,0,730
326452.859522,377985.570562,0,730
326426.498674,378085.917018,0,730
326321.711165,378308.071397,0,730
326373.031128,378174.625259,0,730
326377.601023,377965.312113,0,730
326352.255296,378141.27247,0,730
326343.554459,378254.199494,0,730
326300.114822,378098.692671,0,730
326322.460294,378098.620018,0,730
326353.401181,378219.740633,0,730
326373.407452,378078.331971,0,730
326415.538718,378127.196851,0,730
326394.11083,377987.215039,0,730
326355.782448,378268.074967,0,730
326389.777605,378041.355692,0,730
326448.459726,378001.209853,0,730
326505.140964,378038.45668,0,730
326487.209687,378056.359571,0,730
326277.690875,378068.809504,0,730
326452.185409,377991.614652,0,730
326337.456077,378242.196016,0,730
326363.781276,378089.608141,0,730
326405.264344,377991.395494,0,730
326426.753859,378003.963664,0,730
326343.735908,378060.868145,0,730
326441.116231,378089.21327,0,730
326397.768119,378053.066484,0,730
326428.107124,378044.465188,0,730
326399.416705,378001.867495,0,730
326331.865619,378110.403909,0,730
326333.002522,378175.324898,0,730
326431.142001,378055.733928,0,730
326380.573128,378146.529304,0,730
326378.914156,378174.65732,0,730
326438.374718,378086.290476,0,730
326379.692767,377955.881876,0,730
326395.54438,378152.12942,0,730
326442.469244,378088.914248,0,730
326298.370842,378037.752548,0,730
326324.119494,378054.946011,0,730
326372.978704,378234.974488,0,730
326307.053374,378075.519393,0,730
326354.605023,378147.879105,0,730
326482.934768,377975.714026,0,730
326374.899876,377970.277796,0,730
326389.862744,378090.042459,0,730
326333.013221,378162.047619,0,730
326442.06058,378041.315968,0,730
326413.652288,378072.67254,0,730
326276.971067,378089.674482,0,730
326397.332891,378061.314243,0,730
326350.96377,378278.612135,0,730
326401.864692,378096.116822,0,730
326483.399561,377978.182189,0,730
326418.377333,378037.911643,0,730
326405.931134,378030.446047,0,730
326439.133124,377993.839247,0,730
326380.630564,378124.015303,0,730
326330.372467,378196.030425,0,730
326459.874416,378016.299317,0,730
326279.738205,378106.866734,0,730
326283.927568,378067.014477,0,730
326376.555898,378140.140068,0,730
326368.767929,378251.787039,0,730
326393.089671,378180.693658,0,730
326465.462331,378062.876079,0,730
326435.106872,377973.208896,0,730
326473.224411,378067.211494,0,730
326373.359114,378017.667797,0,730
326371.675208,378019.739006,0,730
326422.69438,377985.070736,0,730
326328.455438,378208.460971,0,730
326406.548365,378073.155963,0,730
326385.900658,378004.958054,0,730
326366.458827,378108.80195,0,730
326453.310708,378094.076134,0,730
326353.665664,378151.657552,0,730
326427.290891,378024.715146,0,730
326461.103354,378071.606409,0,730
326353.311176,378175.345944,0,730
326364.047973,378228.291135,0,730
326350.241957,378166.999378,0,730
326333.701643,378036.598608,0,730
326367.73785,377967.322889,0,730
326473.615228,378013.971403,0,730
326489.827463,378053.805098,0,730
326407.79087,378058.661559,0,730
326389.165975,378159.103239,0,730
326483.881033,378013.685902,0,730
326314.108759,378084.987286,0,730
326376.333243,378195.22204,0,730
326324.891347,378218.696143,0,730
326380.134031,378047.414214,0,730
326464.944937,378055.463591,0,730
326436.879297,378015.585801,0,730
326342.057715,378123.897405,0,730
326487.986675,377977.649144,0,730
326386.368645,378197.100801,0,730
326482.284383,378048.773847,0,730
326493.019569,378028.58035,0,730
326388.876821,378092.483695,0,730
326344.56393,378121.881775,0,730
326369.283247,378104.678042,0,730
326381.220266,378100.952289,0,730
326464.956403,378030.970151,0,730
326337.425932,378109.83637,0,730
326389.883137,378115.217782,0,730
326510.612779,378010.554389,0,730
326510.560267,377978.774239,0,730
326369.015141,378149.119452,0,730
326369.230748,378229.07455,0,730
326451.029987,377991.212863,0,730
326396.344813,378048.525987,0,730
326394.270047,378010.794133,0,730
326499.263657,378039.553099,0,730
326496.74813,378014.230984,0,730
326323.128621,378298.601799,0,730
326334.904301,378086.676682,0,730
326362.983002,377974.284491,0,730
326349.264323,378121.627861,0,730
326352.39519,378243.912113,0,730
326309.067992,378082.858543,0,730
326323.531877,378119.371059,0,730
326328.202704,378078.706035,0,730
326314.057329,378080.455268,0,730
326469.205169,378039.734121,0,730
326320.681712,378031.683112,0,730
326323.853671,378225.707204,0,730
326330.151483,378192.349748,0,730
326355.497466,378145.11567,0,730
326318.743373,378153.669357,0,730
326347.74829,377999.170236,0,730
326374.869385,378062.085345,0,730
326371.290964,378081.274405,0,730
326353.226608,378260.861586,0,730
326435.995089,378051.80945,0,730
326384.450955,377998.97579,0,730
326345.970738,378185.282159,0,730
326332.551519,378223.319504,0,730
326282.138745,378073.752675,0,730
326436.161795,378036.452454,0,730
326327.303514,378256.91955,0,730
326307.544481,378094.898928,0,730
326335.447824,378094.357226,0,730
326296.884798,378096.395626,0,730
326310.299964,378052.150933,0,730
326408.46656,378117.230933,0,730
326450.121776,378040.668894,0,730
326369.59206,378241.812107,0,730
326433.185573,378066.035556,0,730
326333.508547,378276.573564,0,730
326385.830718,378050.182241,0,730
326313.894234,378048.643724,0,730
326361.941008,378215.080373,0,730
326410.067679,378134.680948,0,730
326348.884448,378150.170873,0,730
326394.76777,378032.539106,0,730
326400.482696,378140.540475,0,730
326426.414491,378060.939652,0,730
326296.936467,378037.921167,0,730
326497.144198,378039.941324,0,730
326482.006952,377981.883026,0,730
326334.347691,378103.231041,0,730
326367.212723,378161.885301,0,730
326511.462324,378004.543442,0,730
326395.574676,378052.178476,0,730
326277.256055,378076.297276,0,730
326384.324919,378243.550471,0,730
326335.773031,378139.273685,0,730
326422.634237,378117.037524,0,730
326373.001411,378245.096192,0,730
326343.018961,378199.009897,0,730
326460.438828,378029.189618,0,730
326405.837472,377974.622289,0,730
326349.460679,378007.150677,0,730
326382.483686,378035.496633,0,730
326462.873514,378044.423388,0,730
326469.408145,378069.623256,0,730
326329.31658,378135.796968,0,730
326407.248806,378017.932053,0,730
326343.26923,378004.544058,0,730
326321.488594,378051.516791,0,730
326353.892938,378134.318006,0,730
326300.672516,378088.945097,0,730
326358.63999,378011.068198,0,730
326335.820941,378087.641301,0,730
326379.458234,378005.297325,0,730
326373.888342,378064.103447,0,730
326351.009751,378144.438877,0,730
326326.246247,378084.646959,0,730
326404.235454,378048.976103,0,730
326449.035526,378016.717122,0,730
326375.891665,378133.164366,0,730
326380.850966,378058.005612,0,730
326439.43039,377981.964609,0,730
326392.321357,378135.773909,0,730
326373.692173,378175.328638,0,730
326443.844079,378045.27999,0,730
326365.830338,378219.8932,0,730
326376.93554,378021.752695,0,730
326410.274135,377997.708516,0,730
326297.54402,378056.865459,0,730
326399.317421,378093.419174,0,730
326406.377625,377985.045203,0,730
326413.584129,377999.387763,0,730
326370.529164,378254.338975,0,730
326437.801154,377981.865138,0,730
326387.218992,377978.866668,0,730
326313.602919,378077.399011,0,730
326328.371373,378204.305127,0,730
326411.188301,378140.817034,0,730
326424.029609,378085.42146,0,730
326385.196568,377983.165428,0,730
326447.335896,378018.665401,0,730
326409.529992,378112.882495,0,730
326326.641156,378149.113934,0,730
326404.031264,378080.939765,0,730
326457.839421,378033.107784,0,730
326404.817845,378080.753592,0,730
326468.16175,378029.885945,0,730
326357.246892,378165.679576,0,730
326318.311269,378271.072995,0,730
326406.63258,377981.181697,0,730
326438.997293,378100.834656,0,730
326345.830243,378134.354116,0,730
326332.69357,378085.538503,0,730
326462.648118,378047.39431,0,730
326390.152913,378121.614402,0,730
326451.673204,377979.186885,0,730
326508.790009,378021.525462,0,730
326329.772084,378148.577946,0,730
326366.866309,378080.40819,0,730
326416.488146,378033.455306,0,730
326368.510026,377967.290225,0,730
326363.97068,378219.144592,0,730
326337.79371,378019.899667,0,730
326394.352613,378079.4937,0,730
326378.442439,377995.540847,0,730
326314.459051,378157.026845,0,730
326404.170403,378159.88948,0,730
326385.448054,378122.060531,0,730
326383.189219,378042.367943,0,730
326374.311984,377971.664502,0,730
326457.662261,377972.616539,0,730
326342.311991,378153.405061,0,730
326395.46583,377983.715188,0,730
326300.752474,378053.618581,0,730
326322.121555,378060.110733,0,730
326501.638116,378007.617695,0,730
326355.195934,378099.456005,0,730
326426.443306,377994.993929,0,730
326310.791841,378079.957001,0,730
326436.428084,378090.1239,0,730
326341.733924,378061.557933,0,730
326399.526402,378007.784171,0,730
326388.23286,378006.219717,0,730
326350.972773,378078.866138,0,730
326324.870021,378240.030161,0,730
326408.11961,378041.118512,0,730
326342.703801,378037.836669,0,730
326350.922709,378183.167825,0,730
326434.890757,378015.392226,0,730
326426.754599,378086.743614,0,730
326485.191016,378040.249572,0,730
326324.365756,378035.31854,0,730
326468.923794,378025.657312,0,730
326401.597748,378124.244191,0,730
326481.234675,378028.247543,0,730
326382.518922,378075.464868,0,730
326448.577747,378098.102743,0,730
326476.987697,378043.44662,0,730
326332.048341,378236.601624,0,730
326394.124798,378088.74615,0,730
326372.562808,378129.657282,0,730
326350.670308,377991.349226,0,730
326315.642239,378290.983605,0,730
326380.410288,378006.878291,0,730
326508.461649,378014.781616,0,730
326326.517056,378023.187343,0,730
326341.420313,378210.617523,0,730
326427.503216,378119.391375,0,730
326404.175814,378042.468477,0,730
326396.18635,378005.446169,0,730
326316.172122,378026.243964,0,730
326385.463256,378005.267429,0,730
326372.656232,378207.881308,0,730
326440.408927,378058.073701,0,730
326371.375255,378037.819148,0,730
326369.657481,378057.315984,0,730
326388.282869,378035.654222,0,730
326286.735895,378095.222453,0,730
326294.415877,378042.925807,0,730
326388.035722,378067.292728,0,730
326436.179261,378077.275201,0,730
326397.941968,378114.63199,0,730
326349.222238,378208.789534,0,730
326489.309888,378031.567086,0,730
326454.028724,378077.011284,0,730
326445.6464,377971.815445,0,730
326428.564952,378061.889126,0,730
326315.786655,378141.769897,0,730
326373.853851,377996.502453,0,730
326325.172704,378051.538167,0,730
326359.883261,378055.627293,0,730
326415.513708,377997.35736,0,730
326369.400365,377978.699744,0,730
326326.083252,378221.501436,0,730
326384.37627,377970.021258,0,730
326448.850117,378010.568667,0,730
326471.282122,378029.069483,0,730
326409.588584,377984.83379,0,730
326478.619201,378050.189437,0,730
326363.723914,378030.097192,0,730
326327.939085,378027.455965,0,730
326345.903522,378040.69088,0,730
326420.23346,378021.821918,0,730
326346.826307,378045.232269,0,730
326379.175687,378079.411683,0,730
326374.588045,378071.623402,0,730
326345.621323,378176.224771,0,730
326418.064407,378048.269071,0,730
326403.429463,378118.393716,0,730
326508.138092,377995.380545,0,730
326388.123377,378130.555592,0,730
326358.039399,378088.483465,0,730
326312.847081,378053.523214,0,730
326340.763173,378055.429264,0,730
326323.280166,378310.492911,0,730
326446.379215,378062.549104,0,730
326437.411424,377990.548641,0,730
326398.107215,378178.064823,0,730
326369.159437,378224.722475,0,730
326392.956643,378098.017896,0,730
326442.501278,378083.710133,0,730
326388.575626,378183.778152,0,730
326440.101418,378003.959251,0,730
326377.723983,378173.882657,0,730
326337.629363,378226.073596,0,730
326365.771181,378052.745772,0,730
326324.175112,378057.074446,0,730
326307.96713,378121.327258,0,730
326369.496472,378104.025283,0,730
326469.207976,378048.762584,0,730
326380.708254,377988.454559,0,730
326474.005794,378004.370821,0,730
326448.793002,378058.640229,0,730
326475.173633,378065.172472,0,730
326437.995966,378089.732357,0,730
326394.968012,378007.585439,0,730
326337.28906,378067.295847,0,730
326374.490335,378177.128774,0,730
326382.364448,378145.867455,0,730
326384.27575,378144.379377,0,730
326360.466341,378006.042349,0,730
326337.080926,378157.681873,0,730
326458.485817,378070.879812,0,730
326415.933248,378056.296937,0,730
326314.519697,378050.680845,0,730
326471.67347,377985.278377,0,730
326413.016722,377988.34268,0,730
326439.964814,378036.111255,0,730
326325.554907,378141.234868,0,730
326312.276693,378302.803881,0,730
326387.002441,378203.29762,0,730
326383.563416,378189.444477,0,730
326340.703907,378012.442577,0,730
326367.330197,378067.734063,0,730
326302.093428,378077.371882,0,730
326361.985102,378055.906751,0,730
326320.264021,378054.802161,0,730
326379.853185,378192.870709,0,730
326354.476396,378113.098188,0,730
326341.166228,378090.816601,0,730
326462.538602,378045.511981,0,730
326341.959526,378017.375343,0,730
326391.686383,378179.365641,0,730
326373.795435,378189.067326,0,730
326398.683532,378094.389622,0,730
326322.053061,378121.792062,0,730
326350.075875,378022.579764,0,730
326465.826896,378008.257798,0,730
326338.395977,378084.982635,0,730
326273.376108,378104.011243,0,730
326476.2384,377988.821021,0,730
326360.14453,377978.109679,0,730
326434.758481,378091.465469,0,730
326380.699212,378037.137872,0,730
326319.640819,378277.815863,0,730
326375.930067,378034.499881,0,730
326441.947248,378077.33092,0,730
326336.032789,378289.763077,0,730
326343.494644,378155.936961,0,730
326362.299675,378027.409448,0,730
326409.366336,378068.271025,0,730
326426.950542,378111.985725,0,730
326469.61669,378016.976781,0,730
326419.224518,378087.870358,0,730
326359.095941,378073.207337,0,730
326401.798584,378077.590208,0,730
326377.124045,378216.146941,0,730
326368.965289,378152.533922,0,730
326431.051909,378076.606324,0,730
326442.046846,378002.945332,0,730
326365.654304,378052.360375,0,730
326326.645626,378182.845072,0,730
326492.638058,377994.649782,0,730
326310.357805,378088.983968,0,730
326353.174249,378273.719433,0,730
326391.400064,377959.234692,0,730
326425.731287,378007.439516,0,730
326390.755774,378034.745395,0,730
326386.270535,378133.361452,0,730
326309.750525,378041.551189,0,730
326419.272892,378080.587288,0,730
326281.345922,378108.409568,0,730
326381.788179,378213.65453,0,730
326416.623346,378026.944947,0,730
326498.416546,378008.042252,0,730
326290.889851,378078.249164,0,730
326326.304705,378214.110086,0,730
326344.734912,378053.516875,0,730
326367.818652,378019.864788,0,730
326386.103551,378090.889231,0,730
326453.372494,378079.193721,0,730
326369.75404,378226.132422,0,730
326482.16105,377974.700517,0,730
326335.482966,378276.237406,0,730
326325.925552,378224.862839,0,730
326317.163623,378089.388569,0,730
326330.708056,378021.989037,0,730
326296.746018,378079.269348,0,730
326405.047522,378150.569448,0,730
326462.355729,377990.041078,0,730
326311.979741,378106.195623,0,730
326356.809166,378237.326201,0,730
326456.281257,378058.97876,0,730
326357.623145,378192.579383,0,730
326381.575956,378085.893626,0,730
326463.805971,378032.092737,0,730
326328.692255,378272.760047,0,730
326428.485036,378044.737575,0,730
326354.694016,378039.473122,0,730
326288.6274,378065.423285,0,730
326293.467469,378089.368899,0,730
326405.079091,378039.547799,0,730
326358.371319,378078.236663,0,730
326474.773656,378063.297118,0,730
326449.250865,378010.758034,0,730
326332.404309,378113.540672,0,730
326357.763992,377991.384109,0,730
326331.595103,378213.579711,0,730
326363.69403,378225.351503,0,730
326419.22929,378062.646309,0,730
326389.259719,378081.766031,0,730
326383.975794,378183.169693,0,730
326337.462478,378148.181525,0,730
326393.647716,378023.128777,0,730
326450.377997,378039.038588,0,730
326311.23988,378055.127062,0,730
326311.906342,378111.872448,0,730
326290.346897,378080.364343,0,730
326402.872769,377971.94023,0,730
326401.668202,378003.2789,0,730
326341.512258,378045.230418,0,730
326315.128962,378086.381489,0,730
326513.532004,377988.06359,0,730
326409.430347,378025.721169,0,730
326385.160094,377951.801751,0,730
326364.509908,378172.791725,0,730
326347.226573,378252.621379,0,730
326428.572371,378042.029224,0,730
326366.209902,378000.390754,0,730
326369.525967,378122.226805,0,730
326438.775515,378078.630284,0,730
326297.587579,378047.161114,0,730
326438.67493,378051.245094,0,730
326289.398788,378109.777655,0,730
326395.654206,378142.919576,0,730
326444.122018,377984.784113,0,730
326361.680643,377975.961616,0,730
326471.36969,378037.826996,0,730
326375.998105,378054.462235,0,730
326402.919362,378156.453286,0,730
326418.020429,377993.018158,0,730
326348.430822,378229.212709,0,730
326323.53309,378265.515316,0,730
326395.06487,377994.764865,0,730
326360.094655,378007.193706,0,730
326374.806877,377987.508335,0,730
326351.996995,378258.243782,0,730
326382.88244,377984.027671,0,730
326315.042282,378037.898843,0,730
326394.982723,377986.703952,0,730
326370.856107,378162.140447,0,730
326297.169023,378083.394919,0,730
326445.92262,378059.876191,0,730
326406.59291,378076.412741,0,730
326364.818909,378259.349862,0,730
326324.129656,378030.164828,0,730
326484.602001,378016.661433,0,730
326352.64502,378235.736876,0,730
326329.005992,378031.764119,0,730
326496.682509,377987.241465,0,730
326360.985698,378011.750799,0,730
326314.705303,378122.549342,0,730
326404.560748,378143.427839,0,730
326355.578523,378254.531715,0,730
326471.650833,377980.689279,0,730
326287.859887,378086.21736,0,730
326400.740688,378051.109934,0,730
326366.470012,378016.333475,0,730
326338.175533,378176.687413,0,730
326358.502986,378070.222066,0,730
326349.439012,378188.362975,0,730
326390.542378,378100.389919,0,730
326315.914366,378290.342861,0,730
326359.075766,378253.200392,0,730
326379.292241,378089.905424,0,730
326346.768726,378241.142039,0,730
326330.370441,378124.58753,0,730
326356.846441,378036.797078,0,730
326318.694763,378087.878043,0,730
326356.743765,378201.973992,0,730
326367.565505,378033.772893,0,730
326335.796725,378256.610716,0,730
326380.652534,377998.342126,0,730
326311.286532,378053.487272,0,730
326351.048014,377996.643919,0,730
326320.716001,378143.717036,0,730
326323.238095,378252.624799,0,730
326435.160238,378029.532825,0,730
326390.602474,377988.219727,0,730
326377.101289,378141.099966,0,730
326335.546585,378072.376193,0,730
326471.450046,378025.444662,0,730
326327.397056,378036.715107,0,730
326428.270907,378101.904679,0,730
326334.23832,378029.960825,0,730
326442.874302,378075.951676,0,730
326394.148997,378003.754136,0,730
326342.940664,378028.769376,0,730
326297.121458,378063.518204,0,730
326315.165583,378302.630043,0,730
326378.916282,377959.390353,0,730
326329.18395,378249.668902,0,730
326376.080392,378190.538015,0,730
326389.287064,377972.249684,0,730
326486.960769,378052.828732,0,730
326470.228962,378048.583635,0,730
326351.004008,378108.621148,0,730
326354.183138,378132.677722,0,730
326324.671856,378124.807413,0,730
326276.038521,378094.234435,0,730
326497.394889,378017.516091,0,730
326452.541606,378038.359566,0,730
326334.493675,378122.327869,0,730
326472.847655,378059.048071,0,730
326315.003281,378060.857271,0,730
326448.585736,378036.909852,0,730
326388.667937,378102.562059,0,730
326365.684447,378014.592412,0,730
326333.5093,378221.564143,0,730
326443.050757,378035.019317,0,730
326352.510109,378098.187594,0,730
326317.102704,378310.691549,0,730
326334.134457,378215.808348,0,730
326437.456214,378103.367459,0,730
326414.52825,378028.981931,0,730
326386.419832,378000.144497,0,730
326314.913879,378062.000765,0,730
326333.917794,378070.733142,0,730
326343.898051,378215.393636,0,730
326424.162834,378119.95471,0,730
326489.765638,378013.519261,0,730
326357.824647,378027.418577,0,730
326346.884784,378037.041794,0,730
326351.100378,378091.097591,0,730
326434.200613,378086.137693,0,730
326307.630968,378080.895318,0,730
326342.64955,378257.340128,0,730
326438.58144,377989.201441,0,730
326451.859575,377991.715996,0,730
326301.00824,378094.918772,0,730
326333.968045,378169.198092,0,730
326382.47239,378201.260232,0,730
326453.184291,378015.900428,0,730
326414.174343,378091.60193,0,730
326337.419197,378155.038763,0,730
326367.792517,378142.618898,0,730
326399.17613,378157.211347,0,730
326353.53244,378249.000561,0,730
326392.886223,378034.425187,0,730
326382.905789,378040.53939,0,730
326478.220367,378006.18063,0,730
326501.496358,378001.048424,0,730
326434.724792,378068.21191,0,730
326335.913845,378131.976388,0,730
326413.368525,378073.525113,0,730
326359.374923,378130.053553,0,730
326414.842672,378050.737183,0,730
326490.107892,378030.152441,0,730
326333.663762,378067.216827,0,730
326376.193331,378053.105289,0,730
326475.439761,377976.665078,0,730
326352.87919,378031.648771,0,730
326290.915289,378073.698216,0,730
326388.438222,378111.866145,0,730
326417.325707,378044.912626,0,730
326435.863091,378095.432467,0,730
326348.305712,378104.438865,0,730
326464.903517,378060.075644,0,730
326378.648167,378046.541315,0,730
326340.639099,378240.392067,0,730
326473.896228,377992.11153,0,730
326472.521173,378017.891583,0,730
326408.000534,378127.394123,0,730
326398.268034,377967.542767,0,730
326277.306294,378078.269399,0,730
326386.005375,378094.357724,0,730
326333.684543,378132.594209,0,730
326399.322586,378133.796312,0,730
326305.996715,378093.144566,0,730
326354.094991,378040.355039,0,730
326431.736483,377974.482243,0,730
326366.942487,378052.238815,0,730
326349.937026,378228.794,0,730
326336.660824,378287.434712,0,730
326293.710618,378101.649688,0,730
326338.391179,378019.835408,0,730
326390.476697,378066.94182,0,730
326369.306857,378157.724783,0,730
326342.914278,378096.285093,0,730
326287.58706,378095.316522,0,730
326412.00782,378075.365303,0,730
326353.056454,378048.110191,0,730
326400.568298,378006.492544,0,730
326403.24712,378037.091773,0,730
326437.228007,377975.068958,0,730
326332.278203,378156.424175,0,730
326389.969842,378087.245851,0,730
326340.325716,378207.942887,0,730
326377.669919,378187.777315,0,730
326353.834318,378270.989115,0,730
326418.819344,378100.383458,0,730
326364.588767,377987.808643,0,730
326473.429475,378000.509136,0,730
326370.35876,378207.757013,0,730
326381.383862,377973.512119,0,730
326374.076124,378110.245035,0,730
326308.006923,378048.392424,0,730
326321.797276,378201.166489,0,730
326359.943367,378011.121948,0,730
326274.881604,378097.362762,0,730
326401.710555,378171.594907,0,730
326459.163121,377988.431871,0,730
326393.368095,378087.431411,0,730
326298.382723,378075.829975,0,730
326442.84698,377972.813555,0,730
326408.352459,378033.636105,0,730
326276.637312,378103.85284,0,730
326457.25602,378057.622252,0,730
326453.383875,378026.304792,0,730
326340.444854,378275.241168,0,730
326361.326788,378261.428157,0,730
326328.960739,378243.161051,0,730
326337.064925,378287.607516,0,730
326411.944394,378118.633357,0,730
326438.120796,378045.880787,0,730
326375.831545,378224.878141,0,730
326448.318392,377978.026735,0,730
326486.052941,378032.59473,0,730
326307.475215,378031.935572,0,730
326431.617323,377993.282623,0,730
326366.911255,378196.955057,0,730
326422.082655,377972.934526,0,730
326344.803089,378088.318592,0,730
326344.892277,378245.123738,0,730
326423.444987,378091.13153,0,730
326285.379626,378074.055527,0,730
326331.082819,378250.961758,0,730
326309.385618,378058.130156,0,730
326379.814803,378150.098114,0,730
326446.226104,378039.008411,0,730
326343.608768,378145.621185,0,730
326405.952402,378030.899917,0,730
326316.979566,378093.887243,0,730
326315.700868,378155.419927,0,730
326340.370337,378249.408549,0,730
326489.541486,377977.606879,0,730
326453.07085,378016.165652,0,730
326378.089349,378211.461987,0,730
326300.093369,378054.117317,0,730
326285.213193,378073.692214,0,730
326427.274076,378105.378126,0,730
326294.075443,378095.999384,0,730
326425.418017,378087.362778,0,730
326328.624106,378058.079369,0,730
326424.148894,378025.206377,0,730
326329.293477,378169.558863,0,730
326403.783294,378069.1254,0,730
326428.114177,377978.186489,0,730
326333.699026,378154.929978,0,730
326496.196323,378046.603279,0,730
326375.060272,378173.283063,0,730
326360.928492,377998.589118,0,730
326389.209328,378120.252289,0,730
326370.445563,378147.891857,0,730
326375.344741,378059.416138,0,730
326390.750435,378093.483711,0,730
326282.413561,378106.437999,0,730
326301.054846,378029.604556,0,730
326501.942499,377975.721738,0,730
326273.616049,378073.956054,0,730
326374.407172,378002.755734,0,730
326327.763368,378273.588777,0,730
326362.168452,378229.568859,0,730
326433.30891,378107.98612,0,730
326402.909212,378065.485714,0,730
326333.4115,378036.784135,0,730
326430.098811,378106.958665,0,730
326473.411651,378062.38287,0,730
326330.93336,378029.606911,0,730
326426.338246,377979.357965,0,730
326400.864554,378089.436478,0,730
326362.054537,378081.845368,0,730
326433.689077,377969.512587,0,730
326351.754571,378014.445526,0,730
326358.001646,378263.416681,0,730
326285.320241,378076.381458,0,730
326362.083477,378169.113333,0,730
326381.273349,378181.019484,0,730
326493.318725,377979.49302,0,730
326438.111162,378024.318555,0,730
326460.790975,377980.094978,0,730
326380.890961,378077.061969,0,730
326381.760408,378230.855465,0,730
326431.213112,378117.715017,0,730
326465.659806,378002.629123,0,730
326419.721488,378032.356402,0,730
326331.572163,378088.760729,0,730
326372.02285,378031.24442,0,730
326292.906487,378103.661183,0,730
326276.071483,378078.175764,0,730
326347.814865,378257.456974,0,730
326286.102641,378101.583246,0,730
326331.271768,378221.362096,0,730
326349.837293,378084.775506,0,730
326303.855786,378054.151061,0,730
326425.064651,378008.601672,0,730
326375.612371,378059.816972,0,730
326347.014251,378099.081937,0,730
326417.181211,378031.411526,0,730
326348.75061,378080.08821,0,730
326373.650026,378211.710795,0,730
326458.267137,378072.769612,0,730
326420.64297,378025.829245,0,730
326363.767551,378172.65483,0,730
326314.903112,378153.394275,0,730
326409.762637,377992.162454,0,730
326325.454006,378239.51601,0,730
326326.949437,378205.616549,0,730
326320.758508,378301.50863,0,730
326355.579329,378092.929321,0,730
326442.136113,378045.564893,0,730
326380.64862,378005.84778,0,730
326367.65642,378022.742944,0,730
326358.819204,378140.931342,0,730
326442.69517,378089.117893,0,730
326367.864485,378106.827989,0,730
326471.044347,378065.337302,0,730
326443.86173,378048.419079,0,730
326403.525727,377977.40532,0,730
326339.584594,378172.496166,0,730
326314.665252,378059.656856,0,730
326448.411482,378070.21921,0,730
326406.31937,378104.588937,0,730
326451.198591,378011.01891,0,730
326439.526231,378018.030966,0,730
326363.7138,378208.36278,0,730
326326.438536,378183.719448,0,730
326282.882386,378082.886587,0,730
326314.146927,378124.707242,0,730
326348.055749,378025.111784,0,730
326427.465976,378078.356321,0,730
326411.639334,378003.343713,0,730
326372.844724,378070.633117,0,730
326420.264958,377976.663897,0,730
326375.22726,378196.147947,0,730
326360.900404,378074.962547,0,730
326423.30327,378065.309718,0,730
326374.064247,378143.149037,0,730
326356.340844,378164.707883,0,730
326456.232946,377987.569117,0,730
326363.600576,377993.01277,0,730
326343.976101,378142.476839,0,730
326436.192835,378047.043789,0,730
326359.398634,378040.529643,0,730
326307.484619,378069.462202,0,730
326332.792169,378153.487294,0,730
326463.256855,378017.725455,0,730
326291.987249,378066.168686,0,730
326417.734149,378128.26571,0,730
326359.196356,378080.021478,0,730
326349.835311,378160.689623,0,730
326328.078762,378053.554792,0,730
326384.618413,378102.978386,0,730
326352.707567,378273.052528,0,730
326380.146738,378035.71964,0,730
326425.658612,378124.178213,0,730
326394.463962,378080.700225,0,730
326377.179499,378032.489689,0,730
326394.847476,378005.498264,0,730
326333.126804,378107.828317,0,730
326398.254015,378048.646939,0,730
326325.790987,378071.127806,0,730
326372.026056,378029.76914,0,730
326344.82716,378004.30178,0,730
326354.541495,378098.443066,0,730
326348.931714,378099.128773,0,730
326445.783332,378020.212817,0,730
326322.877312,378023.653016,0,730
326437.862572,378069.555316,0,730
326393.78391,378092.410283,0,730
326342.935231,378161.732162,0,730
326351.695789,378046.578645,0,730
326343.451351,378005.177685,0,730
326474.347733,378044.34038,0,730
326384.298633,378145.737648,0,730
326316.381744,378145.798069,0,730
326492.451472,378008.045747,0,730
326464.978506,377984.827005,0,730
326470.258489,378031.053276,0,730
326496.053325,378011.054297,0,730
326348.386565,378265.523506,0,730
326360.11929,378050.223298,0,730
326301.273867,378078.30828,0,730
326331.685464,378241.212991,0,730
326405.610461,377986.520692,0,730
326442.923569,378012.099113,0,730
326288.487194,378068.255288,0,730
326459.066797,378018.797297,0,730
326321.669666,378266.056689,0,730
326426.601542,378093.022467,0,730
326310.809227,378310.042569,0,730
326463.44664,378045.582238,0,730
326500.841352,378015.435258,0,730
326378.790935,378236.091299,0,730
326396.901683,378049.597836,0,730
326328.938764,378301.277463,0,730
326329.17641,378168.46443,0,730
326371.511156,378235.399547,0,730
326341.564643,378236.723662,0,730
326435.996054,377982.365052,0,730
326447.931371,378096.01226,0,730
326328.826574,378144.682553,0,730
326329.702999,378099.394721,0,730
326511.118685,377996.597377,0,730
326358.601607,378003.063579,0,730
326366.945967,378200.871498,0,730
326324.208886,378075.092282,0,730
326400.951015,378023.550012,0,730
326352.646663,378052.850996,0,730
326411.787289,378057.520341,0,730
326369.764889,378136.724255,0,730
326379.993274,378133.416315,0,730
326386.886432,378157.861258,0,730
326345.465082,378284.468058,0,730
326311.014059,378038.393243,0,730
326363.866502,377992.176609,0,730
326386.285908,378082.930766,0,730
326383.259234,378237.069356,0,730
326390.549621,378161.386596,0,730
326386.108048,378114.290416,0,730
326460.830242,377979.26356,0,730
326401.077301,378068.043514,0,730
326376.638526,378164.889676,0,730
326350.371731,378231.114692,0,730
326383.383368,378166.051175,0,730
326467.819647,378018.704965,0,730
326399.512697,378140.271434,0,730
326397.174995,378112.579905,0,730
326352.625486,378252.740887,0,730
326348.184439,378085.888301,0,730
326426.24775,378051.070019,0,730
326321.928542,378031.720531,0,730
326285.862721,378104.956515,0,730
326338.466513,378259.042035,0,730
326382.248106,378088.385766,0,730
326413.217724,378005.40443,0,730
326416.712499,378107.714816,0,730
326359.785446,378107.711976,0,730
326501.552798,377996.627563,0,730
326322.315376,378208.286464,0,730
326319.699276,378143.317457,0,730
326345.511743,378034.341681,0,730
326435.205239,378105.435008,0,730
326402.236868,378013.006999,0,730
326350.354463,378241.381657,0,730
326492.905011,378021.002317,0,730
326370.327997,378214.392747,0,730
326345.552545,378116.504634,0,730
326496.847612,377999.211631,0,730
326471.317049,378060.412024,0,730
326377.757481,378009.638996,0,730
326392.220951,378036.03325,0,730
326357.738432,378004.603328,0,730
326425.315625,378086.282765,0,730
326338.587641,378223.022743,0,730
326332.956138,378265.271005,0,730
326334.94164,378054.83259,0,730
326358.920642,378069.609423,0,730
326365.343799,378211.876754,0,730
326319.821847,378103.920768,0,730
326512.861002,377991.071159,0,730
326483.158448,377973.731468,0,730
326485.545453,378015.481819,0,730
326341.082769,378118.213411,0,730
326444.660691,378028.431866,0,730
326499.711219,377990.899802,0,730
326290.894511,378055.692132,0,730
326339.47185,378250.503239,0,730
326405.170256,377999.194869,0,730
326379.19034,378102.162905,0,730
326388.268613,378162.278516,0,730
326470.354997,378062.353704,0,730
326470.70778,377979.185579,0,730
326333.005614,378291.616047,0,730
326358.495526,378060.649006,0,730
326385.910755,378058.816968,0,730
326410.689417,378093.279298,0,730
326402.106056,378042.61164,0,730
326393.304265,378010.026171,0,730
326468.797804,378037.570856,0,730
326431.554982,378064.021853,0,730
326421.645811,377976.159082,0,730
326316.379513,378281.790622,0,730
326421.191357,378039.951654,0,730
326423.685337,377998.971684,0,730
326365.558871,378257.538033,0,730
326308.750098,378111.696789,0,730
326370.978247,378118.045275,0,730
326408.83261,377967.10823,0,730
326325.887865,378194.229941,0,730
326392.501012,378153.453124,0,730
326343.408568,378278.142075,0,730
326463.140605,378059.980135,0,730
326355.446483,378096.023826,0,730
326336.293697,378195.747786,0,730
326341.724779,378186.183997,0,730
326369.065004,378121.230348,0,730
326318.959596,378187.213797,0,730
326331.288829,378265.40675,0,730
326352.322727,378080.732717,0,730
326280.552883,378064.782088,0,730
326356.345941,378226.807819,0,730
326485.132053,378031.452735,0,730
326331.999646,378086.929708,0,730
326315.946833,378124.209643,0,730
326474.48351,377974.212227,0,730
326401.236873,378047.759391,0,730
326320.643653,378264.467992,0,730
326455.338519,378032.993286,0,730
326403.799795,378164.718397,0,730
326466.974167,378026.515644,0,730
326455.858711,378076.720597,0,730
326327.385402,378181.14557,0,730
326440.211431,377986.767914,0,730
326419.620489,377970.03956,0,730
326376.122998,378103.089373,0,730
326365.205579,378070.14085,0,730
326349.717752,378078.531936,0,730
326332.952788,378281.671416,0,730
326428.000531,377986.737434,0,730
326346.70371,378193.322842,0,730
326432.078781,378064.666777,0,730
326480.585044,378009.423975,0,730
326403.121538,377973.798024,0,730
326387.572037,378068.659522,0,730
326410.01579,377985.648788,0,730
326304.636666,378087.897094,0,730
326290.566787,378089.512367,0,730
326370.888567,378182.266914,0,730
326311.736818,378087.837644,0,730
326401.147551,378041.811194,0,730
326498.497072,378027.219576,0,730
326396.943162,377969.34993,0,730
326372.815628,378195.671469,0,730
326309.062338,378030.204229,0,730
326457.705972,378013.812425,0,730
326344.840966,378264.750457,0,730
326416.013637,378023.766056,0,730
326345.891947,378123.664683,0,730
326453.78788,378049.791065,0,730
326334.864886,378234.547154,0,730
326370.873079,377984.482414,0,730
326437.950777,378100.462878,0,730
326326.671883,378188.257414,0,730
326331.692752,378177.484398,0,730
326387.247456,378115.207517,0,730
326510.446783,377973.901807,0,730
326343.11419,378226.868722,0,730
326371.974165,378161.117315,0,730
326374.557865,378183.704561,0,730
326355.152529,377998.48611,0,730
326365.078528,378001.971932,0,730
326416.625818,378130.197607,0,730
326443.431866,378077.915241,0,730
326449.874457,378039.204071,0,730
326365.237258,378195.413965,0,730
326487.857821,378031.150581,0,730
326355.77203,378058.697837,0,730
326313.552232,378313.086205,0,730
326356.865713,378171.142803,0,730
326302.300582,378028.260051,0,730
326305.568456,378059.490485,0,730
326420.309295,377972.123302,0,730
326320.100479,378109.221884,0,730
326321.537847,378057.206716,0,730
326324.072104,378100.441873,0,730
326364.65731,378004.164913,0,730
326315.797887,378098.313919,0,730
326376.603382,378017.799644,0,730
326364.071847,378251.119724,0,730
326471.13531,377982.57721,0,730
326295.917247,378054.848866,0,730
326342.87695,378240.867524,0,730
326342.766415,378113.311557,0,730
326380.392313,378130.479949,0,730
326364.239949,378152.701457,0,730
326420.23977,377992.690544,0,730
326415.994089,378102.956793,0,730
326428.862023,378098.157283,0,730
326328.16203,378238.388912,0,730
326328.727927,378050.493994,0,730
326300.718728,378062.971923,0,730
326304.585094,378096.662332,0,730
326479.448393,377994.282276,0,730
326387.371921,378200.312874,0,730
326390.501179,378146.338239,0,730
326367.528572,378190.573095,0,730
326344.281376,378100.59673,0,730
326315.536984,378140.36129,0,730
326398.401426,378086.833218,0,730
326307.190312,378029.454022,0,730
326404.913082,377975.322362,0,730
326498.092259,377987.138887,0,730
326304.584071,378031.377879,0,730
326481.051843,378001.540428,0,730
326394.420843,378007.67273,0,730
326424.075704,378065.90365,0,730
326319.721666,378139.709403,0,730
326503.605729,377975.689878,0,730
326379.635672,378009.219329,0,730
326346.243812,378059.333803,0,730
326393.827742,378154.947483,0,730
326354.584639,378100.847443,0,730
326408.101224,377968.621557,0,730
326339.437981,378153.165724,0,730
326414.235235,378138.610206,0,730
326355.142216,378261.635149,0,730
326467.176135,377978.045332,0,730
326354.744903,378092.255411,0,730
326406.959594,378122.508406,0,730
326429.138605,377973.948094,0,730
326298.298177,378099.924379,0,730
326368.748973,378178.913808,0,730
326327.559599,378303.934093,0,730
326399.608421,377972.900519,0,730
326382.300939,378097.578735,0,730
326474.98499,377993.612755,0,730
326321.322683,378061.173042,0,730
326420.679194,377969.18624,0,730
326398.951068,377964.526383,0,730
326272.415001,378099.630169,0,730
326498.739217,378031.370901,0,730
326463.442685,378006.46657,0,730
326386.524608,377964.20192,0,730
326448.538316,377997.754,0,730
326394.894137,378173.459193,0,730
326319.483177,378141.853687,0,730
326451.491787,378013.866608,0,730
326381.675771,378082.122613,0,730
326337.70797,378188.075501,0,730
326324.237051,378272.155896,0,730
326375.97077,378228.462269,0,730
326375.725832,378154.792476,0,730
326374.12268,378178.347288,0,730
326466.385507,378043.979949,0,730
326350.389699,378093.98392,0,730
326427.157585,377978.335753,0,730
326347.549023,378184.81885,0,730
326371.621455,378181.153146,0,730
326417.996519,378068.248743,0,730
326370.116079,378225.636739,0,730
326455.640084,378088.577431,0,730
326406.424497,377986.28874,0,730
326390.68561,377975.022777,0,730
326407.1812,378113.475415,0,730
326373.734932,378146.388661,0,730
326383.92846,378231.077825,0,730
326403.178385,378158.994795,0,730
326470.29973,377986.552676,0,730
326378.837268,378161.684059,0,730
326373.324976,378219.373253,0,730
326428.926092,378046.664422,0,730
326414.271665,378092.311665,0,730
326358.40014,378007.042807,0,730
326311.611394,378308.380101,0,730
326426.303385,378083.339926,0,730
326319.804871,378125.915476,0,730
326367.801805,378139.53042,0,730
326332.691964,378114.577418,0,730
326357.941966,378196.615298,0,730
326332.460528,378020.125264,0,730
326473.342564,378009.048036,0,730
326434.581514,378073.549413,0,730
326347.151473,378009.400678,0,730
326395.820293,378113.513724,0,730
326395.518244,378155.027371,0,730
326398.298045,377998.468958,0,730
326364.859469,377997.298535,0,730
326343.174594,378224.443656,0,730
326314.412133,378143.66327,0,730
326413.147532,378034.800335,0,730
326322.45875,378301.269048,0,730
326345.496271,378154.69075,0,730
326310.377614,378080.58883,0,730
326409.007728,378001.763147,0,730
326429.944464,378073.030525,0,730
326289.153155,378105.871684,0,730
326409.150894,378065.096418,0,730
326353.210745,378144.558321,0,730
326361.506983,378230.253294,0,730
326422.047461,378030.306431,0,730
326354.169619,378032.871476,0,730
326375.402331,378037.164959,0,730
326396.76115,378154.334535,0,730
326418.433648,378078.047844,0,730
326366.901065,378173.077964,0,730
326422.385938,378056.476007,0,730
326356.139871,377979.631198,0,730
326344.63528,378026.712747,0,730
326416.351073,378054.171871,0,730
326367.733269,378014.030644,0,730
326294.987396,378103.949543,0,730
326297.253178,378084.790659,0,730
326380.674191,378204.090312,0,730
326411.27144,378042.632089,0,730
326398.35585,378074.705924,0,730
326459.966807,378022.014248,0,730
326381.834362,378223.574856,0,730
326461.867346,378041.458559,0,730
326390.382132,378168.318529,0,730
326385.62795,378137.254038,0,730
326380.38391,378042.892419,0,730
326450.227003,378016.700383,0,730
326437.840326,378019.541907,0,730
326400.612153,378048.344782,0,730
326313.246589,378151.659263,0,730
326355.771326,378171.14119,0,730
326502.015322,377983.076743,0,730
326405.682404,378015.735694,0,730
326359.752305,378225.636603,0,730
326423.884773,378057.783085,0,730
326509.5588,378002.45366,0,730
326344.313737,378056.312682,0,730
326360.796628,378109.595032,0,730
326428.846579,378083.801906,0,730
326485.319648,378004.093888,0,730
326324.569342,378210.155796,0,730
326471.540889,378051.724873,0,730
326315.887068,378163.103011,0,730
326480.436669,378007.178242,0,730
326499.664388,377976.100824,0,730
326364.12722,378205.780058,0,730
326469.956158,377977.465367,0,730
326350.120022,378160.945656,0,730
326354.550025,378151.85472,0,730
326348.454265,378154.362866,0,730
326505.533008,378007.61047,0,730
326507.065985,378036.459135,0,730
326298.132858,378101.286471,0,730
326356.728789,378144.388802,0,730
326325.392583,378110.998901,0,730
326327.619976,378292.265091,0,730
326397.095786,378120.03358,0,730
326340.029739,378072.007508,0,730
326375.981544,377978.360605,0,730
326378.378476,378021.437705,0,730
326379.12886,378171.179234,0,730
326472.884079,378052.537905,0,730
326349.901629,378248.409729,0,730
326325.107489,378195.011478,0,730
326392.289246,378167.825717,0,730
326477.548409,378058.416628,0,730
326314.536732,378300.19069,0,730
326377.454358,377987.608797,0,730
326283.66713,378081.646093,0,730
326387.940225,378032.014627,0,730
326460.248262,378020.12693,0,730
326276.66244,378086.285525,0,730
326432.010168,377987.839355,0,730
326386.112266,378139.465916,0,730
326356.170849,378228.184949,0,730
326386.651375,377999.125477,0,730
326319.578716,378124.492945,0,730
326496.589475,378027.582953,0,730
326381.648925,377988.000742,0,730
326350.333303,378009.114307,0,730
326323.461363,378032.306924,0,730
326338.211978,378156.655866,0,730
326277.456974,378069.809412,0,730
326509.261235,378017.131636,0,730
326493.838583,377993.493141,0,730
326348.114489,378181.015352,22,730
326468.467517,378063.989228,24,730
326442.614513,377993.201172,25,730
326324.546729,378190.753202,37,730
326374.434886,378059.513284,38,730
326337.130326,378126.382231,106,730
326447.068753,378084.266086,107,730
326359.733448,378129.924795,166,730
326336.168523,378297.983352,167,730
326343.163279,378079.77671,226,730
326448.645115,378073.514626,239,730
326353.633911,378025.119695,255,730
326382.953326,378031.418795,266,730
326336.168523,378297.983352,275,730
326318.376344,378090.941687,329,730
326436.111738,377996.542242,340,730
326493.200051,377985.946261,358,730
326326.428356,378229.692916,360,730
326394.461301,378141.421782,371,730
326336.168523,378297.983352,422,730
326314.14016,378051.950833,451,730
326339.211469,378249.111442,458,730
326354.818846,378115.120666,471,730
326358.355886,378059.507938,497,730
326470.335843,378070.54973,509,730
326382.953326,378031.418795,517,730
326281.683015,378087.467916,541,730
326350.683593,378271.29522,542,730
326447.068753,378084.266086,545,730
326486.129841,378034.301333,550,730
326469.085828,378041.8857,557,730
326336.168523,378297.983352,584,730
326427.324045,378009.18473,592,730
326330.733384,378145.744899,621,730
326382.869871,377960.869231,638,730
326427.324045,378009.18473,660,730
326434.574713,377987.652008,669,730
326392.486254,377977.41162,693,730
