332284.536559,382923.502835,0,730
331829.329909,382824.677171,0,730
332195.333551,382745.43491,0,730
332342.373897,383002.647097,0,730
332068.080284,382648.203885,0,730
332038.658693,382715.219982,0,730
332380.908256,382946.156777,0,730
332423.674614,382835.513162,0,730
332117.022413,382722.128136,0,730
332064.696802,382919.90937,0,730
332207.546246,382901.410902,0,730
331809.063377,382716.530476,0,730
332119.380129,382888.068938,0,730
332180.033483,382906.446639,0,730
331937.912826,382838.059411,0,730
332342.632348,382863.185617,0,730
331820.180454,382746.198936,0,730
331973.221796,382877.172975,0,730
331850.814719,382837.631798,0,730
332183.851287,382885.990398,0,730
331842.593665,382599.236393,0,730
332014.899342,382648.215615,0,730
332091.660063,382745.296351,0,730
332369.626923,382921.142509,0,730
332148.950217,382933.202805,0,730
332326.584314,382816.298385,0,730
332131.324512,382683.855355,0,730
331581.424112,382692.003561,0,730
332321.568397,382778.141393,0,730
332254.60057,382885.0512,0,730
332182.327435,382728.893283,0,730
332230.495735,382704.57244,0,730
332210.983911,382951.632848,0,730
331753.890253,382561.816152,0,730
331854.113924,382727.521655,0,730
332263.407795,382910.416466,0,730
332194.520909,382830.24808,0,730
332289.108777,382990.91428,0,730
331891.79835,382783.796143,0,730
332072.444642,382900.550533,0,730
331691.283711,382548.392985,0,730
331683.559803,382631.112343,0,730
331977.790814,382747.482031,0,730
332225.214715,382935.887563,0,730
332288.027921,382823.189963,0,730
332249.193524,382935.825416,0,730
332142.890494,382675.309415,0,730
332263.767325,382852.96155,0,730
332113.236202,382904.875901,0,730
331833.165934,382637.560897,0,730
332221.686459,382749.88388,0,730
331622.264334,382708.338161,0,730
331983.28261,382642.086917,0,730
331591.02818,382519.843931,0,730
331846.489591,382698.593043,0,730
332416.499027,382843.2295,0,730
331805.554886,382664.117386,0,730
332362.467376,382747.919659,0,730
332306.833131,382821.185726,0,730
332288.832651,382959.578036,0,730
331859.958582,382611.135711,0,730
332265.133618,382827.061868,0,730
331881.224306,382616.954246,0,730
332363.080779,382913.209699,0,730
331866.798776,382719.749981,0,730
332144.075276,382804.875305,0,730
331975.011352,382789.358851,0,730
331664.72039,382545.431061,0,730
332368.640605,383004.75569,0,730
332394.103359,383002.740451,0,730
331862.245483,382768.09419,0,730
331843.784817,382740.331822,0,730
332303.876004,382991.386249,0,730
331808.638424,382805.626217,0,730
332362.997086,382836.339858,0,730
332169.596635,382877.878267,0,730
332417.119504,382908.595579,0,730
331755.63319,382804.347558,0,730
331631.039374,382541.781046,0,730
331983.356663,382887.451047,0,730
332106.51226,382798.668196,0,730
332041.13062,382885.770179,0,730
332022.963308,382800.25757,0,730
332113.842153,382821.721171,0,730
331960.831641,382880.449537,0,730
331854.121797,382613.082672,0,730
331611.365402,382618.783743,0,730
332310.304651,382776.889428,0,730
332251.596773,382736.503563,0,730
332217.482863,382822.189161,0,730
331990.310213,382866.597951,0,730
331767.114928,382767.69581,0,730
332132.516113,382691.312311,0,730
332289.446388,382796.102185,0,730
332418.274081,382969.416967,0,730
332206.499612,382768.109569,0,730
332448.395235,382903.093946,0,730
331884.038282,382808.148988,0,730
332014.860667,382816.134585,0,730
332244.416215,382877.818602,0,730
331942.643315,382690.992541,0,730
332101.247856,382665.398873,0,730
332354.313759,382816.164277,0,730
331823.611549,382788.40053,0,730
331928.761299,382869.455592,0,730
332362.017282,382776.216941,0,730
331998.183469,382760.47021,0,730
331911.78425,382778.185488,0,730
332261.179184,382982.365658,0,730
332156.172247,382895.835085,0,730
332095.187648,382677.34552,0,730
331583.950903,382691.104876,0,730
331971.28999,382804.878276,0,730
332010.532851,382796.368775,0,730
332436.133583,382933.196884,0,730
331950.980648,382784.332368,0,730
331736.481814,382615.693542,0,730
332231.124707,382733.109865,0,730
331936.991764,382748.015901,0,730
331648.025433,382669.346998,0,730
332454.029649,382898.169081,0,730
332174.989243,382875.844692,0,730
331922.748577,382633.63889,0,730
331912.651745,382699.75512,0,730
332429.120948,382827.836018,0,730
332266.409325,382973.463342,0,730
332177.95801,382750.072271,0,730
332113.617642,382697.071227,0,730
331749.027165,382661.27654,0,730
331908.051117,382742.734075,0,730
332171.355569,382914.301836,0,730
331823.887111,382776.603811,0,730
332142.597293,382829.694619,0,730
331548.788369,382671.285693,0,730
332302.918505,382943.042812,0,730
332200.091295,382854.111451,0,730
331583.783955,382679.754192,0,730
332405.237508,382819.213878,0,730
331653.273606,382722.150524,0,730
332038.428969,382702.040282,0,730
331724.239883,382626.023699,0,730
332201.109905,382819.152502,0,730
332005.082862,382847.797949,0,730
331895.309829,382795.562324,0,730
331560.701259,382670.197128,0,730
331986.227726,382680.215594,0,730
332068.821932,382850.607623,0,730
332206.944988,382916.815065,0,730
331747.855213,382672.197134,0,730
331916.075921,382620.520211,0,730
331837.144937,382833.927646,0,730
332317.130079,382733.501073,0,730
331614.013918,382650.667567,0,730
332389.050569,382899.14478,0,730
332182.867541,382792.473416,0,730
331997.284073,382732.507715,0,730
332468.674868,382789.722245,0,730
331583.634563,382596.450241,0,730
332123.791373,382894.0048,0,730
331848.044888,382601.240289,0,730
332004.124859,382723.647463,0,730
331861.583411,382632.99682,0,730
332127.139656,382683.656435,0,730
332069.896163,382848.11526,0,730
332161.442571,382738.835916,0,730
331702.255314,382630.296456,0,730
331783.80451,382651.060691,0,730
332127.144446,382709.212283,0,730
332159.023898,382848.26752,0,730
331693.547002,382580.656518,0,730
332324.524149,382747.966213,0,730
332173.838567,382856.673742,0,730
331869.279769,382846.653939,0,730
331757.293256,382784.946099,0,730
332212.278311,382750.257193,0,730
331920.106155,382782.824891,0,730
332426.248317,382943.963596,0,730
332052.922941,382796.571922,0,730
331658.517328,382593.388094,0,730
331786.06907,382590.339448,0,730
332107.570531,382857.020099,0,730
332272.454028,382786.27029,0,730
332116.316312,382692.495713,0,730
332010.507353,382649.796555,0,730
332115.499769,382858.05748,0,730
332351.233038,383000.337659,0,730
331629.100934,382689.369713,0,730
331761.179699,382690.348799,0,730
332322.040274,382889.003222,0,730
331969.913616,382657.85775,0,730
332134.029798,382836.726665,0,730
331863.483059,382833.580073,0,730
332075.206593,382903.898529,0,730
331701.128183,382557.358925,0,730
332185.189979,382737.585686,0,730
332061.098363,382745.493703,0,730
332052.468722,382737.862733,0,730
332078.845377,382840.460937,0,730
332168.218764,382712.617543,0,730
331751.575851,382675.512148,0,730
332105.482836,382893.763537,0,730
331894.792745,382640.052618,0,730
332323.355964,382792.513364,0,730
331880.495043,382659.008354,0,730
331573.478238,382660.657171,0,730
332288.385378,382938.507122,0,730
331751.236149,382802.790237,0,730
331790.182171,382606.427857,0,730
331885.672606,382722.11355,0,730
332179.598776,382890.106346,0,730
332379.289611,382928.90508,0,730
331757.619847,382682.3633,0,730
332285.382312,382854.049403,0,730
331603.660163,382703.272654,0,730
332304.118341,382991.783754,0,730
331787.830881,382815.244671,0,730
332164.27198,382869.600981,0,730
331913.674972,382827.583449,0,730
331901.141395,382849.137742,0,730
331553.863418,382669.149968,0,730
332373.99464,382932.224976,0,730
332281.818493,382847.07859,0,730
331617.16433,382651.796105,0,730
331937.271709,382820.335231,0,730
332434.459533,382878.033512,0,730
331840.04958,382693.494165,0,730
332111.939653,382936.56112,0,730
331967.698819,382669.379204,0,730
332036.908044,382807.05867,0,730
332133.639443,382866.777051,0,730
332078.331344,382892.866202,0,730
332418.336777,382976.830898,0,730
331558.38633,382682.770604,0,730
331796.245555,382602.72494,0,730
332227.044835,382937.270435,0,730
332419.215405,382803.173154,0,730
332118.682064,382918.795605,0,730
332245.872795,382795.735335,0,730
332288.429545,382896.352829,0,730
332379.78317,382958.915759,0,730
332407.8059,382900.789222,0,730
332393.4282,382876.800317,0,730
331611.129469,382577.029211,0,730
332266.048123,382727.459642,0,730
332048.635338,382648.592398,0,730
331993.214452,382871.179541,0,730
332193.557676,382714.357018,0,730
332437.222338,382856.25564,0,730
331785.07325,382788.693493,0,730
332243.033115,382784.173969,0,730
332096.505001,382695.010983,0,730
331658.962779,382658.106826,0,730
332161.880809,382866.410239,0,730
331603.876083,382506.86905,0,730
332151.477165,382865.489873,0,730
332023.880108,382715.019127,0,730
332064.029328,382909.962499,0,730
331900.690503,382809.26292,0,730
331882.254501,382665.044339,0,730
331993.252391,382812.127461,0,730
331712.896399,382600.802265,0,730
332384.200269,383008.195245,0,730
332312.789512,382953.748432,0,730
331793.532806,382774.673235,0,730
331853.400139,382647.316664,0,730
332117.195724,382734.353801,0,730
332111.766596,382774.310587,0,730
332458.669862,382878.816628,0,730
332325.717122,382785.374645,0,730
331624.90775,382612.301435,0,730
332257.648703,382863.059706,0,730
331678.798873,382619.270781,0,730
331992.680935,382739.213335,0,730
332424.482749,382949.913538,0,730
331644.009021,382605.464356,0,730
331978.106537,382757.178802,0,730
331921.621147,382783.132898,0,730
331832.40398,382713.762244,0,730
331885.757674,382655.300966,0,730
332409.196169,382840.39079,0,730
332304.718202,382901.535789,0,730
331625.428239,382662.054526,0,730
331853.435434,382591.382175,0,730
332270.103526,382952.088633,0,730
332332.429438,382829.511371,0,730
332091.78743,382865.498588,0,730
331855.726691,382619.875623,0,730
332476.479577,382771.987688,0,730
331674.883071,382629.193027,0,730
332407.097877,382770.232089,0,730
331725.535941,382660.882784,0,730
332251.58019,382712.730356,0,730
331579.304982,382614.078115,0,730
332043.231783,382746.382635,0,730
332345.22211,382832.681916,0,730
331930.107253,382676.474875,0,730
332334.936919,382928.949998,0,730
332117.430443,382847.669056,0,730
332318.553812,382795.899733,0,730
332023.619648,382718.761732,0,730
331838.217336,382635.724347,0,730
332181.381527,382851.443153,0,730
332440.764409,382803.010098,0,730
332284.054759,382784.260111,0,730
331992.790153,382723.329487,0,730
331999.018141,382823.470786,0,730
332208.821636,382901.503515,0,730
332176.041778,382710.73842,0,730
332357.070213,382962.292471,0,730
332310.948892,382786.146191,0,730
331866.238068,382712.479824,0,730
331809.32653,382596.000656,0,730
331743.708497,382598.139234,0,730
332178.817235,382695.71364,0,730
332131.378622,382779.84831,0,730
331877.933556,382760.07108,0,730
331956.560684,382657.6293,0,730
331624.487995,382644.575795,0,730
331990.019891,382785.28238,0,730
331770.410731,382615.070835,0,730
332096.706382,382855.751112,0,730
331747.789616,382558.900491,0,730
331769.752116,382799.194777,0,730
332366.469852,382969.102135,0,730
331654.831104,382551.516149,0,730
332004.834398,382744.2956,0,730
332060.914901,382809.508283,0,730
332283.244318,382876.020782,0,730
332431.871466,382763.933409,0,730
332107.277202,382717.317204,0,730
331852.938031,382677.794544,0,730
332031.63632,382706.231983,0,730
331886.165552,382730.882288,0,730
332120.082083,382763.904272,0,730
331760.784588,382552.775305,0,730
332300.564317,382887.958732,0,730
332251.967261,382975.274933,0,730
332334.753302,382796.688358,0,730
331918.423093,382864.103369,0,730
331709.41799,382641.765144,0,730
331999.557172,382786.685498,0,730
332117.045081,382916.655004,0,730
331890.133678,382768.437482,0,730
332088.641411,382835.144383,0,730
331585.906523,382530.005474,0,730
332056.998861,382673.272823,0,730
332169.739611,382732.167449,0,730
332260.095823,382882.550529,0,730
332316.061339,382802.880628,0,730
331776.660999,382727.950528,0,730
332272.200721,382933.667707,0,730
332303.577584,382866.561762,0,730
332027.727858,382774.981071,0,730
331939.828482,382837.567317,0,730
332189.657558,382710.02426,0,730
331795.89887,382700.154556,0,730
331737.929572,382812.275933,0,730
331568.751022,382653.253015,0,730
331696.313809,382664.57066,0,730
332345.523626,382807.242404,0,730
332019.62367,382677.215473,0,730
331874.100331,382724.888529,0,730
332232.451344,382944.874167,0,730
331996.520318,382663.574366,0,730
331731.227267,382810.231535,0,730
331980.620708,382710.811389,0,730
331880.939444,382803.489792,0,730
332290.036019,382863.541229,0,730
332191.604021,382832.227525,0,730
332291.670826,382852.746809,0,730
331620.400802,382598.571073,0,730
332304.087209,382886.343871,0,730
332345.770647,382855.888458,0,730
332203.35161,382883.694642,0,730
331786.849464,382590.206176,0,730
332242.196608,382792.648042,0,730
331628.386826,382717.870912,0,730
332416.220677,382890.829301,0,730
331863.487363,382793.316368,0,730
331579.204169,382522.333117,0,730
332182.353145,382884.668744,0,730
332053.91884,382752.805743,0,730
331672.599446,382593.581009,0,730
332069.144443,382726.989813,0,730
332488.857056,382817.032265,0,730
332293.81906,382893.66749,0,730
331984.643813,382624.326884,0,730
332136.14072,382923.683952,0,730
331953.851698,382832.706229,0,730
332286.105713,382809.593232,0,730
331971.865247,382806.497754,0,730
332222.417819,382873.467989,0,730
332060.905745,382656.755057,0,730
332014.25767,382842.652808,0,730
332306.861967,382977.880652,0,730
331786.156228,382659.567192,0,730
332439.908952,382857.967236,0,730
331992.833787,382746.662962,0,730
332062.33155,382766.691721,0,730
331661.492033,382519.812224,0,730
331812.869459,382593.947012,0,730
331816.830608,382813.080245,0,730
332126.54545,382901.523076,0,730
332119.509885,382795.315733,0,730
332419.888211,382916.041541,0,730
331596.110529,382526.748,0,730
332333.966853,382819.985697,0,730
332383.038434,382862.45371,0,730
331959.450893,382807.529235,0,730
331829.975231,382679.658146,0,730
332022.521053,382709.468801,0,730
332400.627338,382842.083502,0,730
331674.981091,382638.112096,0,730
331718.787277,382639.595303,0,730
331592.582576,382602.24599,0,730
332068.447054,382737.26831,0,730
331738.97789,382676.176443,0,730
332101.977952,382885.725312,0,730
332092.603238,382663.500294,0,730
332350.124009,382831.705094,0,730
331906.046261,382797.696308,0,730
331574.810639,382634.861329,0,730
332451.699465,382902.95114,0,730
332430.344674,382884.682391,0,730
331781.828976,382641.739508,0,730
332275.800027,382823.53602,0,730
332234.990434,382822.171951,0,730
331825.506592,382722.615896,0,730
331910.896676,382779.650591,0,730
332132.529515,382837.299568,0,730
332262.405859,382935.969828,0,730
331749.648766,382663.823856,0,730
331767.251987,382675.114894,0,730
331759.06979,382551.185747,0,730
332274.74175,382728.055867,0,730
331636.889133,382526.552569,0,730
332195.683556,382897.827224,0,730
331797.405314,382758.140512,0,730
332245.168828,382890.627152,0,730
331828.507579,382609.152881,0,730
331749.683659,382790.467781,0,730
332235.368747,382717.432823,0,730
331810.105892,382670.539949,0,730
332234.761852,382883.29557,0,730
332265.931364,382839.856362,0,730
331839.694758,382658.882342,0,730
331794.685623,382575.126234,0,730
331813.322464,382835.725036,0,730
331834.9187,382828.992185,0,730
332153.349626,382719.223259,0,730
332161.220374,382902.152486,0,730
331578.599682,382569.77121,0,730
332212.066827,382714.18074,0,730
331591.957802,382614.35899,0,730
331941.618106,382782.393475,0,730
332446.922233,382852.318981,0,730
331784.833634,382663.870789,0,730
331734.370302,382684.744464,0,730
331885.941778,382790.224746,0,730
331693.697091,382644.61363,0,730
331732.258429,382628.456577,0,730
332153.052682,382805.675246,0,730
331802.870026,382636.278042,0,730
332189.377809,382734.240796,0,730
332269.160391,382841.824364,0,730
331630.293055,382527.779786,0,730
331975.122559,382760.60459,0,730
331945.756449,382612.913769,0,730
331713.655816,382661.772071,0,730
332341.123077,382890.661057,0,730
332089.476914,382888.083289,0,730
332433.219575,382847.196767,0,730
332285.292907,382838.096111,0,730
332136.861134,382732.784453,0,730
332037.383887,382883.023977,0,730
332316.344472,382901.73067,0,730
331967.664212,382770.139354,0,730
332344.05037,382819.479492,0,730
331982.611266,382720.357626,0,730
332320.796916,382971.448585,0,730
332210.937144,382770.349281,0,730
331583.400217,382521.025839,0,730
332204.144668,382707.210415,0,730
331783.915503,382597.585282,0,730
331731.343671,382603.144788,0,730
332140.939854,382700.960967,0,730
332243.671378,382704.327622,0,730
331719.577145,382576.641605,0,730
332286.648544,382810.076378,0,730
332255.15126,382841.818531,0,730
332060.774987,382851.897726,0,730
331966.990321,382890.146127,0,730
331741.371262,382564.808347,0,730
331764.777254,382722.368721,0,730
332302.063641,382719.416145,0,730
332306.057645,382916.621314,0,730
332384.908588,382887.165688,0,730
332318.562689,382810.648467,0,730
332185.314607,382765.726057,0,730
331956.343832,382627.29616,0,730
332071.718019,382664.192785,0,730
332183.392169,382711.667029,0,730
332016.578948,382787.129721,0,730
331643.202938,382530.319246,0,730
331941.399149,382720.832286,0,730
332316.051852,382869.505396,0,730
331944.672591,382689.974392,0,730
332062.080534,382743.427481,0,730
331761.255752,382621.406326,0,730
332046.178108,382777.983004,0,730
331951.612987,382872.353967,0,730
332104.984605,382883.820405,0,730
332390.119063,383017.2186,0,730
331841.367445,382578.459159,0,730
332389.48279,382814.472941,0,730
331798.754511,382663.100322,0,730
332061.332734,382751.093029,0,730
332071.326939,382884.180455,0,730
332222.058877,382899.88503,0,730
331729.16831,382567.916912,0,730
332341.882941,382904.556052,0,730
332237.568178,382730.114231,0,730
332046.81149,382812.3092,0,730
332257.837712,382781.986315,0,730
331670.742704,382666.016272,0,730
332254.53167,382840.069256,0,730
332380.462674,382985.427711,0,730
331906.02652,382596.237383,0,730
331945.614492,382758.313901,0,730
332153.671314,382910.922154,0,730
332144.9742,382710.124959,0,730
332382.641265,383018.475121,0,730
331996.433298,382868.628988,0,730
331766.198516,382766.93136,0,730
332367.518739,382956.23083,0,730
332426.433709,382874.381567,0,730
331751.078663,382555.454549,0,730
331843.876266,382644.622691,0,730
332199.769474,382926.046107,0,730
332004.577618,382629.589686,0,730
331980.840139,382662.546937,0,730
331767.871156,382799.294888,0,730
331765.969516,382751.804232,0,730
331832.617176,382764.272728,0,730
332013.562303,382637.660963,0,730
332241.324348,382776.089192,0,730
332269.543968,382822.96407,0,730
332238.531736,382923.635696,0,730
332120.607214,382765.528275,0,730
332118.210692,382723.840901,0,730
332271.664419,382955.294072,0,730
332210.949317,382749.637126,0,730
331651.422547,382546.187662,0,730
332411.058539,382986.184314,0,730
332100.367827,382731.466287,0,730
332098.148739,382868.849061,0,730
332272.812728,382782.649848,0,730
331756.521874,382572.387123,0,730
331624.82334,382660.234491,0,730
331608.754535,382706.746482,0,730
331875.118995,382754.478033,0,730
332190.742127,382807.266295,0,730
331960.27465,382810.673619,0,730
332282.363532,382980.729956,0,730
332257.148834,382802.101106,0,730
332038.943163,382751.696387,0,730
332296.900765,382974.155564,0,730
332397.479425,382813.310654,0,730
332147.619316,382798.42387,0,730
332005.581118,382720.773288,0,730
332174.15647,382952.107358,0,730
331921.585339,382635.848369,0,730
332328.015079,382977.373085,0,730
331858.800521,382714.723537,0,730
332446.333126,382877.803325,0,730
331866.697511,382830.977104,0,730
331782.388049,382743.73285,0,730
331652.748293,382606.812039,0,730
331895.160713,382706.310214,0,730
332243.952572,382863.051269,0,730
332137.205576,382829.008283,0,730
331989.271119,382751.473941,0,730
332128.405199,382882.326171,0,730
332159.761969,382915.536176,0,730
332432.606151,382766.892906,0,730
332104.716382,382868.011035,0,730
332189.876938,382710.788964,0,730
332386.650478,382854.376287,0,730
331855.871143,382724.849317,0,730
332135.357931,382926.298083,0,730
331536.661797,382678.666551,0,730
332310.406826,382949.549147,0,730
332087.039309,382663.674428,0,730
331699.290361,382539.573878,0,730
332420.859565,382963.990598,0,730
331552.769657,382689.027953,0,730
332352.982535,382821.442789,0,730
332286.670728,382873.518495,0,730
332026.363584,382767.889068,0,730
331846.844706,382801.775061,0,730
331561.900643,382651.127312,0,730
331825.699181,382799.787611,0,730
331720.252245,382547.717694,0,730
332364.341166,382960.241682,0,730
331815.066087,382626.469878,0,730
332385.274809,382787.793114,0,730
331933.881511,382838.428348,0,730
332073.295491,382868.521307,0,730
331953.344659,382743.734168,0,730
331742.344757,382658.91626,0,730
331986.648835,382714.237783,0,730
331795.476033,382684.356104,0,730
332256.646906,382801.389488,0,730
332075.262349,382650.568317,0,730
332331.249994,382905.805927,0,730
332025.127583,382671.544732,0,730
332098.114683,382789.613123,0,730
331908.651457,382675.794414,0,730
332120.29728,382834.851716,0,730
332420.15583,382776.147776,0,730
331751.535864,382679.111066,0,730
332321.494482,382900.950645,0,730
332170.465205,382867.94545,0,730
332252.218747,382759.408602,0,730
331909.887087,382831.896019,0,730
332160.449791,382951.374393,0,730
331899.907671,382743.211093,0,730
331640.141209,382707.11973,0,730
332011.085514,382882.266388,0,730
331892.406853,382828.252574,0,730
331935.925942,382695.21506,0,730
331984.607433,382789.794493,0,730
332008.981528,382835.510402,0,730
332242.806426,382903.258217,0,730
332363.15337,382777.651903,0,730
332224.088745,382741.773403,0,730
331887.05087,382741.149521,0,730
332274.561474,382720.6696,0,730
331910.088977,382597.870268,0,730
332301.642879,382963.424179,0,730
332091.529487,382715.896478,0,730
332431.023385,382769.9323,0,730
331793.786886,382788.522058,0,730
331716.359861,382625.649019,0,730
331714.964626,382556.62806,0,730
331698.411586,382651.043353,0,730
331607.803092,382605.066951,0,730
331861.663675,382761.908856,0,730
332335.834604,382873.111922,0,730
332386.50154,382995.716168,0,730
332132.961716,382879.874881,0,730
331898.67846,382775.902688,0,730
331786.988396,382755.401924,0,730
331863.341907,382703.701273,0,730
332398.992026,382780.049076,0,730
331560.520679,382686.877237,0,730
331818.063935,382656.959923,0,730
331847.64585,382734.318091,0,730
332466.411764,382869.80584,0,730
331833.418293,382760.015963,0,730
332191.081816,382911.411637,0,730
331817.840772,382657.556689,0,730
332254.838353,382955.569075,0,730
331976.198501,382811.394269,0,730
331664.809943,382709.156308,0,730
332324.046432,382753.702818,0,730
332290.45011,382939.492449,0,730
332131.738724,382906.41627,0,730
332359.14452,382811.685917,0,730
332393.207453,382989.869866,0,730
332058.72137,382654.532546,0,730
331749.799352,382688.809277,0,730
331844.363164,382585.589298,0,730
332326.425738,382727.766156,0,730
331585.505527,382593.238426,0,730
331626.411749,382551.692966,0,730
332313.11849,382797.309328,0,730
331576.662376,382590.235587,0,730
332329.347987,382972.220545,0,730
332290.785674,382966.674902,0,730
332323.629237,382980.576558,0,730
332118.556199,382804.91168,0,730
332191.786678,382726.852007,0,730
331946.507271,382656.345284,0,730
332311.919059,382730.969971,0,730
331923.568562,382688.869819,0,730
331604.73241,382597.931911,0,730
332292.188814,382894.342793,0,730
332306.193632,382897.661508,0,730
331854.176741,382704.113044,0,730
332155.325201,382816.843017,0,730
331811.137577,382734.401304,0,730
331870.427238,382689.257477,0,730
331807.583134,382683.898624,0,730
331874.242017,382787.847889,0,730
332106.504056,382892.109874,0,730
332212.304326,382796.130934,0,730
332327.506385,382979.420889,0,730
332090.446668,382688.497572,0,730
331922.616831,382632.468155,0,730
331879.743659,382827.405655,0,730
332319.105122,382854.440624,0,730
332171.466734,382773.11557,0,730
332243.832357,382793.488738,0,730
332187.365204,382703.509898,0,730
332286.898579,382932.850917,0,730
332070.387525,382731.442752,0,730
332089.860635,382908.887236,0,730
331724.022852,382672.456238,0,730
331773.851997,382776.144832,0,730
331744.272033,382782.426101,0,730
332434.924632,382930.633416,0,730
332154.446093,382842.905011,0,730
331939.551503,382742.068624,0,730
331937.596585,382723.384869,0,730
332285.310619,382759.887311,0,730
331679.614519,382531.120593,0,730
331633.046221,382534.195867,0,730
331920.459897,382601.623619,0,730
332166.089969,382932.770159,0,730
332308.850678,382925.814845,0,730
331679.1804,382557.35219,0,730
331775.656503,382671.859724,0,730
331684.322799,382527.662064,0,730
332369.692382,382898.456435,0,730
331738.845739,382600.364137,0,730
332100.608994,382815.453474,0,730
331984.337976,382798.703044,0,730
331972.476847,382650.011254,0,730
332189.486865,382824.560024,0,730
332080.62858,382827.903223,0,730
332466.231851,382858.887287,0,730
332247.183168,382808.874478,0,730
331812.765528,382651.848897,0,730
332298.616714,382821.816236,0,730
332058.599448,382701.393102,0,730
331847.166724,382796.710826,0,730
331637.11415,382609.541909,0,730
332299.888019,382880.476484,0,730
332029.415187,382664.06009,0,730
332165.112934,382773.329396,0,730
331959.085021,382724.276068,0,730
331660.280894,382532.510783,0,730
332052.163726,382887.466629,0,730
331912.102153,382682.338042,0,730
332033.118463,382905.889047,0,730
332056.711479,382896.753061,0,730
332144.405283,382743.514539,0,730
331880.724522,382807.726219,0,730
331965.637601,382824.440067,0,730
331895.918206,382700.788858,0,730
332240.129967,382810.695464,0,730
332183.054547,382930.038769,0,730
331751.985247,382747.848162,0,730
331984.85427,382703.969753,0,730
331595.969139,382596.72836,0,730
331574.622132,382582.75632,0,730
331574.791749,382686.861834,0,730
332189.915321,382722.003196,0,730
332242.7104,382885.212427,0,730
331843.945941,382803.290185,0,730
331774.666023,382750.554723,0,730
331575.693124,382658.249432,0,730
332200.136408,382775.983566,0,730
332346.655123,382976.662012,0,730
332123.707742,382838.497827,0,730
332206.8747,382763.501701,0,730
331773.985252,382822.683189,0,730
331764.840517,382748.415131,0,730
331962.163024,382658.161113,0,730
332328.993644,382874.440948,0,730
331980.75867,382632.097715,0,730
331890.336174,382838.219661,0,730
331802.966547,382732.820738,0,730
331905.461643,382689.857911,0,730
331983.789978,382679.664404,0,730
331984.915037,382681.332655,0,730
332268.389516,382713.807445,0,730
331968.466064,382830.976395,0,730
332340.095721,382861.269426,0,730
331830.85651,382714.988182,0,730
332285.226075,382960.817034,0,730
332101.852262,382709.152988,0,730
331566.647422,382593.752929,0,730
332147.442491,382736.475902,0,730
331721.807314,382602.188251,0,730
332172.151275,382703.807468,0,730
331989.095549,382876.458767,0,730
332244.658398,382862.22651,0,730
331880.539828,382784.612666,0,730
331885.477662,382637.725343,0,730
331775.974541,382672.521616,0,730
331907.647568,382731.680965,0,730
331658.995649,382671.245316,0,730
331974.472888,382709.110278,0,730
332215.76806,382756.052656,0,730
332003.979492,382847.968191,0,730
331811.690281,382741.493006,0,730
332090.329253,382929.06851,0,730
331593.632711,382601.029797,0,730
331714.120507,382654.74922,0,730
331915.328423,382627.045651,0,730
331712.000067,382653.60345,0,730
331824.534396,382823.67888,0,730
332369.573529,382916.117041,0,730
332156.133706,382704.984834,0,730
332363.667822,382935.019559,0,730
331867.879476,382682.407277,0,730
332386.727992,382750.12967,0,730
332072.642236,382694.504844,0,730
331757.141018,382628.826592,0,730
331821.8881,382797.646728,0,730
331943.685088,382790.311678,0,730
332372.528777,382883.668544,0,730
331710.54438,382647.418429,0,730
332414.565822,382874.452374,0,730
332074.754769,382854.446385,0,730
331554.703218,382628.303963,0,730
331558.302967,382700.486032,0,730
332168.805878,382746.705596,0,730
331821.687186,382665.390088,0,730
331979.061739,382790.8536,0,730
331793.709484,382828.556727,0,730
332105.034163,382861.236754,0,730
331652.162571,382704.550657,0,730
332472.246357,382802.580266,0,730
332237.997977,382899.395821,0,730
331567.497353,382614.036854,0,730
332353.563637,382818.474901,0,730
331886.103177,382669.68072,0,730
332016.473972,382706.971764,0,730
332351.985838,382886.70616,0,730
331896.892218,382669.397342,0,730
331618.210942,382560.274957,0,730
331583.973773,382582.483263,0,730
332092.233905,382762.567021,0,730
332470.041092,382788.986519,0,730
332247.479269,382744.822362,0,730
332118.466717,382735.874864,0,730
331999.289009,382866.350691,0,730
331632.453653,382677.553548,0,730
332036.789603,382712.05152,0,730
331785.881031,382695.183409,0,730
331833.136609,382740.775335,0,730
331689.918653,382635.002094,0,730
332230.512022,382843.360008,0,730
332463.137021,382839.108243,0,730
332197.901196,382757.404766,0,730
332430.306786,382818.767587,0,730
332314.184097,382988.72333,0,730
332129.788787,382790.964928,0,730
332060.609994,382724.696114,0,730
331956.954555,382693.787914,0,730
332330.865839,382739.162453,0,730
332263.152796,382882.941,0,730
332319.200908,382862.715088,0,730
332151.008812,382891.981078,0,730
331769.776178,382791.097336,0,730
331804.690497,382576.147664,0,730
332051.288506,382839.44492,0,730
332111.45272,382693.994098,0,730
331906.399231,382741.19718,0,730
332406.903506,382875.195145,0,730
332197.884353,382790.851017,0,730
331882.861485,382608.487834,0,730
332216.634205,382914.07221,0,730
331818.708178,382764.606752,0,730
331750.138304,382786.218132,0,730
331664.965121,382637.462742,0,730
332104.769353,382864.094933,0,730
332357.791515,382912.023345,0,730
332323.73276,382876.725848,0,730
332389.437257,382906.028122,0,730
332303.982068,382894.660847,0,730
331612.151603,382689.335685,0,730
331817.956997,382622.593423,0,730
331892.576314,382657.085117,0,730
332030.176991,382733.334824,0,730
331900.152352,382594.875497,0,730
332187.953191,382727.384706,0,730
331726.887475,382617.956659,0,730
332179.209019,382941.55129,0,730
331990.533234,382635.624807,0,730
332191.769122,382810.591741,0,730
331968.929,382705.780101,0,730
332163.417431,382813.325519,0,730
332212.682806,382835.916498,0,730
332269.94007,382784.648417,0,730
332198.919939,382829.321189,0,730
332160.714009,382777.98047,0,730
332399.479137,382907.630753,0,730
332038.964365,382806.122751,0,730
332040.521272,382771.000559,0,730
332381.593734,382818.131681,0,730
332028.147651,382637.606954,0,730
331823.369156,382586.800591,0,730
332210.433692,382851.768702,0,730
331631.681447,382545.389591,0,730
331846.008209,382626.916527,0,730
332392.766668,382950.243745,0,730
331967.575984,382862.847038,0,730
331556.145256,382660.895708,0,730
331828.24839,382718.373005,0,730
332474.636522,382837.981421,0,730
332438.317921,382929.926784,0,730
332149.198705,382672.452771,0,730
332232.840755,382931.384096,0,730
332260.373774,382721.189063,0,730
331821.391104,382588.386601,0,730
332418.415456,382794.769572,0,730
331953.856231,382767.412037,0,730
331958.352199,382643.580673,0,730
332108.69138,382855.154397,0,730
332199.590359,382783.870696,0,730
332399.645253,382914.505338,0,730
332127.838201,382694.054096,0,730
331790.370919,382726.916991,0,730
332167.579159,382809.15938,0,730
332274.340133,382888.92342,0,730
332368.323104,382916.391867,0,730
332014.839129,382862.249829,0,730
332074.11706,382668.397324,0,730
332213.273271,382857.029047,0,730
332423.859905,382782.185011,0,730
332341.160558,382757.159465,0,730
332351.555285,382885.376379,0,730
332073.512613,382827.337673,0,730
332406.061876,382950.850491,0,730
332085.035936,382816.424422,0,730
332261.683207,382796.924228,0,730
332006.112336,382689.407092,0,730
331813.705578,382629.32377,0,730
331770.423242,382725.594396,0,730
332096.61702,382819.149307,0,730
331903.124628,382829.083844,0,730
332442.219757,382778.427938,0,730
331878.253305,382765.976814,0,730
331948.112922,382856.452595,0,730
331838.221384,382583.737781,0,730
331945.984523,382802.768974,0,730
331711.245254,382687.607469,0,730
331990.624873,382733.126992,0,730
332191.470094,382920.223182,0,730
332301.930987,382947.690831,0,730
331842.490838,382786.057889,0,730
331963.7293,382842.533228,0,730
332144.44172,382801.542309,0,730
332110.103461,382891.523403,0,730
331990.223347,382772.794505,0,730
331908.936791,382629.050336,0,730
332097.524746,382706.408957,0,730
332178.864653,382727.352829,0,730
331926.008196,382640.091039,0,730
331957.153998,382684.222904,0,730
332378.173226,382928.834886,0,730
331638.348225,382586.505006,0,730
332171.464998,382926.134773,0,730
332157.101828,382819.29998,0,730
331631.064275,382579.127079,0,730
332293.986916,382933.142393,0,730
331983.664309,382779.760086,0,730
331761.52572,382577.558669,0,730
332221.994007,382820.349529,0,730
332125.675947,382844.570297,0,730
331874.668059,382853.745287,0,730
332147.191326,382724.854717,0,730
332271.500138,382790.12395,0,730
331845.105851,382637.626328,0,730
332281.03153,382988.098282,0,730
332236.948272,382844.132601,0,730
332471.861678,382787.576192,0,730
332353.752335,382806.523524,0,730
332322.608266,382792.749811,0,730
331644.822669,382572.305732,0,730
332376.846894,382977.19674,0,730
332430.857721,382883.084873,0,730
332166.144189,382754.81689,0,730
331645.938833,382608.953401,0,730
332341.710153,382899.783916,0,730
332319.613395,382977.20364,0,730
331634.66172,382531.536079,0,730
332408.725004,382868.784863,0,730
332136.267889,382755.000298,0,730
332116.771408,382717.868907,0,730
332476.546242,382782.473522,0,730
331615.422413,382573.285883,0,730
331633.269601,382620.842961,0,730
331665.255546,382533.416336,0,730
332139.737045,382819.05371,0,730
332090.080692,382675.460547,0,730
331986.369948,382760.806728,0,730
331798.704014,382722.697437,0,730
332387.761095,382820.027928,0,730
332450.042829,382893.921695,0,730
331819.888109,382688.406554,0,730
332141.795645,382685.419106,0,730
331766.433463,382709.938995,0,730
331808.839184,382768.262974,0,730
331781.896325,382596.242468,0,730
331709.800838,382605.048176,0,730
331970.573636,382789.352896,0,730
332459.704124,382793.02369,0,730
331769.080121,382729.739808,0,730
332172.05014,382804.654607,0,730
331773.112496,382568.175652,0,730
332266.281558,382742.14971,0,730
331800.957727,382687.173464,0,730
332205.424516,382788.075575,0,730
331783.826736,382742.9871,0,730
332261.568402,382971.726594,0,730
331915.377394,382760.867219,0,730
331802.336603,382602.121941,0,730
332187.09434,382844.255578,0,730
331917.941997,382622.725555,0,730
332136.20688,382731.448718,0,730
332175.420783,382682.497481,0,730
332092.5205,382657.244875,0,730
331880.708939,382716.836374,0,730
331850.924001,382776.817687,0,730
332272.21296,382773.769801,0,730
331966.94543,382867.227758,0,730
331989.92388,382622.73303,0,730
331837.554818,382764.474813,0,730
331865.36141,382657.271269,0,730
332102.374357,382773.20566,0,730
331760.276972,382607.544265,0,730
332175.492179,382942.359607,0,730
332210.024554,382707.559294,0,730
332151.925335,382874.473173,0,730
332127.227154,382687.815653,0,730
332190.875803,382942.879488,0,730
331770.54966,382738.994134,0,730
332212.908699,382743.330246,0,730
332070.589242,382856.420342,0,730
331624.428047,382679.286388,0,730
332305.285263,382848.305331,0,730
332084.043534,382880.263679,0,730
331621.260959,382591.955846,0,730
332390.134638,382900.2641,0,730
332140.287877,382726.480349,0,730
332138.956983,382936.271806,0,730
332272.215039,382804.553513,0,730
332493.053602,382805.340263,0,730
331960.643859,382834.74439,0,730
331804.158648,382824.773783,0,730
331892.769634,382614.562702,0,730
332400.36374,382935.116462,0,730
332218.150967,382895.801508,0,730
331924.605191,382825.032404,0,730
332076.978007,382797.275299,0,730
332143.476414,382718.344572,0,730
332463.194486,382823.065992,0,730
332378.401452,382835.926306,0,730
332030.366182,382748.801941,0,730
331900.911004,382601.181815,0,730
332133.382799,382667.826219,0,730
332343.424159,382960.353842,0,730
332202.801243,382750.153291,0,730
331909.810646,382771.401938,0,730
331889.537357,382611.15802,0,730
331786.404889,382601.683703,0,730
331880.769805,382813.180668,0,730
332390.175617,382901.567497,0,730
332459.496271,382860.969229,0,730
331994.864932,382843.425691,0,730
331675.693706,382688.601416,0,730
331662.555385,382632.123634,0,730
332060.678818,382846.331173,0,730
331932.427928,382726.703434,0,730
332247.890997,382870.894739,0,730
331730.535768,382654.391897,0,730
331644.30446,382659.668867,0,730
332177.312323,382896.650502,0,730
332179.682502,382857.321135,0,730
332186.812378,382775.927755,0,730
332012.037401,382707.122536,0,730
332232.17134,382787.61696,0,730
331947.266345,382861.561154,0,730
332277.59008,382708.796367,0,730
332229.695667,382810.565706,0,730
331816.550239,382613.084642,0,730
331616.54802,382621.418449,0,730
332399.750247,382887.030299,0,730
331575.039628,382657.59632,0,730
332161.562145,382919.994126,0,730
332161.778574,382675.978574,0,730
332286.474339,382878.595816,0,730
332333.424022,382775.93375,0,730
331945.563652,382821.606882,0,730
331877.788157,382620.705864,0,730
331863.295225,382622.138671,0,730
332184.254092,382785.088363,0,730
331827.654179,382764.042291,0,730
332055.278817,382789.690543,0,730
331877.981286,382643.029685,0,730
331597.457169,382633.781032,0,730
331907.428958,382751.702055,0,730
331912.060621,382809.329467,0,730
332416.709474,382973.282673,0,730
332277.855107,382892.989682,0,730
332359.357962,382959.635861,0,730
332343.151936,382805.053722,0,730
331680.818441,382629.084411,0,730
332086.007432,382825.091591,0,730
331550.341807,382626.641701,0,730
332384.787,382903.487046,0,730
332257.306069,382792.353882,0,730
332345.935249,382785.287624,0,730
332301.716636,382818.277438,0,730
331615.356057,382678.335833,0,730
332195.32456,382734.613277,0,730
331859.396583,382651.15735,0,730
331732.026002,382675.452261,0,730
331663.843292,382565.40211,0,730
332188.622752,382888.268253,0,730
332115.648649,382907.605715,0,730
332112.31465,382732.936466,0,730
332429.908034,382864.044033,0,730
332419.622874,382758.909378,0,730
332251.292095,382786.831832,0,730
332302.02297,382825.05072,0,730
331928.719666,382850.041106,0,730
332111.639757,382677.580727,0,730
332309.063172,382853.142785,0,730
331753.955088,382796.459846,0,730
331841.854453,382820.16021,0,730
332295.471201,382851.774281,0,730
332086.631633,382774.441433,0,730
332216.886741,382956.35932,0,730
332265.021077,382729.389484,0,730
332273.113119,382736.103243,0,730
331894.426043,382841.702972,0,730
332342.421112,382877.554872,0,730
332115.179924,382928.458305,0,730
331706.787218,382548.299541,0,730
332029.590516,382759.404166,0,730
332290.701966,382724.578302,0,730
331660.030594,382547.489701,0,730
332412.135661,382961.365335,0,730
331766.073066,382683.313633,0,730
332289.30765,382771.327824,0,730
332121.567076,382709.732136,0,730
332422.864684,382879.505301,0,730
332032.406979,382811.21849,0,730
331773.421226,382595.436679,0,730
331888.328932,382776.112669,0,730
332418.119217,382895.618519,0,730
331756.936686,382722.59213,0,730
332432.399535,382839.307748,0,730
332403.103875,382977.602064,0,730
332321.58552,382948.57485,0,730
331691.223015,382626.028084,0,730
332384.738107,382962.581953,0,730
331751.249456,382600.327048,0,730
331802.021429,382811.247398,0,730
331799.770394,382640.219101,0,730
332099.214048,382825.997653,0,730
332120.627394,382849.170706,0,730
332167.705521,382927.997543,0,730
332172.28694,382713.447335,0,730
331990.165248,382661.243648,0,730
331932.698544,382660.416557,0,730
331696.100908,382565.591182,0,730
332317.867777,382742.279793,0,730
332021.95443,382786.335096,0,730
331769.91231,382601.201757,0,730
331785.321854,382749.703626,0,730
332225.130436,382705.102726,0,730
332241.92218,382753.505524,0,730
332154.391056,382751.725414,0,730
331824.37108,382744.817203,0,730
331746.349208,382690.089131,0,730
332438.518269,382926.99451,0,730
332027.35695,382883.84878,0,730
331641.219303,382529.098007,0,730
331836.502045,382622.358524,0,730
332251.193588,382797.840012,0,730
331742.411552,382638.576352,0,730
331624.609423,382511.036119,0,730
331974.688936,382769.152288,0,730
332239.175049,382925.678622,0,730
331806.41647,382621.320438,0,730
332382.459982,382908.585058,0,730
332362.179057,382767.617283,0,730
332351.897642,382967.261465,0,730
331673.911202,382696.636354,0,730
332087.955121,382771.650255,0,730
332335.874681,382995.894976,0,730
332122.989245,382917.058035,0,730
332050.810163,382699.987637,0,730
331893.591522,382798.273401,0,730
331962.597901,382614.327231,0,730
332397.561149,383001.48525,0,730
332204.205726,382803.273493,0,730
332072.12042,382650.27794,0,730
332333.43539,382806.988075,0,730
332037.834681,382699.842277,0,730
332046.888981,382708.242269,0,730
332035.094031,382902.034099,0,730
331593.06256,382679.132901,0,730
332052.053819,382688.666078,0,730
331977.822199,382725.077059,0,730
332285.289093,382926.150342,0,730
331759.266944,382656.747886,0,730
332147.625345,382821.56861,0,730
331684.423605,382688.303157,0,730
331625.355156,382531.184578,0,730
331741.745985,382811.963891,0,730
332140.481321,382673.549085,0,730
331705.765646,382557.532956,0,730
332431.149238,382917.478651,0,730
332351.918779,382740.232975,0,730
332105.422907,382690.074774,0,730
331661.039619,382728.428919,0,730
331952.47956,382872.612073,0,730
331760.147165,382716.917567,0,730
332081.247036,382764.878504,0,730
331994.700922,382882.769763,0,730
331814.551722,382699.889594,0,730
332067.147569,382883.439162,0,730
332018.693332,382867.189942,0,730
331685.639236,382587.23366,0,730
331991.522287,382721.554004,0,730
331991.987744,382734.73783,0,730
331960.788603,382874.859803,0,730
331704.616633,382617.494705,0,730
332230.884321,382919.707146,0,730
332383.282946,382979.918773,0,730
331838.516747,382767.123861,0,730
331841.695977,382634.591447,0,730
331855.21091,382823.466378,0,730
332466.865115,382801.628686,0,730
331556.883396,382690.766722,0,730
332351.916862,382738.948344,0,730
331800.460161,382834.590102,0,730
332083.905883,382824.296682,0,730
332130.401022,382678.729298,0,730
331907.132795,382749.020666,0,730
332155.28691,382906.996449,0,730
331617.173361,382517.680471,0,730
332167.929622,382687.548021,0,730
332394.283913,382999.64358,0,730
331949.119512,382850.685122,0,730
331872.365043,382625.856293,0,730
331884.797416,382614.327246,0,730
332247.126001,382787.707619,0,730
331809.796685,382615.484461,0,730
331857.294022,382594.000734,0,730
331994.30031,382850.720434,0,730
331798.013663,382571.278853,0,730
331811.138475,382575.682659,0,730
332071.80483,382888.492502,0,730
332402.608178,382931.568169,0,730
331817.297742,382653.937791,0,730
332348.995344,382775.812168,0,730
331669.42534,382692.814884,0,730
331661.374658,382709.538731,0,730
332095.334881,382930.799193,0,730
331952.807655,382664.660671,0,730
332365.277537,382870.170134,0,730
332272.597715,382927.91391,0,730
331990.214614,382729.209056,0,730
332198.820542,382790.810615,0,730
332036.940861,382899.149473,0,730
331558.22665,382635.721775,0,730
332460.581229,382842.10699,0,730
331971.394091,382751.971041,0,730
332067.70172,382756.650596,0,730
332042.798988,382777.836458,0,730
331782.966957,382807.493105,0,730
331572.492917,382668.2055,0,730
332286.51929,382988.500188,0,730
331922.016894,382719.166962,0,730
332390.397152,382901.832266,0,730
331956.18603,382827.550909,0,730
331886.475292,382830.216939,0,730
332132.66478,382927.446687,0,730
332289.736157,382718.003585,0,730
332129.220006,382908.894734,0,730
332160.072147,382783.620927,0,730
332081.764059,382730.442116,0,730
331866.220527,382596.926662,0,730
331862.024659,382653.319649,0,730
332211.561518,382772.106911,0,730
331961.000146,382661.397375,0,730
332298.834448,382759.483348,0,730
331940.918645,382828.285857,0,730
332033.892964,382724.253077,0,730
332403.79144,382923.970738,0,730
331853.198777,382812.439901,0,730
331645.210206,382669.651252,0,730
332037.361458,382872.098406,0,730
332060.186238,382900.790671,0,730
332299.449554,382828.514294,0,730
332014.008275,382681.338126,0,730
331641.595416,382617.098151,0,730
332405.400816,382919.74499,0,730
332212.985137,382757.940164,0,730
332355.126442,382838.359742,0,730
332205.428863,382952.968434,0,730
331740.540231,382620.44942,0,730
332316.542518,382958.635745,0,730
331725.313014,382670.4641,0,730
332349.494727,382744.083024,0,730
332161.670398,382809.463376,0,730
332453.357013,382778.950811,0,730
331861.540699,382690.769967,0,730
332343.438943,382909.636661,0,730
332280.489036,382764.368573,0,730
331811.240891,382657.477692,0,730
332094.910391,382798.304014,0,730
331859.223833,382720.548739,0,730
331986.553189,382725.086245,0,730
332062.95972,382699.715214,0,730
332102.183037,382897.948795,0,730
332072.621628,382668.978554,0,730
331902.88163,382711.063068,0,730
331762.576514,382612.819896,0,730
332071.710003,382808.397148,0,730
332412.550544,382753.512556,0,730
332119.077529,382740.277775,0,730
332425.587743,382759.798374,0,730
331964.309763,382653.383148,0,730
331685.837238,382590.330931,0,730
332309.831711,382828.936186,0,730
331634.515572,382722.334921,0,730
331562.966174,382673.236396,0,730
331996.890072,382727.941346,0,730
332004.393571,382651.202765,0,730
331620.18971,382540.658107,0,730
332003.603785,382667.445311,0,730
331761.715762,382642.616428,0,730
331844.554728,382845.50714,0,730
331674.307435,382669.883333,0,730
331612.344178,382605.679266,0,730
332242.914152,382962.100165,0,730
332291.802683,382890.945349,0,730
332243.294447,382772.724806,0,730
331784.461054,382637.186754,0,730
332306.936985,382923.117711,0,730
332007.027131,382834.367644,0,730
331769.420185,382682.621214,0,730
331654.865063,382556.229577,0,730
331989.223624,382715.911231,0,730
331764.764802,382787.427941,0,730
332417.497412,382976.3087,0,730
331543.166133,382689.0832,0,730
332214.920115,382788.756415,0,730
332308.644065,382800.364853,0,730
331760.365658,382677.687701,0,730
331764.890952,382645.801975,0,730
332382.346718,382842.117492,0,730
331934.81252,382839.697163,0,730
331794.709202,382655.481143,0,730
332308.309868,382907.127633,0,730
331736.478519,382555.325946,0,730
331824.008855,382734.085929,0,730
331843.593667,382783.515679,0,730
332234.218657,382932.462963,0,730
331711.549184,382614.333122,0,730
332309.383098,382789.874817,0,730
331804.05097,382618.246293,0,730
332290.510577,382846.587121,0,730
332297.173108,382912.283835,0,730
332317.215059,382899.534134,0,730
332386.325996,382960.019319,0,730
332351.963733,382747.723233,0,730
332029.482589,382676.883578,0,730
331625.101109,382624.564614,0,730
332004.126304,382795.431284,0,730
331963.552753,382878.944224,0,730
331982.611876,382844.192915,0,730
332391.628047,382778.94536,0,730
332096.304841,382655.147546,0,730
332389.541213,382987.840111,0,730
332068.085015,382747.823545,0,730
331937.777195,382763.664938,0,730
332015.210188,382702.282223,0,730
332076.158088,382897.302393,0,730
332461.532472,382854.673103,0,730
332275.346554,382928.425217,0,730
331819.769914,382628.569985,0,730
331812.707828,382757.654425,0,730
332280.151688,382743.316079,0,730
331882.926235,382854.092607,0,730
332444.142714,382781.977081,0,730
332289.098297,382861.412784,0,730
332331.546051,382841.724376,0,730
331654.716828,382527.118202,0,730
332318.621797,382890.697657,0,730
332087.866023,382864.665104,0,730
331860.854995,382675.278346,0,730
331761.312791,382825.780622,0,730
331687.314794,382533.010609,0,730
331924.133742,382774.729196,0,730
331925.619284,382822.689595,0,730
331983.372494,382738.714776,0,730
332263.728389,382963.026565,0,730
331594.81432,382566.855955,0,730
332269.212715,382807.901878,0,730
332413.341243,382949.572875,0,730
331786.283942,382721.818689,0,730
331592.618768,382605.16473,0,730
331772.393989,382735.292762,0,730
332192.357955,382697.400048,0,730
331613.59811,382524.37473,0,730
331702.002133,382590.423295,0,730
332066.248742,382807.365625,0,730
331603.331116,382675.769752,0,730
332156.874334,382830.143191,0,730
332097.265294,382906.315918,0,730
331945.701101,382768.595051,0,730
332363.557647,382884.566023,0,730
332229.026509,382816.05209,0,730
332243.517728,382891.952619,0,730
331758.065654,382703.690889,0,730
331901.840146,382699.121457,0,730
332413.480477,382811.694984,0,730
331848.073553,382807.588245,0,730
331997.95664,382723.567797,0,730
331876.757222,382783.469007,0,730
332175.713337,382885.443492,0,730
331652.334761,382555.267353,0,730
331575.480545,382693.26849,0,730
332356.091757,382938.448036,0,730
332168.712557,382757.359527,0,730
332215.123056,382951.659903,0,730
331816.749711,382624.505823,0,730
332379.924495,382801.840848,0,730
332321.316177,382866.557801,0,730
331799.97263,382574.928866,0,730
332146.17653,382784.717253,0,730
331991.355866,382873.789705,0,730
331701.642375,382660.765169,0,730
332416.921402,382778.360758,0,730
332140.352624,382914.665433,0,730
331675.594374,382618.707965,0,730
332290.231502,382773.328473,0,730
332265.742058,382887.053778,0,730
332265.41951,382775.05706,0,730
331989.732582,382693.388088,0,730
331720.77587,382601.119055,0,730
332086.644462,382757.686401,0,730
332020.961321,382719.629636,0,730
331957.373407,382775.366664,0,730
332218.884873,382782.027226,0,730
332295.401167,382948.23611,0,730
331623.381391,382520.020571,0,730
331983.415944,382673.392363,0,730
332127.656812,382757.645527,0,730
332121.134754,382854.853726,0,730
331998.492561,382649.794098,0,730
332182.554789,382906.886005,0,730
331945.513239,382840.528094,0,730
331865.196047,382805.35549,0,730
332121.170907,382879.96059,0,730
331951.294297,382679.687037,0,730
332328.091638,382914.099602,0,730
331572.117872,382629.064368,0,730
331645.504503,382520.822517,0,730
331596.702875,382540.77404,0,730
331800.163043,382782.660404,0,730
332353.739432,382814.340553,0,730
332010.833704,382782.604522,0,730
332140.611627,382801.907249,0,730
332353.271857,382901.774871,0,730
331673.102015,382594.4776,0,730
331796.983528,382657.374338,0,730
332355.61316,382846.218004,0,730
331841.848685,382632.881379,0,730
332256.793522,382739.35034,0,730
331827.796981,382589.319661,0,730
332098.265907,382689.035929,0,730
332361.004215,382752.480294,0,730
331676.370333,382524.686859,0,730
331600.542471,382613.747946,0,730
332056.847992,382709.854051,0,730
331891.803049,382666.341017,0,730
331993.280914,382887.141945,0,730
332221.080739,382809.009785,0,730
331602.094783,382578.63258,0,730
332284.711507,382856.517008,0,730
331771.433974,382688.3687,0,730
332411.141481,382862.479124,0,730
332051.839516,382721.563945,0,730
332029.236355,382681.583259,0,730
331919.606925,382708.370288,0,730
332203.373835,382811.321826,0,730
331808.091415,382751.969127,0,730
331990.313149,382639.19527,0,730
332000.838397,382787.328826,0,730
332323.794016,382991.147037,0,730
332285.010725,382947.77453,0,730
332248.681806,382949.977781,0,730
332280.13522,382865.716654,0,730
332391.867354,382793.700853,0,730
331667.311586,382669.43751,0,730
332064.283814,382698.769323,0,730
332195.121316,382932.745901,0,730
332310.660567,382984.350361,0,730
332421.386336,382914.606451,0,730
331619.536811,382528.524195,0,730
331934.141781,382850.798241,0,730
331735.517656,382639.909449,0,730
332440.907492,382886.964912,0,730
332043.281925,382908.415485,0,730
331684.886589,382653.225248,0,730
331825.935324,382690.636174,0,730
331875.367068,382816.188553,0,730
332134.68463,382734.382879,0,730
331715.100002,382654.234905,0,730
331756.589277,382589.553892,0,730
331792.845627,382722.579781,0,730
331993.902904,382765.261336,0,730
332030.966135,382743.685868,0,730
331762.51394,382760.580223,0,730
332114.325485,382888.559903,0,730
332039.626056,382804.550845,0,730
332066.885843,382658.696093,0,730
331813.524062,382622.320001,0,730
331922.885152,382707.141005,0,730
332392.068195,382956.346443,0,730
332390.125427,382917.575377,0,730
332210.551373,382933.051756,0,730
332120.21612,382803.887417,0,730
331995.710182,382799.709577,0,730
332295.522271,382738.295,0,730
332183.922463,382881.122546,0,730
332041.022934,382901.875416,0,730
331756.479416,382749.648097,0,730
332138.458636,382771.765064,0,730
332362.620381,383014.718731,0,730
332202.696979,382718.080354,0,730
331921.777285,382633.234726,0,730
332085.416555,382867.903113,0,730
331693.508612,382559.353801,0,730
332016.421167,382690.397531,0,730
331877.217729,382723.100554,0,730
331564.799337,382656.185361,0,730
331708.967146,382625.110881,0,730
332386.936128,382790.428995,0,730
332070.258954,382656.319829,0,730
331968.224863,382868.898663,0,730
331564.727546,382583.451562,0,730
332111.815802,382818.538823,0,730
331594.734613,382688.939389,0,730
332030.616033,382816.344479,0,730
332135.104452,382748.151098,0,730
331846.197091,382671.153009,0,730
331784.288727,382795.136722,0,730
331830.145032,382771.822609,0,730
331996.874754,382693.639157,0,730
331808.779968,382725.341247,0,730
331609.397246,382506.931544,0,730
331923.23538,382816.439976,0,730
332163.072094,382748.902067,0,730
332467.088183,382864.226679,0,730
332002.05816,382769.790543,0,730
331647.193049,382567.951347,0,730
332250.888981,382760.670913,0,730
331660.442768,382673.390762,0,730
331590.857219,382654.309229,0,730
332052.782784,382718.100313,0,730
331814.244031,382690.597821,0,730
331878.221524,382786.381056,0,730
332002.899353,382760.260832,0,730
332147.604912,382711.177746,0,730
332370.554229,382928.369187,0,730
331656.595384,382664.381759,0,730
332022.950326,382848.452258,0,730
331935.932648,382697.869603,0,730
332240.337404,382869.192037,0,730
332148.289082,382686.717993,0,730
331832.20187,382764.632593,0,730
332368.089126,382953.282717,0,730
331972.581756,382764.472529,0,730
332136.829036,382682.484837,0,730
331982.025799,382871.427055,0,730
331767.987324,382773.035381,0,730
331637.068012,382668.967984,0,730
331696.469788,382542.545801,0,730
332359.440604,382772.602331,0,730
331686.538171,382653.60436,0,730
332143.606794,382800.639312,0,730
331795.179691,382643.120036,0,730
332260.797196,382818.540329,0,730
331642.488741,382557.681169,0,730
332101.085251,382816.956064,0,730
332009.873826,382788.771814,0,730
332072.963703,382812.424446,0,730
331600.818614,382501.399972,0,730
332056.876009,382787.389384,0,730
331923.290507,382657.80358,0,730
332017.170773,382764.597018,0,730
332268.891469,382942.303558,0,730
332028.396889,382821.86565,0,730
331874.429993,382714.91663,0,730
331627.058451,382674.516721,0,730
331580.10334,382701.877137,0,730
332062.007206,382758.735848,0,730
331740.352862,382681.644336,0,730
332361.291827,382961.754473,0,730
332343.856613,382780.615076,0,730
332046.118283,382910.17,0,730
332485.460024,382785.587343,0,730
332185.906591,382788.880813,0,730
332131.846163,382675.843797,0,730
332337.323548,382803.604426,0,730
331950.341415,382734.796738,0,730
332276.245713,382758.87525,0,730
332227.21821,382718.05627,0,730
331953.904903,382765.55818,0,730
331798.797147,382734.11292,0,730
331796.645355,382752.724225,0,730
331853.587233,382641.168637,0,730
332003.085894,382899.969941,0,730
332115.14167,382679.542846,0,730
331561.607845,382653.99872,0,730
332412.146771,382817.521736,0,730
332087.007327,382887.808374,0,730
331860.191364,382847.668092,0,730
332094.997256,382878.279912,0,730
332324.713042,382829.66233,0,730
332302.988359,382786.391272,0,730
332147.864461,382727.819422,0,730
332362.213788,382790.685484,0,730
332432.299183,382910.305474,0,730
332071.60368,382809.80758,0,730
332118.689746,382793.235702,0,730
332216.454433,382825.025515,0,730
331735.736743,382802.113693,0,730
332092.51048,382731.21918,0,730
332242.74593,382765.875257,0,730
332238.388302,382823.698722,0,730
331577.72502,382560.202226,0,730
331647.193827,382656.659385,0,730
332350.400732,382789.191282,0,730
332419.864194,382982.316012,0,730
331654.754439,382570.422585,0,730
331911.783447,382780.267112,0,730
331655.50629,382660.577198,0,730
332299.654167,382880.772304,0,730
332034.239831,382739.163754,0,730
332279.357188,382953.888889,0,730
332293.206153,382885.016956,0,730
332102.816384,382761.063853,0,730
332119.146072,382686.910826,0,730
332283.201744,382987.803625,0,730
332257.562858,382730.509295,0,730
331912.49692,382684.461488,0,730
331623.798995,382644.766602,0,730
331901.901,382597.677571,0,730
331660.219911,382560.040245,0,730
332056.830944,382661.625281,0,730
331902.030871,382731.037736,0,730
331650.607404,382569.104506,0,730
332371.849692,382874.227746,0,730
331754.304318,382583.503716,0,730
332164.656725,382723.897195,0,730
331815.268436,382716.359115,0,730
331785.472335,382674.633267,0,730
331564.798707,382620.184075,0,730
332257.845887,382969.855078,0,730
332140.693682,382690.121958,0,730
331605.181554,382707.608627,0,730
331996.409036,382712.84019,0,730
332210.397529,382825.371082,0,730
332023.167452,382888.57526,0,730
331722.571561,382621.482757,0,730
332331.250402,382797.670869,0,730
331863.741093,382641.393415,0,730
331696.944631,382541.96483,0,730
332181.645147,382951.875924,0,730
332366.49707,382823.441181,0,730
332222.597618,382857.953841,0,730
331905.224102,382824.082874,0,730
332071.529909,382843.257257,0,730
332332.854791,382729.453332,0,730
331664.379368,382731.837921,0,730
331975.823155,382786.872379,0,730
332194.078439,382716.990336,0,730
332244.719739,382715.805898,0,730
332031.319961,382780.743845,0,730
332038.351365,382757.322191,0,730
331778.367833,382781.578105,0,730
331768.857495,382703.46145,0,730
332399.955187,382946.857614,0,730
331955.996805,382855.556413,0,730
331703.260732,382574.11738,0,730
332326.225845,382892.180383,0,730
331777.851496,382681.536433,0,730
331759.975783,382578.517843,0,730
331942.663062,382880.616469,0,730
331823.268914,382727.871189,0,730
331787.377679,382767.531783,0,730
332033.940465,382804.055756,0,730
332275.449612,382883.804397,0,730
332038.027443,382789.167767,0,730
331963.960991,382795.404803,0,730
332355.548054,382837.756053,0,730
332093.847541,382899.11753,0,730
332217.0035,382763.963015,0,730
331905.098185,382865.791726,0,730
332060.789916,382691.917285,0,730
332187.37861,382825.158117,0,730
331855.855683,382844.491705,0,730
332436.793647,382922.689069,0,730
332336.518955,382804.506321,0,730
331937.312592,382645.353881,0,730
332158.622233,382797.740715,0,730
331950.553297,382798.732076,0,730
332110.812967,382840.330415,0,730
332395.841497,382956.839951,0,730
332054.58532,382856.420271,0,730
331926.008197,382703.972035,0,730
331996.367708,382860.15632,0,730
331930.778582,382777.684694,0,730
331953.762682,382647.871503,0,730
331609.977598,382571.505074,0,730
331734.093145,382658.08679,0,730
332238.377364,382709.443014,0,730
331559.625198,382637.333763,0,730
332150.726801,382712.858346,0,730
332110.141428,382929.929844,0,730
331892.600282,382820.089151,0,730
331829.273466,382586.656724,0,730
332453.94807,382765.067941,0,730
332203.059619,382873.586234,0,730
332388.188894,382924.3355,0,730
331916.094518,382719.028298,0,730
331611.367563,382610.871385,0,730
332017.710622,382860.509696,0,730
331705.024204,382557.828676,0,730
331764.943626,382562.434998,0,730
331998.734345,382800.998865,0,730
332041.47229,382859.900841,0,730
331673.62184,382543.534577,0,730
331712.549963,382577.02977,0,730
332252.453744,382758.903781,0,730
332257.215213,382893.715863,0,730
332272.403482,382796.145498,0,730
331816.256644,382740.659734,0,730
331880.712273,382714.442924,0,730
331844.619323,382714.779021,0,730
332193.131029,382855.246694,0,730
331919.152883,382663.668396,0,730
331776.728789,382582.144666,0,730
331771.136024,382750.839133,0,730
331930.907148,382633.104651,0,730
332050.637829,382779.144429,0,730
332208.610146,382963.718312,0,730
331635.955304,382574.374441,0,730
331668.542695,382732.17857,0,730
331979.701532,382659.609834,0,730
332313.953516,382899.815844,0,730
331713.769744,382641.428587,0,730
331993.878847,382759.740248,0,730
331660.008081,382599.177947,0,730
331603.88444,382592.035753,0,730
332408.932132,382856.191203,0,730
331827.616208,382786.806133,0,730
331757.313106,382725.800504,0,730
331579.772186,382684.114709,0,730
332112.308338,382840.858142,0,730
331560.468752,382666.827418,0,730
332192.040391,382803.57046,0,730
331818.875058,382687.52493,0,730
332024.785962,382870.837283,0,730
331929.988184,382845.908476,0,730
332170.405628,382899.463503,0,730
332364.336915,382949.468799,0,730
331974.85567,382762.68204,0,730
331931.218416,382846.886113,0,730
332074.662795,382895.960979,0,730
332072.467895,382822.715291,0,730
331897.763032,382683.072487,0,730
332427.301441,382865.148301,0,730
331680.075901,382545.427721,0,730
331657.32389,382554.24777,0,730
332010.174915,382830.858329,0,730
331844.490526,382591.268229,0,730
332132.105147,382924.721426,0,730
331805.107758,382624.432597,0,730
331635.561749,382720.861478,0,730
331823.777165,382784.882679,0,730
332365.164261,382744.335947,0,730
332194.281122,382813.94801,0,730
331846.975909,382743.582924,0,730
331740.767131,382813.288579,0,730
331644.455464,382638.431586,0,730
331894.130034,382658.824753,0,730
332063.930837,382845.800192,0,730
332452.064167,382850.210301,0,730
331864.679399,382844.219925,0,730
332175.644591,382680.170874,0,730
332166.991315,382757.265261,0,730
331980.945052,382785.937073,0,730
332026.987345,382659.65699,0,730
332386.212131,382828.866409,0,730
332150.105239,382831.499155,0,730
331663.068692,382702.551232,0,730
331681.887262,382665.058071,0,730
332130.563897,382893.644872,0,730
331662.147195,382730.581133,0,730
332115.850738,382665.463123,0,730
332413.788343,382800.787708,0,730
332037.577907,382836.477333,0,730
332382.499965,382892.311823,0,730
331601.954444,382609.906792,0,730
332053.485201,382676.375326,0,730
332127.787012,382901.82667,0,730
331899.817865,382808.88456,0,730
332142.495268,382811.767298,0,730
332067.682343,382869.57522,0,730
332353.036834,382930.529536,0,730
332295.730571,382979.934297,0,730
332001.874265,382706.858397,0,730
332366.070993,382943.970042,0,730
332407.961837,382986.199928,0,730
332041.118003,382749.681938,0,730
331952.993757,382853.769112,0,730
331554.431398,382646.666177,0,730
332266.558138,382897.460183,0,730
332127.468984,382734.532745,0,730
332456.215934,382826.421869,0,730
332342.691395,382854.061317,0,730
332039.890219,382658.689186,0,730
332279.138024,382977.613577,0,730
332392.262476,383015.811396,0,730
332025.024824,382674.500663,0,730
331824.713586,382693.046672,0,730
332313.79226,382875.874941,0,730
331832.166027,382765.478441,0,730
332301.564794,382889.3861,0,730
331930.668466,382694.190452,0,730
331837.648999,382700.979872,0,730
332439.806864,382869.177884,0,730
331623.084525,382567.282121,0,730
331590.802767,382654.301297,0,730
331643.196018,382582.828212,0,730
332333.666992,382896.655741,0,730
332267.169927,382923.908388,0,730
332346.244633,382775.620365,0,730
332442.690757,382788.609565,0,730
332165.465973,382700.434453,0,730
331756.533986,382561.534384,0,730
332096.955218,382703.497536,0,730
331728.408231,382611.008998,0,730
331876.469926,382592.531571,0,730
332250.071868,382730.189281,0,730
332350.091274,382928.688304,0,730
331615.280607,382718.439685,0,730
331746.7742,382760.738761,0,730
332171.541158,382708.670188,0,730
331679.397306,382614.084209,0,730
332183.540241,382913.04667,0,730
332204.186128,382737.65059,0,730
332343.76661,382771.750178,0,730
331787.156903,382703.91582,0,730
332232.41529,382727.004119,0,730
332446.193678,382905.015283,0,730
332045.689068,382681.386319,0,730
331782.932418,382607.481883,0,730
331914.255986,382745.647486,0,730
332078.542309,382842.743745,0,730
331655.193763,382698.921897,0,730
332230.081036,382951.050408,0,730
331758.964146,382790.782461,0,730
331954.366207,382629.723834,0,730
331722.102115,382658.794633,0,730
331905.577456,382627.994269,0,730
331786.407717,382676.817466,0,730
331732.481374,382812.901224,0,730
332333.170286,382897.128192,0,730
332132.030327,382870.781923,0,730
332002.610839,382637.391997,0,730
332264.623574,382938.838074,0,730
332146.212154,382741.772176,0,730
331923.304535,382745.861776,0,730
332392.778662,382823.554965,0,730
332088.365404,382772.018642,0,730
332290.780453,382853.153392,0,730
332355.49098,382849.986937,0,730
331837.636226,382641.596658,0,730
331876.789764,382692.495658,0,730
332127.148488,382675.723091,0,730
331598.816712,382524.6414,0,730
332081.702451,382910.485408,0,730
331627.490067,382635.942136,0,730
331704.911258,382631.555712,0,730
331634.580257,382529.2428,0,730
332297.276233,382823.906997,0,730
332217.458792,382963.184896,0,730
332169.757595,382679.522221,0,730
332150.838291,382809.981637,0,730
332081.784512,382924.121684,0,730
332282.627564,382853.998779,0,730
332190.862536,382924.512332,0,730
332059.629536,382784.580595,0,730
332098.921721,382877.048168,0,730
331934.222433,382793.274412,0,730
332034.310997,382684.270957,0,730
331851.212245,382618.259904,0,730
331726.395156,382587.847027,0,730
332088.847991,382690.055818,0,730
331976.766196,382787.207999,0,730
331777.578628,382751.412168,0,730
331919.592584,382816.923391,0,730
332407.984679,382943.607805,0,730
331993.578636,382832.475679,0,730
332120.101709,382698.759894,0,730
332205.958197,382835.28875,0,730
332364.366455,382856.624956,0,730
332147.027993,382761.44642,0,730
332338.8383,382845.487881,0,730
332055.964263,382884.686063,0,730
332207.930036,382770.466076,0,730
331558.259878,382698.270837,0,730
332392.092659,382955.500412,0,730
331905.8189,382765.415393,0,730
332130.377417,382901.088429,0,730
332334.847518,382736.036268,0,730
331600.59166,382530.161886,0,730
331917.298937,382755.173164,0,730
331607.174963,382533.093909,0,730
331972.823468,382699.151991,0,730
331626.591279,382617.684187,0,730
332000.056192,382839.117817,0,730
331604.212887,382697.704066,0,730
332097.832733,382785.630536,0,730
331850.268598,382737.355591,0,730
331920.776502,382610.389145,0,730
331740.531657,382803.970738,0,730
331745.707056,382761.744922,0,730
331565.417545,382684.03094,0,730
332184.272067,382683.262844,0,730
332051.769682,382834.088418,0,730
332053.684686,382829.559117,0,730
332120.038377,382780.731155,0,730
331878.711779,382821.816361,0,730
332306.369189,382865.03541,0,730
331704.608061,382576.770567,0,730
332228.566585,382965.183504,0,730
332349.097794,382810.89537,0,730
331600.013646,382592.982177,0,730
331799.265431,382705.124015,0,730
332101.410188,382905.810439,0,730
331637.415619,382579.200749,0,730
331730.773866,382595.058128,0,730
332034.509456,382889.377191,0,730
331733.404175,382603.870537,0,730
331808.548302,382609.555601,0,730
332354.701673,383002.903098,0,730
331740.853374,382662.254022,0,730
331869.211121,382708.61641,0,730
331623.21114,382607.855466,0,730
331610.49725,382674.401358,0,730
331954.677572,382809.719958,0,730
332345.081736,382833.238106,0,730
332381.548696,382851.427577,0,730
332301.327069,382841.787021,0,730
332186.328609,382689.979458,0,730
332166.421044,382935.80416,0,730
332047.898492,382793.477271,0,730
332047.410632,382744.975508,0,730
331557.859371,382679.167845,0,730
331625.131932,382621.414153,0,730
332286.29231,382929.599475,0,730
331864.711325,382770.222447,0,730
332378.364263,382951.429859,0,730
331808.870386,382700.894668,0,730
331834.722326,382576.507743,0,730
332048.417928,382801.187215,0,730
332094.311919,382687.346474,0,730
331974.741767,382705.426535,0,730
331737.089983,382613.857979,0,730
331770.902449,382816.34592,0,730
332064.405636,382705.087719,0,730
332067.073502,382727.711149,0,730
331618.685212,382609.816209,0,730
331762.740919,382650.356018,0,730
332148.740407,382832.097662,0,730
332289.791442,382847.375919,0,730
331795.967265,382797.579204,0,730
332183.822238,382732.72606,0,730
332142.359169,382930.504561,0,730
332485.184843,382817.634888,0,730
332046.075089,382790.777211,0,730
332050.060675,382704.065764,0,730
332339.982523,382964.778538,0,730
332190.396138,382899.371006,0,730
332223.888063,382905.964542,0,730
332193.104145,382863.72029,0,730
331936.250472,382828.245947,0,730
332022.697903,382830.850981,0,730
331833.076679,382751.302012,0,730
332101.584998,382795.615153,0,730
332085.914498,382754.615801,0,730
331949.44871,382702.06134,0,730
331928.94506,382810.143116,0,730
331714.274685,382565.703494,0,730
331937.645565,382616.732681,0,730
332080.116081,382823.948067,0,730
331829.59474,382699.851967,0,730
331992.9626,382824.759017,0,730
332087.447313,382853.305314,0,730
331817.930688,382576.696657,0,730
332041.539424,382862.391915,0,730
331679.293766,382640.635887,0,730
331598.41224,382517.952975,0,730
332044.143586,382796.483799,0,730
332347.203631,382815.892486,0,730
331666.077534,382675.571573,0,730
332388.529194,382823.495249,0,730
331753.45214,382784.242278,0,730
332049.264735,382885.029525,0,730
331921.788362,382748.125021,0,730
331804.89979,382616.77983,0,730
331781.333091,382725.617756,0,730
331690.687738,382647.740031,0,730
331878.337635,382751.324154,0,730
331870.065887,382832.983404,0,730
332159.623091,382911.611405,0,730
332187.463178,382929.853013,0,730
332343.564334,382953.05602,0,730
331933.780232,382880.577239,0,730
331844.02779,382709.577858,0,730
332442.880584,382874.012861,0,730
332135.815245,382682.814882,0,730
332198.785442,382774.465261,0,730
332131.593702,382843.890753,0,730
331679.856059,382680.66303,0,730
332414.903913,382891.850112,0,730
332188.361485,382734.578089,0,730
332432.371547,382788.146803,0,730
332154.09979,382891.543296,0,730
332007.653352,382747.587992,0,730
332266.86908,382872.05377,0,730
331786.941691,382580.583482,0,730
331671.43306,382622.995619,0,730
331699.223548,382648.260561,0,730
331877.071606,382701.955982,0,730
331798.397288,382802.047703,0,730
331670.574546,382611.472571,0,730
332104.358229,382771.692594,0,730
331986.127139,382755.865078,0,730
332161.758153,382794.332657,0,730
331746.44583,382796.482168,0,730
331808.444132,382740.006538,0,730
332224.923917,382844.293871,0,730
332247.173916,382755.412019,0,730
331575.65838,382690.186366,0,730
332150.968241,382805.917402,0,730
331742.382244,382551.986356,0,730
331773.200457,382726.2284,0,730
331991.939716,382738.14448,0,730
331901.428144,382652.217909,0,730
332141.581826,382748.392453,0,730
331944.171857,382670.447497,0,730
332212.170908,382711.853502,0,730
331703.701042,382656.297955,0,730
331780.630311,382684.849984,0,730
332043.250272,382848.340199,0,730
331627.875216,382615.374765,0,730
332158.999468,382877.909978,0,730
332421.928133,382773.022635,0,730
331757.433301,382581.22693,0,730
332358.49375,382928.585309,0,730
331737.776788,382793.798553,0,730
332317.403176,382964.993711,0,730
331558.642336,382682.79296,0,730
331815.470563,382626.201077,0,730
331719.34356,382631.526041,0,730
332329.159525,382798.314161,0,730
332273.282485,382912.26326,0,730
331807.916631,382783.841362,0,730
331689.183613,382653.180561,0,730
332023.323691,382644.628159,0,730
332405.513066,382862.687297,0,730
332220.146154,382727.638978,0,730
331811.590493,382653.045601,0,730
331899.978851,382758.407681,0,730
331997.730383,382643.604097,0,730
331952.627189,382651.678385,0,730
332315.003575,382956.353097,0,730
331868.386658,382604.218664,0,730
332419.799088,382884.39957,0,730
331651.530844,382689.416808,0,730
331977.123782,382872.440762,0,730
331934.875572,382823.323992,0,730
331836.400632,382578.040364,0,730
331870.05424,382832.751896,0,730
332291.914114,382867.201898,0,730
332036.779367,382747.505646,0,730
332012.680442,382865.332056,0,730
331604.719417,382626.502643,0,730
331656.493187,382693.981629,0,730
332059.303833,382695.553364,0,730
331631.163061,382554.028382,0,730
332247.657427,382759.03449,0,730
331601.818057,382705.749302,0,730
331764.563797,382568.89552,0,730
331588.503536,382555.194781,0,730
331665.289605,382545.793203,0,730
332134.982384,382684.021831,0,730
332288.642728,382971.856866,0,730
332389.779908,382921.055118,0,730
332275.280961,382961.810939,0,730
332380.40419,382889.22087,0,730
332025.813541,382883.439066,0,730
332079.087445,382866.217509,0,730
332441.451613,382839.473568,0,730
332208.777402,382729.527367,0,730
332234.024461,382752.217137,0,730
331937.603933,382845.491464,0,730
332079.495224,382769.316683,0,730
332334.086136,382854.308251,0,730
332024.60038,382830.216142,0,730
332162.647646,382858.223624,0,730
332369.409522,382914.397651,0,730
332092.980615,382662.27198,0,730
332106.609385,382924.167608,0,730
331909.195355,382826.694441,0,730
331612.411168,382663.111984,0,730
331650.294807,382556.422652,0,730
331647.896221,382699.552563,0,730
332095.864368,382682.546875,0,730
331810.832837,382593.091735,0,730
332083.979078,382662.42347,0,730
331706.428031,382555.747879,0,730
331971.583489,382761.825955,0,730
332240.205098,382922.46752,0,730
332024.368192,382641.083822,0,730
332226.859245,382796.689624,0,730
332008.720018,382847.067957,0,730
332104.613037,382795.574324,0,730
331723.177681,382577.427781,0,730
331984.895173,382625.217857,0,730
332060.131382,382644.234265,0,730
331627.354196,382582.038308,0,730
331773.593307,382616.144244,0,730
332416.946215,382857.902911,0,730
332259.157727,382829.870386,0,730
331701.721169,382666.690858,0,730
332051.238647,382673.616103,0,730
332250.049403,382842.310603,0,730
332363.012801,382985.512569,0,730
331754.909707,382748.227376,0,730
332336.876401,382765.292592,0,730
331855.142045,382788.292493,0,730
332370.076739,383011.204747,0,730
332082.394363,382668.723562,0,730
331821.900655,382629.832187,0,730
331611.886419,382619.289237,0,730
331592.561308,382581.707171,0,730
331649.24756,382727.4324,0,730
332027.56878,382734.88958,0,730
332398.981124,382803.734424,0,730
332271.177506,382915.089038,0,730
332244.531954,382732.251933,0,730
331595.863567,382600.643428,0,730
332174.694828,382854.740287,0,730
331767.066298,382707.862397,0,730
332370.468754,382885.343834,0,730
332264.560549,382795.864187,0,730
332360.852478,382972.05402,0,730
331664.571194,382669.988207,0,730
331869.353351,382841.105213,0,730
331922.759847,382781.86064,0,730
331588.330653,382551.89708,0,730
332126.340299,382902.326818,0,730
332377.604842,382950.998814,0,730
332402.765134,382782.136129,0,730
331638.449681,382684.678711,0,730
331685.989537,382574.422055,0,730
331745.217906,382792.036565,0,730
332426.472675,382788.314427,0,730
332138.829533,382919.950541,0,730
331660.317774,382554.052944,0,730
331614.337286,382558.502081,0,730
332419.903863,382954.337282,0,730
331780.999408,382601.26123,0,730
332075.639009,382670.508351,0,730
332262.653577,382790.475868,0,730
332279.227672,382954.026709,0,730
332044.546697,382779.61786,0,730
332473.789999,382791.090568,0,730
331786.984372,382647.618854,0,730
332352.918661,382957.577696,0,730
332279.750904,382939.383776,0,730
332408.005578,383009.365607,0,730
332306.171233,382721.597616,0,730
331966.797803,382876.735724,0,730
331661.481967,382540.865877,0,730
332352.363129,383009.398369,0,730
332209.322457,382800.142563,0,730
332190.372341,382944.145529,0,730
331876.751306,382620.341629,0,730
331750.610491,382753.946613,0,730
332042.694452,382826.2717,0,730
331774.716546,382678.686794,0,730
332404.923663,382855.529687,0,730
332128.002979,382763.05946,0,730
332349.165042,382961.509097,0,730
332320.79677,382843.974966,0,730
331685.372722,382588.850548,0,730
331903.789914,382709.164068,0,730
331994.564189,382848.403331,0,730
331847.933847,382709.340617,0,730
331991.114066,382866.455864,0,730
331588.386811,382507.50341,0,730
332123.677124,382907.230889,0,730
332096.35537,382805.195549,0,730
332120.262922,382753.761683,0,730
331639.481694,382678.469351,0,730
332226.833741,382881.869685,0,730
331911.713361,382836.006014,0,730
332145.098575,382706.375318,0,730
332057.080541,382850.08719,0,730
331638.362854,382647.093619,0,730
331676.149437,382525.955488,0,730
332082.175551,382899.734508,0,730
332208.409204,382936.741512,0,730
331610.568242,382573.437334,0,730
331671.006485,382548.566065,0,730
332141.226284,382910.798028,0,730
331646.120638,382626.526047,0,730
332085.007198,382712.868739,0,730
331858.893051,382729.170191,0,730
331861.334685,382805.45272,0,730
331579.088971,382622.863717,0,730
331611.0471,382668.092807,0,730
331987.44848,382696.020951,0,730
332032.332316,382750.170797,0,730
331623.507357,382713.619697,0,730
332422.365566,382909.448979,0,730
332210.254962,382746.307314,0,730
332396.630124,382774.36763,0,730
332310.470733,382849.183685,0,730
332057.605701,382850.460115,0,730
332160.60811,382819.156248,0,730
332387.771536,382862.593355,0,730
331804.741184,382578.21493,0,730
332020.433189,382654.738755,0,730
331723.401887,382584.152292,0,730
331754.371164,382695.535052,0,730
332240.403609,382782.336421,0,730
332010.426282,382854.475147,0,730
332205.89225,382869.584187,0,730
332013.161935,382814.692385,0,730
332198.090045,382827.758827,0,730
332091.916032,382748.811751,0,730
332099.589443,382749.633636,0,730
331771.696924,382573.900594,0,730
332202.304471,382765.728488,0,730
331868.424783,382855.901715,0,730
331658.118251,382680.28269,0,730
331861.431981,382706.650678,0,730
331651.136161,382685.427159,0,730
331630.166995,382667.681577,0,730
332332.561273,382934.690836,0,730
331784.305712,382714.64663,0,730
332097.035953,382776.403282,0,730
331576.345208,382701.660076,0,730
332143.489924,382729.532781,0,730
331976.36773,382783.950386,0,730
332185.925102,382760.135535,0,730
332329.977324,382845.299134,0,730
332028.314565,382754.477328,0,730
332231.382466,382865.682692,0,730
332418.138741,382978.185478,0,730
332104.157231,382673.968013,0,730
331839.585579,382749.06664,0,730
332396.744333,383014.401262,0,730
331868.831066,382750.782546,0,730
332129.62753,382923.233516,0,730
331709.442034,382569.924884,0,730
332144.896243,382884.351868,0,730
332363.730262,382947.796568,0,730
331830.106565,382577.998502,0,730
332363.550228,382882.557285,0,730
331933.013093,382873.313663,0,730
331702.302714,382622.567632,0,730
331879.210933,382854.376018,0,730
332345.382518,383002.791146,0,730
332231.377415,382771.038869,0,730
332266.785397,382766.179293,0,730
331857.710794,382582.523944,0,730
331784.720751,382579.754171,0,730
332456.311385,382776.17807,0,730
331799.731065,382817.291615,0,730
332307.067324,382923.782884,0,730
332466.648649,382799.502634,0,730
332321.387794,383000.896185,0,730
331898.838911,382717.572835,0,730
332480.028634,382816.71353,0,730
332029.47102,382828.241886,0,730
332378.849087,382816.189521,0,730
332242.172417,382884.073585,0,730
332025.110778,382660.814772,0,730
332424.926113,382905.664855,0,730
331732.650246,382639.978208,0,730
332381.806049,382839.170765,0,730
332084.620332,382878.330907,0,730
332036.068899,382751.670179,0,730
331781.110313,382608.829114,0,730
331950.389868,382844.01428,0,730
331998.981129,382891.262667,0,730
331706.370676,382592.67213,0,730
332422.767539,382882.709434,0,730
332139.327084,382686.787494,0,730
331843.507703,382845.149444,0,730
331685.00015,382563.090331,0,730
331910.465479,382637.070888,0,730
332170.190229,382862.218777,0,730
331670.116612,382529.431008,0,730
331825.976072,382602.056027,0,730
331762.691487,382681.751997,0,730
331777.463422,382620.195021,0,730
331809.710043,382578.052957,0,730
331696.478942,382651.335999,0,730
332105.481189,382923.697061,0,730
332003.878864,382772.115129,0,730
332389.955328,382883.067701,0,730
332171.676755,382797.099193,0,730
331742.077598,382616.086455,0,730
331776.967288,382575.783544,0,730
332233.302548,382906.038372,0,730
332336.877973,382920.824938,0,730
331620.366707,382686.436799,0,730
331613.183515,382623.003925,0,730
331842.56815,382700.243538,0,730
332390.479188,382758.263594,0,730
331560.89844,382624.045602,0,730
331898.824693,382735.120174,0,730
331838.44656,382793.340306,0,730
331912.394103,382851.14787,0,730
331999.182482,382768.162102,0,730
332137.701076,382869.323928,0,730
332020.024005,382776.873348,0,730
331907.526013,382629.11799,0,730
332189.153866,382788.013928,0,730
332134.882845,382692.840062,0,730
332086.629001,382899.878471,0,730
332135.304814,382709.649101,0,730
332032.295273,382698.031938,0,730
331835.558599,382698.694508,0,730
331663.267778,382714.357829,0,730
331600.937768,382657.818338,0,730
331587.406983,382692.857519,0,730
331651.800012,382709.508547,0,730
332281.488224,382805.529714,0,730
331849.530048,382774.89662,0,730
331828.957921,382605.728212,0,730
331840.95317,382652.270047,0,730
331807.272515,382661.565524,0,730
332273.980741,382975.969084,0,730
332074.818041,382886.625665,0,730
332341.050871,382932.022422,0,730
331760.591117,382765.272087,0,730
332365.199364,382967.361557,0,730
331710.722075,382679.241598,0,730
332337.742837,382805.529577,0,730
331834.04958,382739.396603,0,730
331836.045426,382836.691906,0,730
332130.494486,382726.747326,0,730
331690.963216,382636.48474,0,730
332192.171799,382811.372165,0,730
331576.697555,382556.860837,0,730
332137.708843,382902.144371,0,730
331879.806835,382599.716482,0,730
332210.54428,382898.692465,0,730
332419.06177,382981.266849,0,730
331637.245709,382631.696011,0,730
331821.44395,382842.179308,0,730
331644.25524,382532.358747,0,730
332185.094715,382838.013199,0,730
332209.044473,382935.497362,0,730
331904.889116,382809.341496,0,730
331845.45748,382612.587683,0,730
332377.02882,383005.809669,0,730
332091.349611,382753.386351,0,730
332168.065537,382831.143002,0,730
332268.969498,382860.261376,0,730
332057.612697,382886.908782,0,730
332343.640255,382934.71576,0,730
331994.721201,382726.994772,0,730
331596.201685,382616.84067,0,730
332420.678212,382918.268749,0,730
332026.104329,382905.891136,0,730
332379.182113,382992.277978,0,730
331813.295222,382767.908316,0,730
332235.503758,382713.536649,0,730
331969.749678,382798.810807,0,730
332135.528299,382703.251291,0,730
331563.472468,382697.870212,0,730
332019.127383,382657.986118,0,730
332096.608651,382708.76114,0,730
332436.808857,382912.143191,0,730
331778.415716,382596.020643,0,730
332017.23162,382811.794922,0,730
332134.586525,382781.244515,0,730
332177.859705,382714.406573,0,730
332429.397081,382798.651314,0,730
331613.916493,382533.283234,0,730
332406.085781,382896.387081,0,730
331547.482994,382643.277162,0,730
332430.730654,382912.3567,0,730
332387.480617,382774.103466,0,730
331735.895073,382586.135319,0,730
332266.711005,382920.412552,0,730
331883.306289,382743.177864,0,730
331892.490996,382729.470774,0,730
332242.875777,382911.359091,0,730
332119.304736,382765.315565,0,730
332067.587832,382749.384835,0,730
331842.411987,382580.370964,0,730
332295.764474,382722.117217,0,730
332417.322939,382898.885587,0,730
332064.28996,382721.354934,0,730
331936.115763,382724.16247,0,730
331548.821981,382626.832316,0,730
332015.359868,382858.183884,0,730
332408.6986,382945.59347,0,730
332192.204278,382854.286007,0,730
332256.960189,382933.052699,0,730
332354.56394,382914.517224,0,730
332479.009866,382800.195901,0,730
331618.803447,382645.04271,0,730
332380.887765,382741.786468,0,730
332201.698001,382836.848625,0,730
331567.970154,382700.818775,0,730
332131.257064,382813.396539,0,730
332379.962097,382846.118387,0,730
331611.023289,382547.467438,0,730
331568.717152,382694.958328,0,730
331956.455669,382792.790558,0,730
331763.214115,382726.479405,0,730
332053.035232,382824.391366,0,730
331803.240455,382628.65119,0,730
331951.127927,382616.418926,0,730
331892.865853,382653.427996,0,730
332211.763995,382879.938048,0,730
332128.94823,382835.792772,0,730
331653.469767,382612.458395,0,730
332261.361112,382929.566911,0,730
332298.598555,382891.449526,0,730
332239.686215,382913.027049,0,730
331817.248502,382688.357764,0,730
332443.334718,382782.539335,0,730
332115.243601,382802.239079,0,730
331689.514278,382604.130211,0,730
331789.724693,382599.927985,0,730
331932.046101,382685.654179,0,730
331967.74758,382686.041427,0,730
332186.489274,382907.779621,0,730
331832.63642,382843.871617,0,730
331959.25646,382819.855317,0,730
332398.818856,382783.856184,0,730
332303.51341,382980.149525,0,730
331898.470677,382629.0543,0,730
332116.081913,382827.400279,0,730
331874.457142,382760.973402,0,730
332315.036418,382787.521451,0,730
332368.325054,382825.854776,0,730
331797.871017,382608.345994,0,730
331813.973264,382771.969976,0,730
331764.578731,382599.459359,0,730
332088.400115,382819.086387,0,730
332429.740354,382904.503125,0,730
332268.795041,382755.843379,0,730
332232.07872,382938.465738,0,730
331994.659749,382672.409583,0,730
332356.12582,382894.442318,0,730
332026.764832,382634.747737,0,730
331675.428194,382601.639822,0,730
331971.371191,382621.271864,0,730
331789.31761,382807.157281,0,730
331662.264684,382560.082925,0,730
332141.612212,382817.70302,0,730
332284.108773,382841.779353,0,730
331996.662015,382749.983237,0,730
331769.364517,382555.22738,0,730
331975.503388,382833.82675,0,730
332121.232591,382918.235856,0,730
332124.900921,382858.287525,0,730
331640.471771,382645.894316,0,730
331787.330412,382834.530809,0,730
332276.090132,382976.759666,0,730
331921.408076,382870.914655,0,730
331940.888607,382856.460333,0,730
332238.936194,382974.764281,0,730
332214.662819,382943.001193,0,730
332219.847354,382696.245371,0,730
332422.547235,382840.742363,0,730
332430.534377,382858.267289,0,730
332396.317793,383023.688425,0,730
332103.621254,382721.356384,0,730
332186.110143,382759.297839,0,730
332018.29994,382787.902921,0,730
331956.359345,382728.765949,0,730
331605.87323,382651.736324,0,730
331739.472816,382805.998058,0,730
331942.126763,382671.87006,0,730
331734.942378,382552.192872,0,730
331868.944744,382633.127293,0,730
332142.872882,382931.879694,0,730
331928.873457,382653.379027,0,730
331621.353837,382590.434971,0,730
331646.240606,382557.682462,0,730
331604.22096,382698.181323,0,730
332034.620797,382767.075778,0,730
332260.083643,382881.172868,0,730
331642.008445,382666.496805,0,730
332335.887115,382801.557105,0,730
331591.771903,382597.222515,0,730
332294.14895,382971.971895,0,730
332138.278084,382792.513959,0,730
332388.032626,383005.769037,0,730
331793.089262,382800.396796,0,730
331675.158428,382594.489826,0,730
331798.709296,382582.494867,0,730
331667.65267,382621.815479,0,730
331698.389122,382597.46613,0,730
332148.638633,382746.489442,0,730
331973.919015,382752.092573,0,730
332037.268075,382686.613225,0,730
332350.707904,382914.494416,0,730
332369.362405,382867.838044,0,730
332225.040884,382725.547563,0,730
332143.496928,382925.562977,0,730
331970.733856,382736.343304,0,730
332398.303156,382893.617089,0,730
332191.683608,382822.182459,0,730
332085.240179,382905.105169,0,730
331595.116077,382611.194064,0,730
331984.0913,382671.847068,0,730
331784.171954,382778.371299,0,730
331816.649218,382726.879641,0,730
332183.964563,382881.346182,0,730
331634.316709,382632.94521,0,730
332321.360022,382760.184782,0,730
332172.163287,382730.065529,0,730
332234.957204,382889.30856,0,730
332302.609552,382867.315559,0,730
332229.206406,382755.703159,0,730
331950.603659,382710.391968,0,730
331670.873407,382607.740356,0,730
332012.412979,382641.030453,0,730
331939.836175,382693.596331,0,730
331988.366338,382860.877812,0,730
331840.089041,382703.234015,0,730
331785.864243,382783.833841,0,730
331806.843415,382687.75528,0,730
331876.451251,382633.638489,0,730
332151.585326,382702.91253,0,730
331923.455218,382686.413164,0,730
331864.446463,382625.612967,0,730
331606.060356,382586.94157,0,730
332477.853974,382795.652768,0,730
331852.559386,382745.275956,0,730
331854.744652,382849.755796,0,730
331908.980447,382685.197611,0,730
332263.680195,382865.85719,0,730
332420.269304,382824.754636,0,730
332165.49505,382680.447304,0,730
332128.487677,382835.239938,0,730
332363.426704,382876.724033,0,730
332212.958092,382930.990517,0,730
332440.022197,382888.326375,0,730
332336.133203,382956.742671,0,730
331806.506565,382742.470053,0,730
332225.424968,382754.340224,0,730
332396.77075,382823.322321,0,730
331765.893899,382602.489141,0,730
332174.270154,382931.83013,0,730
332223.00878,382694.264032,0,730
332389.436647,383023.722754,0,730
331568.600996,382586.850034,0,730
332359.230296,382763.056463,0,730
332172.962028,382759.445676,0,730
332039.719047,382909.07296,2,730
332273.425274,382916.642546,12,730
332272.486226,382847.367343,13,730
332370.305861,382894.623403,16,730
332234.673667,382974.460112,25,730
331875.867335,382805.004464,28,730
332264.049938,382755.338094,51,730
332110.214602,382907.769999,64,730
332407.936689,383008.319385,65,730
331693.40188,382603.692014,74,730
331837.287389,382671.914404,80,730
331764.019102,382577.856519,104,730
332387.521736,382779.30775,122,730
332237.85143,382956.252396,148,730
332123.449871,382824.645334,156,730
332317.908541,382758.725077,189,730
331818.322372,382820.594919,212,730
331680.255384,382648.045233,223,730
332454.698035,382789.173656,229,730
332204.35712,382905.166705,235,730
332384.036113,382910.313127,272,730
332387.521736,382779.30775,287,730
331812.509603,382753.367445,293,730
331989.957422,382797.565865,294,730
332454.698035,382789.173656,295,730
332093.18238,382839.964102,304,730
331873.902031,382643.003404,309,730
332370.305861,382894.623403,329,730
331922.539272,382782.400647,357,730
331980.487056,382818.514451,358,730
332347.495658,382974.146819,363,730
331693.40188,382603.692014,368,730
332302.845902,382818.872563,405,730
332466.438064,382847.412564,415,730
332284.897373,382738.308812,432,730
331764.019102,382577.856519,442,730
332379.646217,382886.820991,483,730
332195.067386,382901.633711,488,730
332100.175989,382850.180303,504,730
331979.028779,382738.907823,505,730
331617.486684,382699.523992,551,730
331635.182477,382698.54124,554,730
332431.470136,382845.954898,564,730
331603.49497,382573.957204,569,730
331898.753639,382793.823737,592,730
331617.486684,382699.523992,627,730
332189.864182,382823.048121,649,730
331838.260221,382594.062641,680,730
332466.438064,382847.412564,685,730
332155.991994,382832.106903,688,730
332255.838319,382922.902217,696,730
331875.867335,382805.004464,702,730
332073.288243,382767.661471,715,730
