328017.631837,381076.627506,0,730
327952.232755,381067.94885,0,730
327782.838939,381057.711505,0,143
328087.135875,381033.99207,0,710
328002.357435,381140.116513,0,8
327899.645961,381032.03927,0,730
327843.319473,381114.318731,0,113
327970.292604,381092.68377,0,712
328030.20447,381107.093248,0,730
327932.408925,381121.094144,0,456
328191.504041,381031.155223,0,730
327969.218142,381092.704797,0,730
328130.696796,381104.820519,0,229
327887.298334,381131.118526,0,730
328085.593433,381102.018767,0,730
328229.007044,381066.437733,0,300
328202.150907,381069.16274,0,730
327770.541953,381095.373453,0,730
327755.694916,381130.392777,0,730
328166.094635,381053.374329,0,730
328284.705405,381034.550674,0,730
328074.175438,381068.124223,0,730
328089.925884,381073.290885,0,730
327796.540433,381093.408151,0,730
327947.470412,381132.947814,0,730
327998.60082,381091.444393,0,730
328123.75437,381059.703299,0,291
327897.745976,381115.57615,0,730
328265.931101,381049.693002,0,730
328031.421887,381079.822514,0,730
328134.219256,381046.366409,0,559
328082.256424,381066.725712,0,730
328098.92626,381089.591175,0,730
328053.140807,381037.090496,0,577
327932.297421,381086.152388,0,636
327766.467485,381143.448512,0,293
327685.810269,381154.929415,0,730
328125.632573,381109.174163,0,730
327771.05597,381139.44192,0,730
328093.893851,381073.245242,0,431
327926.963258,381091.082955,0,730
327842.57099,381070.976189,0,730
328028.834899,381075.676124,0,730
328089.22187,381114.88658,0,730
327791.141874,381077.871334,0,372
328192.11773,381056.663831,0,730
327762.822623,381081.627761,0,182
328258.830155,381012.754054,0,127
328300.543459,381007.696612,0,416
328000.338766,381030.20039,0,730
327746.193115,381091.995984,0,730
328145.74543,381080.334372,0,730
328304.7248,381003.769523,0,730
328279.302282,381016.739708,0,730
327727.26039,381163.337445,0,446
328138.684162,381059.105976,0,614
328082.697584,381057.778233,0,376
328213.756669,381065.302177,0,730
327798.501365,381089.10467,0,95
328134.440717,381026.885626,0,730
328062.231137,381067.286558,0,730
327822.33952,381137.944829,0,730
328074.586488,381086.349866,0,730
327748.890637,381098.239346,0,363
328312.321699,381003.688789,0,730
328058.34425,381034.630508,0,730
328160.875186,381085.795333,0,40
327987.89015,381122.505377,0,730
328072.700015,381110.739736,0,730
328249.759393,381034.380037,0,730
328029.988649,381119.743999,0,730
327974.596557,381045.747324,0,730
327881.167261,381118.545621,0,730
328133.635263,381054.392498,0,730
327707.620064,381135.894062,0,730
327823.818371,381077.525043,0,730
327973.282527,381046.217877,0,730
327769.134255,381118.212516,0,730
328173.656114,381055.774588,0,730
328031.624328,381007.894785,0,730
327964.126954,381078.448203,0,119
327869.546106,381066.75744,0,730
328244.352852,381025.539273,0,730
327794.305871,381048.500391,0,730
327739.474568,381131.145188,0,730
328089.55533,381036.369623,0,730
328199.433141,381026.525809,0,730
327799.517565,381095.176229,0,422
328127.545896,381078.06209,0,422
328261.024629,381051.726863,0,601
328121.675911,381078.369103,0,730
327928.000685,381077.666298,0,663
328130.541174,381078.784857,0,730
327982.676806,381090.171569,0,730
328185.794,381033.25816,0,730
327898.756777,381052.375672,0,730
327894.550321,381058.811871,0,111
328075.305099,381104.069149,0,606
327976.626837,381037.644996,0,322
328120.915954,381045.740286,0,379
327687.139992,381140.859681,0,730
327987.638656,381091.421331,0,730
327692.982173,381162.867967,0,730
327696.852928,381110.123076,0,520
327799.429298,381079.552098,0,730
327828.827687,381142.746348,0,435
327943.09972,381027.266624,0,730
328015.369217,381097.966233,0,71
327794.211125,381059.440067,0,730
328198.515558,381049.777765,0,730
327659.765009,381145.235795,0,730
327848.729761,381107.490144,0,730
328297.661584,381051.977223,0,730
327701.925966,381100.880415,0,125
328188.462463,381024.181514,0,651
328168.309888,381073.721099,0,730
327913.035289,381059.653448,0,168
328112.007407,381024.073441,0,730
327946.641037,381070.557212,0,730
327824.941525,381108.68653,0,730
327824.699583,381100.782564,0,458
327979.593216,381109.556537,0,730
328309.910175,381018.139267,0,730
327878.585394,381037.832322,0,373
327811.086948,381088.070977,0,721
328119.54776,381111.203895,0,730
328169.404733,381089.957659,0,730
328176.277234,381041.760313,0,77
328050.930196,381043.195602,0,730
327984.158068,381115.61914,0,730
328050.554682,381116.02621,0,519
328107.343045,381038.286525,0,560
328157.446231,381073.288631,0,480
327696.380046,381140.433696,0,619
328070.434767,381091.767277,0,730
328034.868088,381068.107266,0,730
328000.577911,381107.642444,0,730
328019.274671,381101.501007,0,354
328246.854285,381001.636907,0,490
327880.627924,381098.135956,0,730
328107.834837,381056.635414,0,288
327986.83769,381131.669293,0,730
328003.371887,381025.905941,0,350
327799.606161,381120.468942,0,371
327944.184055,381033.534837,0,730
327785.890611,381095.25381,0,443
327973.999592,381134.248941,0,152
327779.968228,381095.487354,0,730
327825.21143,381102.612628,0,730
328175.797312,381068.404802,0,730
328117.124181,381108.285585,0,531
327930.868639,381034.151085,0,7
328175.359117,381025.815348,0,730
327781.691778,381135.716051,0,183
327739.232481,381132.680556,0,730
327827.045819,381129.838183,0,730
327945.353398,381125.783797,0,730
327764.156211,381153.910288,0,649
328146.948742,381042.394445,0,626
328259.299149,381008.900132,0,730
327819.958026,381094.308392,0,722
327754.692806,381116.683526,0,730
327935.470595,381078.619577,0,730
327931.297002,381043.088612,0,730
327950.174086,381104.698751,0,730
327949.701739,381032.813319,0,61
328045.233736,381023.992477,0,730
327799.863839,381139.088046,0,730
327997.202389,381141.745461,0,730
327995.253062,381070.30737,0,730
327734.087271,381085.512088,0,730
327764.369798,381144.314229,0,295
327728.11654,381104.067488,0,730
328301.87577,381002.359621,0,730
327678.481591,381128.619081,0,299
327700.261393,381103.468228,0,730
328000.717769,381091.240506,0,730
327960.454905,381020.405725,0,328
328125.869642,381073.986366,0,730
328069.484992,381063.678658,0,730
327778.454186,381142.894475,0,730
328010.095008,381080.849641,0,491
327968.581567,381087.821402,0,730
328096.348581,381036.957491,0,172
328010.22101,381082.675535,0,730
327978.498261,381154.087374,0,403
328192.660751,381064.689891,0,730
327856.604185,381116.2786,0,225
328001.23589,381015.968778,0,730
328169.955977,381071.25662,0,75
327838.493513,381100.413116,0,368
327848.86571,381140.879945,0,730
327882.617178,381123.801413,0,730
327753.278525,381105.764552,0,352
328231.729299,381012.856942,0,662
327972.452577,381070.194615,0,292
327753.514115,381091.519886,0,730
327838.261601,381105.230532,0,263
327770.275108,381139.751371,0,642
328215.658289,381047.063657,0,730
327904.090136,381061.746311,0,459
327813.720281,381114.385385,0,730
327832.095352,381125.891064,0,447
327946.59973,381050.935495,0,730
327904.754446,381054.706374,0,730
328188.685152,381070.66758,0,730
328307.943277,381021.544575,0,730
328011.193363,381094.210654,0,117
327925.809674,381080.407079,0,227
328139.356972,381044.50275,0,730
328091.840478,381050.270923,0,730
327946.046082,381106.214842,0,730
328227.187593,381010.738824,0,730
327984.203484,381063.228168,0,506
327706.342845,381112.051366,0,730
328069.127659,381105.833698,0,730
327804.706604,381051.91439,0,730
327769.802523,381103.147416,0,165
327872.245368,381072.743427,0,730
327821.635412,381088.43299,0,427
328302.455559,381010.26227,0,730
327873.040241,381048.907908,0,242
327775.808696,381051.257676,0,730
327946.468385,381048.476135,0,420
327713.401808,381108.125054,0,730
327956.210734,381032.114023,0,730
328208.167132,381018.50699,0,35
328053.858001,381120.989194,0,107
328123.761313,381082.797943,0,730
328105.642023,381049.576845,0,730
328037.016337,381120.482686,0,730
328245.882512,381023.675085,0,730
327710.164968,381107.691583,0,730
328171.919477,381055.685458,0,730
328003.141517,381145.403339,0,730
327746.670056,381157.21713,0,723
328267.56215,381007.926059,0,730
327828.814354,381125.188029,0,730
327841.865154,381097.119105,0,274
328299.109861,380987.942493,0,730
327750.578901,381146.662604,0,730
327720.221938,381095.150158,0,730
327866.699335,381085.134432,0,730
327741.697093,381136.198348,0,730
328138.176109,381039.721781,0,730
327830.96622,381068.348124,0,730
327847.706128,381075.739364,0,689
328249.664369,381043.505799,0,81
328015.18376,381022.396176,0,730
327937.201122,381057.613606,0,707
328120.193127,381073.155678,0,51
327936.781948,381103.362332,0,730
327850.296914,381062.935567,0,730
327944.635912,381038.255378,0,488
327830.047167,381072.098273,0,469
327682.789475,381166.559193,0,730
328193.047431,381040.627337,0,730
327887.296711,381093.89235,0,730
327976.190736,381033.242178,0,411
327763.123498,381105.244085,0,730
327677.3657,381123.561138,0,28
327981.683912,381101.496083,0,730
328256.428149,381027.658926,0,547
328083.807611,381047.525754,0,730
327963.849481,381061.397085,0,594
327985.243186,381047.97087,0,730
327716.054926,381164.006758,0,730
328100.437796,381107.882753,0,317
328183.113781,381064.770189,0,730
327783.250149,381069.500279,0,730
327996.517587,381140.514387,0,482
327739.236906,381106.114918,0,730
328297.654374,381041.274976,0,730
327719.733827,381111.071574,0,166
328308.836964,380986.694724,0,730
328238.218158,381013.737278,0,730
328010.000992,381049.533491,0,730
328101.779857,381067.404195,0,730
327889.120017,381048.799176,0,430
328006.497292,381133.968713,0,730
328051.068545,381105.486124,0,730
327982.160408,381062.259806,0,504
327749.749091,381139.331316,0,730
328300.092358,381037.296358,0,248
328015.780268,381042.687117,0,730
327721.17741,381100.94512,0,730
328295.540803,381019.164564,0,730
328157.165927,381029.452496,0,706
328083.171117,381045.280832,0,730
328114.866056,381064.518316,0,730
327764.501458,381092.483557,0,477
328114.081573,381110.003224,0,730
327743.147308,381116.961783,0,730
328302.773973,381017.78272,0,620
328055.551622,381101.661032,0,730
328139.465545,381026.373921,0,41
328222.921607,381042.886506,0,730
327838.642576,381125.26482,0,355
327696.308769,381142.396832,0,730
327727.63167,381147.890904,0,358
328137.915149,381066.929252,0,730
328138.093143,381040.808454,0,213
327953.874516,381086.397266,0,730
327683.90695,381116.877057,0,440
328079.868228,381039.896441,0,730
328265.470092,381036.451291,0,730
328031.932648,381083.182291,0,730
328303.798139,381002.355187,0,82
327989.254684,381097.24341,0,730
328009.292531,381008.663001,0,730
328220.610359,381015.348178,0,36
328081.664608,381032.608396,0,607
328208.849514,381040.700107,0,730
327879.798459,381132.93009,0,730
327896.433005,381062.294226,0,730
328029.488933,381095.145276,0,29
327935.740275,381089.327758,0,730
327883.230646,381084.569078,0,730
327973.931355,381015.370279,0,256
327658.984156,381155.393148,0,272
327967.283124,381080.613087,0,524
328140.533933,381061.926745,0,580
327788.135665,381090.905626,0,730
327698.048403,381134.204036,0,730
328161.485563,381031.253743,0,730
327750.990505,381156.56525,0,730
328249.709631,381062.320262,0,730
328318.43662,381026.020685,0,730
327817.606762,381079.420991,0,504
327748.760762,381079.006842,0,187
327797.433497,381059.23457,0,65
328218.154953,381058.524706,0,730
328133.854122,381067.019214,0,730
328297.436952,380997.507635,0,563
328041.327673,381044.969224,0,674
328286.606977,381025.354182,0,730
328068.634312,381058.326188,0,713
327956.707866,381098.19051,0,730
327798.181869,381061.976862,0,730
328079.625609,381026.410937,0,730
327970.195975,381035.535182,0,407
328271.294663,381013.525468,0,730
328003.394694,381046.118306,0,730
327854.848201,381060.457371,0,374
327988.189126,381102.663307,0,730
327702.800272,381158.8214,0,323
327966.370493,381129.208096,0,629
328168.767015,381058.057769,0,517
327862.493763,381097.348611,0,730
327815.524525,381104.586371,0,730
327951.517304,381076.922022,0,666
327862.221508,381128.416296,0,730
327867.584129,381106.401515,0,730
328243.526881,381048.86911,0,730
327688.030385,381146.817161,0,528
327672.953501,381125.671309,0,484
327950.385018,381021.958063,0,730
328049.975823,381090.805059,0,730
327789.462793,381132.035775,0,186
327716.554509,381126.540441,0,730
327818.902506,381126.899175,0,730
328199.503887,381021.556075,0,730
328263.125764,381032.643145,0,255
327773.615619,381074.518654,0,730
327932.742662,381078.597776,0,730
328108.498281,381108.624065,0,730
328219.404419,381048.375558,0,353
327667.381408,381148.486519,0,730
328215.399967,381068.100022,0,55
328097.797731,381028.298494,0,730
327954.689674,381126.139628,0,302
327717.902392,381130.334049,0,395
327970.435212,381147.675448,0,730
328266.568078,381027.926419,0,730
328155.355093,381058.178132,0,730
327753.972712,381100.051618,0,730
327827.221647,381139.614657,0,716
327888.463414,381109.595305,0,730
328109.901018,381038.004764,0,730
327942.295217,381122.721978,0,533
327690.203556,381171.402591,0,730
327723.308384,381094.759136,0,730
327841.761131,381087.858978,0,730
327890.700367,381090.549414,0,23
327687.154463,381109.469785,0,212
328207.367221,381049.331485,0,593
327664.435023,381142.046032,0,730
327888.154969,381042.511534,0,730
327999.455483,381101.42114,0,730
328034.115853,381116.208628,0,730
327858.943253,381081.368318,0,618
328052.906812,381085.404857,0,730
327779.264422,381136.073444,0,730
328076.877245,381050.342634,0,730
327727.392378,381152.204291,0,730
327792.310269,381072.460142,0,685
327745.865977,381158.337239,0,477
328023.519605,381013.000578,0,730
327867.758215,381099.770411,0,730
327810.904176,381059.053938,0,701
327967.878729,381036.684955,0,730
327822.854389,381090.513523,0,730
327824.625793,381141.19084,0,730
327733.903274,381118.477829,0,216
328012.080112,381064.863425,0,708
327985.347042,381014.011195,0,730
328275.275432,381005.512415,0,161
328029.635315,381014.899181,0,76
328082.619606,381082.825483,0,730
328147.983007,381096.670426,0,730
328047.031327,381108.633667,0,427
327981.819181,381101.419846,0,730
327818.899433,381147.884443,0,730
328061.633683,381052.711735,0,81
328080.483945,381074.520039,0,730
328138.300779,381052.866455,0,730
327816.402474,381114.253149,0,730
327979.81123,381041.411572,0,730
327808.059662,381127.724051,0,730
328212.881128,381019.910037,0,730
328051.409433,381117.072776,0,730
327775.016897,381145.444455,0,224
328064.994484,381118.400536,0,730
328264.543883,381033.132349,0,312
327954.678235,381119.586902,0,12
327727.575961,381151.021207,0,730
328075.702202,381048.99246,0,730
327861.088798,381074.965601,0,730
327793.366324,381145.786838,0,730
327845.929443,381130.004045,0,138
327777.20908,381140.682617,0,730
328069.03359,381087.906453,0,660
327999.088482,381112.501605,0,730
327958.126585,381021.766383,0,730
328190.006032,381027.877371,0,730
328080.501638,381091.51566,0,730
328109.20533,381055.16894,0,185
327716.102567,381122.958302,0,730
327889.923934,381056.310549,0,730
327646.460842,381137.329798,0,328
328109.7302,381075.306062,0,730
328231.045913,381063.547226,0,387
328020.15678,381115.780638,0,378
328121.1158,381044.654636,0,730
328030.45171,381098.017203,0,730
328024.805308,381018.417697,0,599
328042.120397,381039.091624,0,246
327715.484286,381095.344667,0,730
327897.523076,381124.906183,0,730
328066.555678,381048.15068,0,730
327978.609299,381067.813996,0,629
327981.124084,381036.365638,0,659
327925.330595,381116.990197,0,58
327937.358258,381054.855222,0,467
327741.024974,381167.55025,0,581
327801.346214,381129.379498,0,730
327762.925246,381153.712076,0,730
328135.561012,381046.462466,0,280
327744.902152,381128.767402,0,621
327966.626736,381034.146378,0,730
327703.190568,381145.886382,0,263
328041.549252,381088.110251,0,730
327827.177423,381067.934894,0,720
327988.451295,381147.368366,0,91
327774.941476,381144.809081,0,730
328189.269677,381087.963471,0,388
328142.284442,381096.366425,0,524
327888.827124,381037.194734,0,730
327828.892752,381099.519859,0,730
327812.127739,381075.02265,0,234
327774.870505,381074.200237,0,730
328070.624067,381029.375775,0,730
327923.72587,381113.329286,0,210
328062.627826,381029.645279,0,132
327906.099905,381028.884624,0,514
327801.891883,381089.427707,0,730
327901.763166,381103.625868,0,730
328017.841076,381097.881237,0,31
327784.214164,381090.24377,0,540
328048.702346,381041.928185,0,730
328144.934497,381091.123479,0,730
327841.144183,381070.982757,0,275
327715.394074,381141.452238,0,730
327917.21479,381116.433145,0,450
328033.104446,381019.488732,0,730
327932.534833,381087.104556,0,730
327685.445659,381113.852946,0,730
327861.196783,381130.479021,0,730
327720.186369,381108.068234,0,730
327956.622293,381059.424426,0,503
327722.084823,381136.103197,0,682
328032.051692,381087.048067,0,165
328021.281512,381070.02699,0,704
327711.667159,381131.701615,0,730
327871.599558,381099.00035,0,125
328096.04606,381107.076798,0,650
328029.115761,381023.227369,0,730
327708.260457,381171.724753,0,434
328261.553368,381063.088595,0,730
328137.363478,381078.041875,0,730
327691.801619,381112.784377,0,730
327997.43552,381086.255995,0,538
327936.111293,381074.020458,0,153
328186.135875,381037.005818,0,610
327697.698652,381139.354419,0,730
327898.070157,381087.323661,0,304
328065.958635,381109.878928,0,730
328240.014917,381031.927914,0,730
327909.618172,381100.053478,0,508
327716.330866,381092.03603,0,730
328042.823424,381084.278167,0,24
328126.91501,381064.918224,0,647
327985.109507,381112.181482,0,730
327736.417551,381167.820838,0,573
327933.863047,381055.203083,0,462
327849.492667,381101.57441,0,730
327983.361524,381062.879852,0,730
328200.450694,381070.221466,0,582
328121.923605,381083.928477,0,730
328266.397799,381000.591408,0,270
328144.425272,381022.298377,0,730
327939.546005,381085.312408,0,549
327730.890107,381094.977994,0,730
327989.968149,381124.269551,0,730
327737.98379,381142.143504,0,57
327985.38848,381101.144363,0,730
328214.159058,381041.631746,0,730
328087.745615,381098.840584,0,730
327952.981341,381080.231714,0,421
328244.390457,381052.23102,0,18
328026.396404,381084.344451,0,730
327777.668677,381054.422878,0,730
327775.743266,381108.373647,0,730
328162.901097,381050.583484,0,730
328317.784989,381020.958945,0,730
327949.108484,381102.276102,0,139
327715.311748,381103.999595,0,730
327797.201203,381126.598459,0,730
328254.948438,381034.508593,0,282
328139.754495,381032.38868,0,730
327933.264584,381109.445916,0,655
327819.910307,381055.623294,0,730
327689.890047,381115.14056,0,530
328056.279008,381030.690516,0,611
328254.172846,381030.52529,0,47
328084.150043,381089.876678,0,730
328043.002932,381013.45683,0,730
327771.23072,381129.654749,0,535
328001.34229,381114.821139,0,730
327697.16634,381161.488381,0,730
328231.110562,381040.039889,0,730
328217.673899,381023.312718,0,730
327920.590143,381042.295217,0,399
327727.028878,381144.43375,0,730
327755.00215,381130.982962,0,730
327993.626393,381151.993224,0,730
327921.539689,381029.21642,0,730
327875.634841,381037.880564,0,730
328158.545732,381037.75165,0,730
327980.095246,381081.52656,0,730
327953.982858,381111.40552,0,730
328180.838758,381051.281829,0,730
327954.040262,381045.12954,0,730
327793.47126,381145.386875,0,730
328173.317859,381091.209807,0,286
328247.606774,381016.70463,0,730
328169.92176,381086.157868,0,730
328255.020714,381031.269363,0,730
328002.512504,381108.541798,0,636
327848.897693,381138.513724,0,730
327993.118021,381020.367942,0,518
327812.220139,381128.031197,0,730
328134.240083,381085.036126,0,730
327800.25196,381104.00954,0,730
328005.608964,381146.096153,0,91
328294.657602,381011.533401,0,730
327955.876391,381111.610135,0,730
328313.947047,381021.029301,0,730
327989.387527,381051.41199,0,730
327961.483982,381045.46738,0,664
327796.009477,381048.426443,0,551
328294.778502,381010.706584,0,426
328174.098121,381093.37116,0,305
327767.262121,381059.93935,0,730
328047.58203,381110.675233,0,730
327857.873359,381072.362977,0,5
327757.451254,381080.999031,0,19
328090.482417,381118.133504,0,730
327928.821554,381064.605826,0,730
327810.039683,381130.536084,0,730
328181.808132,381064.264761,0,505
327949.909834,381031.95092,0,730
327791.064198,381066.925703,0,730
327847.945466,381056.132076,0,730
328242.458239,381033.670907,0,730
328006.149461,381114.571968,0,730
327968.585128,381131.593055,0,730
327961.867091,381016.684699,0,219
328006.625939,381072.455336,0,730
328006.149471,381043.541769,0,730
328010.899538,381051.402974,0,665
328065.10026,381035.789162,0,261
327995.466177,381052.051484,0,296
328220.388405,381011.552058,0,730
328120.811332,381022.909292,0,730
328183.953644,381050.084236,0,730
327679.633977,381141.401905,0,730
327688.848613,381146.044913,0,730
327896.066541,381127.817542,0,123
328225.127104,381044.450972,0,730
328112.690557,381072.786527,0,319
328028.614195,381018.115743,0,730
327743.513629,381094.322464,0,730
327886.884613,381106.705285,0,423
328040.752256,381071.321275,0,730
327735.861555,381107.325327,0,511
327950.539891,381055.526956,0,730
328162.848988,381027.850659,0,170
327969.138835,381109.885898,0,178
328086.798023,381063.90082,0,730
327874.877189,381070.899403,0,730
328152.626786,381033.695002,0,730
328111.648908,381076.432037,0,267
328032.61974,381075.996253,0,164
327691.994291,381160.112421,0,142
328026.383273,381099.231062,0,730
327869.150673,381060.159814,0,730
328021.637096,381118.383207,0,730
328024.128663,381117.124295,0,538
327922.708023,381040.131816,0,730
328199.953764,381018.058034,0,730
328268.915045,381038.65208,0,730
328187.754648,381081.67066,0,730
327874.714223,381091.741961,0,730
328039.129513,381021.356365,0,143
328056.139947,381041.569617,0,680
328022.77176,381106.804976,0,730
327796.408026,381097.246774,0,730
328015.744795,381095.529162,0,730
328032.70136,381037.918894,0,730
328062.625769,381029.079705,0,730
327890.064362,381093.670031,0,730
328001.30163,381112.367795,0,730
328159.087193,381047.446923,0,730
328016.918139,381110.846723,0,730
327736.464975,381081.908802,0,730
327768.429972,381069.552957,0,730
327743.184083,381157.702204,0,730
327808.913597,381099.973571,0,730
328261.732649,381047.19481,0,730
328219.915541,381071.220634,0,154
327801.067965,381141.787117,0,730
328167.727922,381027.948022,0,60
327953.735058,381116.621992,0,543
328279.649773,381043.809697,0,715
328216.389912,381071.117498,0,730
327896.608252,381128.965723,0,195
328098.424242,381083.145707,0,268
328055.404694,381101.356452,0,413
328106.160327,381073.274577,0,401
327773.741359,381138.621384,0,730
327735.622441,381096.526202,0,235
328067.767168,381066.475444,0,730
327734.395576,381116.339597,0,730
327954.085375,381070.860309,0,270
327736.946053,381091.631317,0,121
328161.22645,381059.51233,0,730
328275.275204,381026.61393,0,730
328161.186748,381060.80883,0,730
328045.516531,381069.976134,0,69
327780.991543,381103.233652,0,730
327838.339768,381056.548614,0,730
328236.664233,381028.737249,0,730
327781.66327,381121.395452,0,730
327929.087066,381099.288277,0,730
327872.661344,381044.479373,0,730
327771.389076,381124.542537,0,597
328003.480404,381066.909182,0,730
327999.258788,381030.617468,0,730
327974.043878,381143.657808,0,730
328108.828286,381030.645174,0,684
327888.512798,381035.281435,0,730
327689.759028,381168.869308,0,627
328077.010495,381083.167527,0,730
327808.586366,381108.349599,0,443
328248.111684,381014.430136,0,730
328267.430785,381042.408667,0,215
327796.335946,381142.805416,0,730
327794.704713,381132.010752,0,599
327967.648201,381100.31412,0,730
328292.833701,381031.760362,0,730
328298.81678,381002.060081,0,730
328087.192655,381030.39685,0,730
328183.829488,381072.995853,0,730
328077.051409,381083.522008,0,730
327896.658384,381056.148438,0,393
327853.954503,381104.821267,0,730
328133.204143,381034.307179,0,698
327652.805501,381134.961484,0,393
328079.328536,381067.758646,0,730
327773.660772,381064.732871,0,547
327830.1623,381123.125754,0,730
327979.981133,381130.801184,0,730
328195.785167,381042.049406,0,730
328248.145042,381031.828953,0,694
327700.453458,381115.616414,0,730
327747.213573,381142.831041,0,661
327966.223736,381072.82049,0,653
328001.227012,381073.249603,0,730
328093.472048,381030.053403,0,730
328129.247898,381083.776989,0,730
328146.524062,381031.168934,0,349
327880.487174,381084.975725,0,531
328112.123917,381032.123883,0,730
328309.066284,381005.72377,0,237
327747.364207,381099.379193,0,730
328234.238936,381058.979415,0,541
327776.532912,381095.699842,0,45
327708.000315,381160.401144,0,730
328265.035317,381063.355347,0,730
327766.545551,381107.843307,0,304
328044.225506,381076.287359,0,649
327960.625649,381073.936824,0,205
327825.836544,381086.730239,0,730
328058.042536,381020.738086,0,157
328127.294578,381052.103565,0,622
328052.277447,381098.046124,0,181
327971.4837,381072.046343,0,730
327791.287463,381058.229019,0,730
327954.232457,381058.058659,0,532
328038.199497,381052.498212,0,730
327864.160188,381079.551787,0,730
327962.509492,381059.812012,0,595
328045.651167,381094.823644,0,730
327966.295239,381133.187736,0,605
328011.428652,381102.766379,0,169
328270.808507,381040.044657,0,730
327691.100248,381110.040597,0,730
327655.894271,381132.307239,0,730
327965.98006,381083.546874,0,730
327682.226141,381119.181797,0,730
327771.225849,381150.276536,0,428
327725.248268,381161.069841,0,730
328021.206957,381131.224603,0,93
327873.678353,381095.80231,0,694
328019.51823,381122.774665,0,730
328001.878887,381092.530597,0,709
327881.400665,381058.517384,0,463
328270.07408,381057.434924,0,730
328303.701379,380986.404636,0,705
327833.842903,381065.730381,0,607
327787.231956,381066.89116,0,656
328192.501272,381060.494172,0,419
327934.917793,381031.138992,0,730
328238.581319,381014.991459,0,730
328316.370063,381030.498312,0,432
328117.373841,381091.794817,0,730
327900.536554,381097.975492,0,730
328001.956527,381023.802951,0,565
328050.812435,381028.076202,0,730
328054.041032,381089.276456,0,249
327892.103872,381053.175823,0,639
327878.04155,381083.244885,0,245
327984.373066,381086.400747,0,281
327685.990785,381122.166993,0,651
328185.526106,381043.595325,0,730
327904.251992,381037.125308,0,730
327925.051382,381074.924498,0,730
327851.67707,381136.681585,0,408
327968.822952,381101.968575,0,579
328282.754008,381023.965125,0,730
328017.257927,381059.099512,0,730
328053.453205,381066.213045,0,730
327991.194296,381090.693378,0,31
328011.938628,381072.003968,0,87
327851.902034,381063.675561,0,730
327962.278481,381028.619031,0,730
327693.782906,381161.657343,0,730
327819.869356,381088.045449,0,289
327840.761586,381081.780581,0,730
328029.438737,381060.637329,0,730
327793.249748,381076.586378,0,576
328037.111945,381053.423694,0,730
328123.30395,381068.020527,0,730
327870.000474,381101.614525,0,730
327722.814999,381143.838826,0,730
328184.278561,381037.248935,0,730
327915.761554,381038.270014,0,324
328022.136959,381062.792302,0,604
327819.200276,381106.627044,0,730
328307.734666,381030.86414,0,492
327842.322501,381110.576193,0,284
328258.082901,381036.552282,0,214
328231.970125,381053.249263,0,120
327880.992506,381112.638662,0,730
327826.744423,381143.677936,0,730
327726.426665,381152.609399,0,730
328167.152069,381087.325572,0,22
327925.702345,381027.318539,0,568
327949.230197,381119.794171,0,730
328193.377105,381050.367145,0,730
327816.403785,381062.925058,0,730
328298.254555,381043.796938,0,730
328237.271755,381061.173916,0,730
328097.768703,381065.601595,0,730
327776.251423,381061.722407,0,730
328210.102965,381076.299883,0,656
327843.478474,381126.363317,0,97
327941.77771,381122.535572,0,730
328002.398695,381097.40209,0,194
327959.995541,381026.179804,0,730
328238.730692,381046.97032,0,730
327936.464995,381067.182861,0,730
327808.318608,381138.645846,0,431
327900.41712,381119.327439,0,730
328180.513893,381028.410904,0,730
327861.219518,381134.698787,0,730
327744.987351,381162.910913,0,728
328140.584598,381064.5036,0,730
328092.338671,381058.475821,0,730
327941.59436,381020.691715,0,693
328069.046763,381074.668903,0,710
328117.112714,381107.037125,0,730
327689.935552,381155.733656,0,730
327863.43077,381134.001216,0,2
327790.937957,381137.525146,0,730
328174.557827,381092.821132,0,730
327753.883569,381119.384463,0,311
327965.298274,381144.347255,0,730
327821.285968,381099.790704,0,730
327759.00594,381106.342501,0,730
328003.003152,381109.229865,0,730
327923.953413,381056.640476,0,730
328065.569304,381066.34645,0,730
327904.431157,381063.027653,0,730
327830.467983,381087.103224,0,730
328019.958649,381066.212563,0,730
328170.701915,381078.35049,0,241
327952.068166,381039.377537,0,388
328011.762817,381100.877467,0,730
327980.489396,381120.739404,0,587
327919.165574,381047.84953,0,417
328159.406884,381045.849942,0,445
327777.890748,381138.61416,0,730
327700.835963,381170.106627,0,730
328137.990441,381075.703599,0,51
327722.481857,381159.058177,0,17
327692.658092,381110.246329,0,23
328150.615312,381028.758458,0,730
327917.672438,381032.312881,0,730
328280.86158,381029.277221,0,730
328179.119957,381038.779894,0,70
328274.486037,381050.754601,0,730
328219.779454,381042.436097,0,730
328102.826811,381078.958037,0,730
328112.587691,381079.321616,0,147
327765.849724,381083.724427,0,730
327973.275135,381041.730088,0,730
328146.06499,381032.762804,0,730
328225.928279,381071.436915,0,730
328085.128895,381092.241401,0,730
328079.27676,381062.797487,0,333
328059.987583,381089.763992,0,730
328296.136527,381039.186604,0,158
328008.714128,381088.13429,0,501
328070.573274,381034.501683,0,468
327996.305618,381026.840564,0,730
327967.418369,381023.812819,0,730
328023.622973,381080.346517,0,730
328128.677692,381030.006072,0,730
327829.52891,381095.71142,0,526
327854.756078,381056.941387,0,465
327850.26863,381135.642919,0,554
327747.083467,381158.115003,0,284
327933.629008,381070.06647,0,730
328051.209378,381023.191345,0,485
328069.857322,381081.220064,0,730
328077.459529,381025.390703,0,401
328269.406941,381055.008167,0,730
327790.52062,381124.03317,0,534
327727.492381,381134.974778,0,544
328084.757118,381089.181265,0,730
328228.123202,381029.552067,0,456
328177.526555,381049.413254,0,149
327845.680051,381138.096081,0,730
328124.528909,381060.957082,0,277
328117.214325,381076.007012,0,730
327761.073182,381110.016809,0,730
328062.703346,381113.522417,0,650
328156.954307,381030.150665,0,730
327905.390957,381073.882963,0,669
327756.722389,381134.39671,0,160
327786.573838,381146.021605,0,365
327843.700758,381081.843739,0,730
327810.040169,381091.897788,0,730
328087.814236,381062.768861,0,730
328174.054604,381052.90098,0,424
328050.673049,381056.740117,0,594
327968.758271,381102.862073,0,730
327991.525379,381115.813562,0,689
327741.328739,381154.545061,0,730
327742.989242,381099.668569,0,587
328046.501942,381079.499292,0,730
328296.106593,381005.251321,0,730
328163.547194,381091.569001,0,730
328214.058493,381011.199281,0,658
327759.473922,381120.516573,0,730
328048.802027,381109.159019,0,730
327965.184803,381040.570055,0,260
328048.78109,381089.155983,0,75
328238.389791,381006.180754,0,730
327656.665638,381150.426382,0,730
328208.611467,381070.055796,0,343
327693.982285,381143.456807,0,730
327967.392128,381066.631386,0,510
328011.810924,381043.275809,0,730
328099.325493,381030.825433,0,730
328001.375174,381091.69861,0,375
327860.46367,381118.90979,0,730
327844.111967,381140.610183,0,730
327987.6246,381136.296943,0,383
328017.51118,381101.386382,0,551
328070.937312,381104.09611,0,9
327651.369629,381128.955084,0,660
327762.85411,381130.515046,0,730
327851.617179,381085.239456,0,80
327972.929531,381113.737541,0,730
328168.51298,381096.096818,0,730
327817.736116,381059.578151,0,42
327846.860171,381090.396161,0,609
328025.878923,381119.525467,0,730
327784.800308,381047.927111,0,473
327842.220762,381127.50337,0,730
328034.283566,381050.662901,0,730
327861.16028,381044.80466,0,220
327706.085763,381121.371658,0,730
327683.671507,381142.843147,0,730
328257.080423,381016.908379,0,593
327771.551477,381097.696474,0,730
328074.347885,381052.600732,0,189
327705.34033,381133.687259,0,730
327811.727904,381147.056039,0,700
327943.007877,381080.786443,0,471
328080.790336,381111.710698,0,730
327765.758738,381145.203507,0,730
328069.201969,381090.562218,0,730
327963.474168,381114.805949,0,335
327749.317785,381158.541095,0,730
327707.957225,381152.724851,0,730
327856.779576,381086.764381,0,306
327882.134353,381121.338552,0,730
327887.033627,381051.60395,0,730
327912.376422,381086.914776,0,390
327924.057656,381032.556923,0,618
328214.457371,381033.514479,0,730
327737.521775,381118.887294,0,730
327948.485847,381074.735379,0,730
327672.298977,381135.231641,0,730
327732.342703,381125.287056,0,730
327891.032031,381045.537819,0,730
327713.543395,381108.279336,0,596
327660.552211,381131.839759,0,624
327832.351795,381131.500446,0,156
327748.124436,381120.035821,0,730
328225.384901,381023.04344,0,529
328068.465514,381060.771451,0,730
327995.701356,381150.009936,0,392
328317.037128,381047.136229,0,730
327954.381201,381106.277501,0,655
327961.556488,381135.867819,0,730
328158.301854,381034.665451,0,730
327820.148299,381138.675273,0,730
327943.959671,381080.552947,0,730
327988.526788,381123.733969,0,730
327793.506194,381133.231203,0,730
327993.703313,381021.759524,0,730
327682.10458,381165.244844,0,730
327842.444155,381127.691563,0,378
328039.961685,381099.215501,0,730
328287.579951,381010.572219,0,730
328092.386226,381087.237478,0,730
328090.617254,381027.814419,0,678
328092.496939,381067.818813,0,730
327779.78245,381061.598863,0,209
328042.451819,381026.77185,0,730
327814.087195,381133.807178,0,183
327870.525641,381103.606253,0,730
328097.655099,381102.172214,0,730
328004.3365,381070.108062,0,494
328013.198865,381027.967706,0,200
328048.505803,381026.402577,0,452
327719.208991,381157.790212,0,730
328048.113766,381087.619069,0,546
327715.083085,381138.93864,0,730
328047.089869,381018.437506,0,730
327751.046574,381162.825624,0,653
328060.867736,381095.098011,0,730
327938.016231,381029.817096,0,37
328254.308554,381018.599656,0,405
327696.765425,381122.497089,0,525
327877.596953,381092.021924,0,730
327805.619483,381119.82255,0,283
328048.927375,381107.865438,0,730
327962.507636,381071.25851,0,634
327792.179714,381135.197456,0,730
327745.859306,381145.936799,0,730
327926.413359,381100.074036,0,730
328154.568126,381041.29051,0,730
327766.34221,381085.204358,0,570
327699.450638,381158.726799,0,730
328026.330412,381081.769275,0,297
327747.778922,381155.144901,0,60
328150.057374,381063.689162,0,416
328151.79729,381071.265383,0,730
328302.551775,381002.001829,0,730
327853.540677,381047.915953,0,124
327783.776761,381130.726801,0,635
328034.431247,381100.215693,0,730
327846.547092,381065.500059,0,730
328306.971034,381020.693136,0,598
328011.586266,381116.001448,0,592
327903.773021,381040.231039,0,730
327878.35096,381090.808473,0,361
327966.013052,381104.085401,0,730
328224.341774,381036.974281,0,644
328181.352029,381062.863429,0,120
327929.060679,381038.75887,0,730
328103.194491,381044.809945,0,245
328028.148175,381050.146565,0,548
327920.861165,381039.724586,0,730
327723.637288,381161.832943,0,644
327976.195741,381058.165787,0,366
327970.94881,381029.020952,0,730
328113.760178,381112.029745,0,730
327959.104862,381041.138835,0,730
327966.872114,381052.730604,0,598
328221.132205,381055.123753,0,130
328165.0473,381032.692132,0,730
328120.418785,381077.273253,0,308
327729.575654,381149.011739,0,730
328176.235982,381068.447384,0,329
327974.923834,381038.687612,0,730
327737.125453,381103.252083,0,5
328212.38384,381078.599516,0,730
328294.065764,381028.250112,0,730
327794.67774,381089.496393,0,66
328245.842197,381052.676105,0,652
328310.644052,381032.537802,0,128
327987.311821,381125.219712,0,37
327977.246452,381128.272567,0,523
328028.79508,381080.511469,0,433
327792.493768,381075.789771,0,730
327711.055984,381126.425983,0,730
328260.803162,381022.133942,0,697
328120.342125,381026.156882,0,632
327986.826722,381058.611166,0,730
328066.392906,381080.264837,0,730
328219.909952,381014.060331,0,252
327993.021477,381088.293254,0,730
328217.522166,381019.002104,0,548
327766.383554,381130.968159,0,116
327786.539659,381063.743798,0,730
328196.897118,381057.633047,0,522
328195.912098,381042.076528,0,278
327952.01086,381021.746873,0,730
328004.168106,381070.609418,0,730
328218.72796,381024.765466,0,730
327949.919232,381126.719475,0,730
328074.407738,381026.45508,0,730
328160.282273,381061.014274,0,730
328287.460153,381055.117778,0,637
327801.372096,381127.628997,0,730
327725.701026,381100.527765,0,730
327892.766982,381087.710438,0,553
327814.637494,381069.760632,0,730
327971.732752,381064.97671,0,362
327996.020592,381126.618385,0,255
328141.541562,381074.974083,0,558
327760.530572,381145.077303,0,730
327898.7465,381109.202311,0,730
328254.858645,381017.46799,0,730
327974.367175,381064.900312,0,730
328045.3162,381030.639451,0,240
327967.072101,381110.965662,0,730
327968.023062,381151.499568,0,730
328141.430132,381100.280311,0,730
327733.983314,381157.160259,0,730
327657.67203,381147.859301,0,730
328065.444765,381041.289447,0,730
327860.145718,381110.094902,0,730
327785.818275,381078.677998,0,730
327656.580124,381151.8248,0,39
327929.467034,381122.281095,0,730
327970.14854,381088.946877,0,569
327934.442737,381119.6,0,730
328031.814041,381014.487574,0,730
327746.687194,381147.163155,0,112
328173.561548,381020.311106,0,730
327966.512239,381026.424038,0,303
327974.423034,381144.857515,0,730
328113.825457,381044.421884,0,730
328026.287207,381081.190163,0,730
328041.092563,381016.194121,0,99
328278.978512,381003.65412,0,730
327988.188663,381155.025364,0,686
327778.558438,381141.491787,0,730
328146.062976,381035.237166,0,211
328048.964726,381058.333055,0,730
328074.556795,381030.917737,0,684
327788.205067,381149.39694,0,261
327958.897128,381037.522231,0,289
328081.290868,381102.602933,0,730
327933.282273,381112.336399,0,693
327938.04687,381040.001216,0,371
327885.388065,381100.601533,0,730
327923.28924,381119.351681,0,730
327975.398874,381106.175356,0,276
328109.265727,381110.278931,0,730
327679.297016,381147.773711,0,730
328075.954842,381061.634833,0,577
327699.972662,381100.9212,0,730
327737.05665,381138.632643,0,479
327656.138875,381141.467211,0,155
327936.534922,381060.034001,0,730
327906.782107,381041.783594,0,161
327826.947365,381103.316321,0,730
327758.197127,381095.101883,0,730
327882.896147,381132.767427,0,730
327825.948056,381138.88074,0,625
327784.383835,381124.593985,0,730
327941.252284,381100.984738,0,730
327873.199738,381044.660907,0,730
328133.169265,381039.273427,0,730
328162.150049,381095.593371,0,730
327843.026544,381082.718316,0,730
327949.299819,381131.479452,0,141
327994.52835,381109.652725,0,730
328151.533281,381021.357625,0,730
327852.417128,381132.185985,0,454
327813.985037,381063.274494,0,685
327718.75764,381132.302825,0,730
327696.000338,381128.278236,0,730
327719.502967,381111.734836,0,484
328266.025251,381049.330252,0,730
327827.19195,381067.591713,0,382
328310.851833,381005.918656,0,730
328242.588022,381053.533063,0,730
327677.053982,381141.270545,0,603
327755.768576,381118.966469,0,11
327994.249876,381144.483542,0,730
327780.914423,381145.096312,0,302
327711.90368,381144.768602,0,730
328312.305448,380991.701931,0,730
327688.562877,381156.525314,0,230
327964.540577,381036.780616,0,412
327858.540152,381086.137658,0,730
327910.888359,381100.390187,0,310
328225.330168,381047.537951,0,514
328010.38089,381129.00447,0,730
327850.164092,381077.197328,0,730
328071.357979,381042.929065,0,730
327876.284466,381040.718466,0,28
327770.808177,381052.511244,0,730
327874.246807,381037.721026,0,730
328213.65728,381031.699209,0,730
327870.564789,381051.566774,0,383
328311.070781,381020.151468,0,635
328098.619656,381074.072901,0,730
328059.173354,381104.185013,0,730
327929.562073,381120.836629,0,566
328016.015304,381009.064662,0,730
328144.171994,381045.370443,0,670
328095.538899,381033.386153,0,166
328288.986845,381021.377963,0,730
327992.834845,381113.939119,0,486
327722.790319,381164.995592,0,730
327957.24612,381131.084273,0,259
328173.426975,381040.05706,0,730
328313.113346,381036.000096,0,730
327834.091121,381050.989474,0,730
328004.404273,381063.836243,0,564
327749.214177,381153.326348,0,730
327916.013549,381104.657928,0,602
328055.516031,381083.988803,0,730
327982.213637,381111.529513,0,654
328129.541914,381044.728686,0,730
327874.813674,381090.079214,0,556
327994.622941,381110.91363,0,501
327821.173129,381127.387665,0,730
328124.049814,381062.145402,0,258
327852.446342,381101.680933,0,357
327945.564875,381107.275491,0,575
327831.52181,381131.460402,0,730
328053.681531,381054.211351,0,730
327968.755387,381058.201324,0,730
327980.320467,381034.646501,0,730
328243.034174,381028.332041,0,730
328115.956986,381047.447341,0,730
327829.341277,381076.796951,0,730
327731.096217,381106.434402,0,730
328036.532328,381012.150448,0,1
328022.756897,381029.061348,0,730
328105.987445,381081.610169,0,730
327979.134257,381123.911924,0,730
327965.308866,381090.654137,0,608
327901.683288,381058.318625,0,730
327822.639126,381090.250143,0,85
327973.221986,381042.615723,0,585
328137.151843,381085.505491,0,730
327704.144084,381099.106419,0,347
328271.232989,381056.854416,0,730
327686.711023,381110.160053,0,730
327791.01298,381141.266615,0,730
328242.062685,381055.737424,0,339
328187.670884,381059.210024,0,589
328079.228621,381042.691097,0,671
327949.369037,381071.005227,0,730
327844.283536,381048.490401,0,174
327712.910836,381106.967363,0,730
327882.796946,381078.385006,0,73
327852.95313,381067.358469,0,730
328067.386716,381051.542153,0,730
327936.246478,381023.922413,0,634
327649.720062,381136.555091,0,103
328029.671995,381060.059433,0,96
328054.746068,381067.382214,0,730
328185.027427,381036.363332,0,534
328046.93381,381088.739874,0,537
327650.788694,381154.042568,0,672
328096.436983,381095.768005,0,730
327731.286967,381095.194729,0,627
327822.628619,381133.59057,0,466
327930.669655,381093.445319,0,583
328023.887283,381121.114347,0,128
328086.865164,381083.360948,0,730
327715.129248,381154.452141,0,346
327757.51035,381091.804734,0,565
327682.273714,381128.396095,0,77
327736.308036,381126.600315,0,717
328093.794631,381039.219837,0,730
328212.648599,381074.25586,0,305
327977.906951,381093.12398,0,273
328015.967225,381060.713151,0,730
328239.88493,381050.437091,0,730
327781.402016,381112.809187,0,730
328197.178664,381037.128513,0,730
328026.523108,381058.991974,0,730
327899.390124,381123.694648,0,730
328084.360532,381048.354876,0,730
327977.245757,381046.237536,0,730
327828.13396,381146.151459,0,730
327725.527195,381128.808231,0,356
327714.347504,381155.970315,0,730
327963.496833,381061.489773,0,59
328079.530954,381060.386539,0,595
327784.670059,381070.959826,0,701
327781.292963,381098.759665,0,13
327799.793129,381061.303721,0,512
327678.118558,381132.863864,0,542
328089.56624,381098.653874,0,730
328147.758926,381033.578092,0,730
328165.450804,381073.308682,0,730
328050.078148,381119.832512,0,281
327984.875723,381154.933729,0,406
328077.55785,381089.573784,0,730
328096.253463,381109.435302,0,616
328012.522627,381132.219719,0,730
327957.166621,381106.718076,0,730
327991.413399,381070.090135,0,730
327813.491761,381113.897982,0,155
327829.122656,381123.436879,0,730
327890.661782,381073.63846,0,730
327868.833511,381050.597113,0,398
327695.148773,381106.197503,0,730
328173.407196,381033.319883,0,730
327961.252827,381040.519419,0,572
327754.532516,381127.590991,0,730
328052.1229,381051.203301,0,730
327808.274497,381071.892131,0,730
327732.413083,381128.590206,0,730
327852.083102,381101.931758,0,730
328233.765808,381056.521656,0,442
328054.546811,381033.791983,0,730
327721.111834,381111.055295,0,408
327941.913513,381090.575729,0,730
327703.259092,381125.785744,0,730
327732.756691,381135.141315,0,730
327967.051656,381122.515085,0,730
327862.94866,381041.33314,0,730
327774.957585,381154.513021,0,730
327727.341916,381143.99986,0,288
328054.609566,381084.18167,0,730
327684.947822,381154.7038,0,730
328072.14493,381098.044782,0,730
327712.496282,381108.565125,0,730
328209.54966,381033.136192,0,141
328237.782513,381020.017624,0,730
327841.445501,381138.368385,0,730
327769.425676,381127.919913,0,730
327873.421057,381111.622886,0,730
327797.485051,381066.989466,0,369
327801.578364,381096.485682,0,730
327849.131478,381082.046016,0,331
327952.658071,381091.181912,0,642
328131.242977,381048.220978,0,239
327786.540276,381084.581043,0,212
327973.194332,381062.898092,0,730
327923.257945,381040.844215,0,114
327647.409948,381134.532928,0,730
327711.639126,381113.415736,0,730
328006.913079,381008.344034,0,730
328204.775761,381023.852287,0,730
327841.301984,381100.170062,0,730
327924.463719,381028.811883,0,730
328024.335871,381024.56926,0,493
327747.022535,381084.958038,0,286
327952.395121,381126.197819,0,730
328049.986769,381081.03162,0,730
328024.925251,381083.973097,0,730
327712.076294,381111.616077,0,730
328034.38825,381027.082235,0,90
328138.932683,381045.054454,0,730
327848.139227,381056.969767,0,495
327793.036487,381048.448454,0,512
328064.773929,381055.05029,0,470
328071.784804,381068.380314,0,691
327851.467077,381131.959727,0,26
327726.17717,381162.741317,0,730
327743.43526,381098.131865,0,536
328217.746903,381025.983513,0,730
328288.828084,380989.281271,0,178
328004.924665,381039.312685,0,730
328069.174921,381100.711264,0,67
327804.792915,381109.909513,0,730
328096.1646,381043.744023,0,730
328107.781635,381028.914185,0,696
327892.127454,381084.791409,0,730
327677.743629,381155.539991,0,413
327716.745499,381119.834596,0,730
327987.116069,381033.882819,0,49
328224.270786,381013.906113,0,730
327904.285939,381107.334705,0,730
327841.285648,381100.377752,0,730
328087.558544,381043.18737,0,497
327702.052384,381101.499741,0,640
327663.813594,381135.47796,0,730
327822.673593,381128.751115,0,20
327992.107503,381011.62964,0,730
328291.775661,381023.760005,0,730
327674.216086,381125.54518,0,730
328159.983755,381047.410573,0,730
327801.21352,381120.523681,0,730
327976.400894,381157.003477,0,730
327689.632686,381137.345176,0,730
328281.946669,381005.339813,0,730
327960.75598,381042.117827,0,424
327844.980929,381131.891164,0,730
327769.223514,381098.011728,0,646
327828.372218,381070.647851,0,730
327868.798682,381117.61159,0,730
328069.766433,381104.987109,0,621
328215.551384,381041.426053,0,730
328029.704133,381042.372606,0,730
328054.691352,381053.021506,0,730
327779.426322,381085.481588,0,100
327812.892711,381061.194659,0,96
327716.909621,381134.554271,0,730
328009.701352,381117.9041,0,222
327729.466494,381114.366894,0,462
327991.436533,381097.646025,0,730
327916.584081,381056.378937,0,508
327776.228428,381122.440127,0,730
328023.01356,381092.584854,0,730
328307.135292,381001.603337,0,730
328246.323563,381038.703546,0,254
328295.273462,381008.513154,0,520
327926.646967,381071.840089,0,22
328000.469051,381072.374147,0,474
327863.364752,381101.840498,0,730
327880.021729,381109.295386,0,730
327746.014536,381093.912964,0,719
327868.815749,381107.042147,0,730
327740.997466,381110.859345,0,730
327700.767277,381161.904355,0,184
328028.547997,381123.326965,0,730
328019.004106,381093.524037,0,730
327681.741212,381138.007036,0,730
327975.353185,381091.633203,0,639
328245.741557,381008.244202,0,730
328129.307696,381067.583839,0,730
327936.288149,381074.273161,0,539
327700.061271,381149.333482,0,730
328024.367148,381104.654199,0,730
327764.165838,381158.851517,0,588
327879.518918,381084.689536,0,730
328258.446134,381024.697948,0,730
327726.069399,381103.538463,0,730
327950.321999,381018.747002,0,730
327811.178258,381054.791176,0,730
328229.670196,381017.232091,0,257
327908.612921,381045.659932,0,134
327634.38674,381145.086952,0,730
328109.796119,381072.056728,0,730
327747.19676,381090.802999,0,730
327916.246086,381068.304493,0,576
327914.728474,381077.305685,0,432
327762.383988,381089.01442,0,730
328038.314528,381076.315847,0,674
327767.583687,381104.478269,0,446
328008.968265,381039.428452,0,730
328158.235249,381048.382437,0,87
328040.529327,381080.173751,0,730
328142.33892,381077.099193,0,730
327973.252801,381065.418559,0,730
327960.500905,381071.324626,0,719
327960.106123,381116.028222,0,730
328089.695671,381038.197845,0,730
327780.764538,381113.070062,0,688
328185.701367,381062.064394,0,472
328082.013171,381087.917171,0,730
328170.187653,381053.020745,0,730
327737.250973,381106.644792,0,730
327980.69513,381021.222832,0,730
328072.163662,381084.095915,0,730
327830.768556,381059.099648,0,557
328306.759886,381030.290492,0,191
328004.588029,381021.575381,0,730
328119.922745,381065.192963,0,552
328170.127862,381086.470901,0,436
327736.935843,381099.217288,0,544
327960.312147,381081.393266,0,730
328115.595498,381036.489662,0,730
327956.124679,381036.025306,0,730
327802.750503,381129.650602,0,730
328012.869265,381108.412315,0,250
328223.643393,381070.737055,0,572
327729.247059,381099.752654,0,730
327809.06598,381089.593462,0,730
327869.701886,381057.960783,0,150
328143.942175,381044.600999,0,686
328009.369219,381142.828377,0,730
328038.992037,381020.245369,0,730
327725.51685,381104.840623,0,730
327770.714477,381061.440665,0,352
328095.61219,381045.871756,0,730
327879.699948,381080.056401,0,368
328173.31737,381064.588238,0,133
327946.326951,381028.45778,0,730
327772.924203,381155.602109,0,730
328088.459521,381103.425392,0,146
328049.502381,381025.169815,0,730
327747.281264,381153.308311,0,321
327744.620887,381104.542695,0,730
328154.680476,381024.66331,0,499
327721.584015,381168.084537,0,447
327803.020216,381130.386224,0,382
328028.729009,381065.760028,0,730
327786.407998,381105.504641,0,203
328005.757545,381143.737597,0,478
327872.146654,381115.570639,0,730
328014.591798,381054.121884,0,730
328178.950932,381040.406503,0,448
327839.654173,381061.955442,0,460
327790.134785,381048.807507,0,730
328004.135359,381101.029653,0,566
327907.133489,381117.363164,0,94
328257.524805,381053.643781,0,730
327932.374584,381085.617146,0,730
327848.868414,381085.536617,0,313
328173.679344,381076.605304,0,730
327704.09851,381114.685613,0,457
327912.545027,381044.645914,0,730
327708.112334,381117.68821,0,129
328056.895619,381059.777654,0,730
327982.272893,381090.01772,0,730
328000.752344,381123.676256,0,711
327886.671693,381058.721646,0,97
327873.369209,381125.769158,0,730
328249.491544,381047.244732,0,730
328163.745486,381096.091967,0,532
328091.876306,381063.965175,0,730
328184.354507,381042.451815,0,391
328297.817328,381049.317105,0,730
327992.586249,381107.711275,0,730
328029.288944,381093.662226,0,730
327975.332917,381121.570701,0,730
327815.596302,381080.078831,0,557
328001.412458,381047.483193,0,478
328220.901841,381013.090164,0,44
327791.308676,381149.366537,0,730
328273.180834,381041.652028,0,730
327772.006759,381155.470124,0,730
327902.446432,381089.004895,0,730
328042.665755,381113.100863,0,104
328299.833896,381053.460366,0,730
327776.174039,381144.932997,0,730
327967.022166,381132.805818,0,730
327925.04096,381026.559259,0,730
328166.26549,381050.588417,0,730
328221.755172,381046.341296,0,43
328022.754261,381107.394247,0,657
328155.55766,381054.938668,0,601
327823.198611,381081.93725,0,730
328284.462215,381007.271881,0,730
327862.56593,381124.010853,0,322
327653.438114,381140.166601,0,691
328032.590052,381086.889778,0,730
328223.647644,381025.484817,0,16
328221.903205,381029.331251,0,730
328304.598104,380980.775608,0,730
327840.065139,381134.91722,0,412
327774.985892,381069.316959,0,721
327793.437978,381134.964782,0,453
328164.710607,381036.376888,0,126
328313.911367,381017.770348,0,730
327974.300704,381065.264151,0,730
328004.586123,381087.117556,0,730
328090.577849,381106.232351,0,730
327947.646579,381057.638003,0,204
328138.153583,381053.746778,0,730
327930.778937,381028.602371,0,730
327710.365273,381166.233541,0,730
328137.681969,381035.368354,0,730
328251.500836,381035.290717,0,730
327990.692494,381086.962335,0,730
327861.138597,381132.37479,0,730
327752.842146,381163.605529,0,730
327791.355503,381060.340762,0,730
327836.974357,381141.650547,0,400
327773.107197,381133.233666,0,730
327999.104041,381090.02229,0,730
328062.60257,381065.494095,0,730
328050.592953,381064.381926,0,730
327980.738962,381018.306665,0,564
327979.679664,381043.417805,0,206
327962.461304,381027.920682,0,206
328076.026962,381061.034979,0,730
328283.728295,381014.620504,0,730
328137.31142,381027.875141,0,260
328161.434217,381026.405429,0,730
328069.333192,381020.203819,0,406
328214.497416,381076.806332,0,730
328065.366747,381119.380029,0,730
327699.642206,381108.415063,0,488
328066.667772,381118.729755,0,326
327861.949527,381043.451146,0,730
327980.936724,381059.19608,0,730
328044.446721,381063.743939,0,730
328045.87195,381071.084347,0,730
327816.94243,381135.442752,0,159
327980.79804,381108.816113,0,173
327700.801177,381131.451183,0,251
328209.149011,381031.011455,0,730
327758.785396,381110.596334,0,730
328058.12448,381027.06243,0,730
328070.430299,381072.266562,0,730
328033.634412,381033.682248,0,617
327689.530957,381157.004666,0,730
327914.490617,381108.009372,0,730
328169.016162,381024.263997,0,730
327836.668032,381142.783492,0,496
327913.664174,381079.528181,0,730
328007.718861,381117.347033,0,633
327930.483488,381023.49597,0,730
328064.706379,381054.054207,0,730
327834.380271,381057.013951,0,135
327993.230276,381064.011409,0,319
327851.475362,381112.640702,0,730
327990.772812,381087.343882,0,730
328126.379341,381034.072732,0,730
327795.049568,381115.033158,0,586
327878.040246,381067.729971,0,64
327938.820367,381080.645388,0,730
327803.89008,381071.553675,0,396
327838.528717,381068.524366,0,730
327970.908614,381148.161618,0,730
327967.329493,381136.080823,0,561
327850.623181,381083.956213,0,445
328151.504768,381059.933326,0,507
328163.669964,381046.672283,0,730
327813.242873,381123.446021,0,105
328144.187376,381066.158877,0,730
327663.885627,381153.652023,0,730
328136.326031,381070.31102,0,394
328063.254495,381022.810339,0,101
327786.714732,381109.900362,0,730
327966.804714,381120.051551,0,730
327927.209538,381092.086851,0,730
328162.133566,381053.224085,0,239
328038.919929,381062.037809,0,730
327811.094412,381120.452552,0,730
328131.683032,381062.814915,0,730
327819.635344,381140.312062,0,584
327911.88057,381042.336087,0,626
327889.882675,381105.493037,0,730
327876.744455,381120.068775,0,730
328139.31365,381037.602322,0,675
328109.279324,381106.969307,0,730
328005.850452,381025.19811,0,687
327824.950185,381056.549233,0,63
327963.40789,381083.37015,0,730
328137.709227,381055.459653,0,730
327679.5754,381132.635555,0,114
327704.825906,381103.73619,0,730
327916.175316,381080.057516,0,658
328053.346382,381062.864446,0,35
327915.424524,381059.485103,0,730
327952.422945,381135.442832,0,337
328001.936295,381075.459809,0,730
327866.966181,381091.719022,0,316
327720.464969,381154.796208,0,730
328219.886944,381022.626221,0,730
327794.243512,381047.170245,0,293
327680.861329,381151.200028,0,620
327853.310865,381080.499984,0,730
328159.130273,381069.9765,0,730
328100.651312,381051.103673,0,677
328124.778064,381088.976036,0,730
327938.353452,381115.957807,0,730
328285.789509,381020.804507,0,579
327903.800833,381045.546846,0,140
328069.90717,381104.093193,0,730
327733.098333,381090.560357,0,404
327730.742152,381169.514344,0,730
327911.241613,381030.226527,0,730
328189.44155,381030.942232,0,730
328089.143225,381098.402953,0,730
328177.256948,381068.920831,0,444
327770.295332,381122.058785,0,730
328142.964737,381032.67759,0,730
328077.857016,381022.178293,0,72
327869.601611,381127.425475,0,730
327715.707455,381125.195167,0,730
328281.565675,381044.783938,0,679
327838.926695,381106.219128,0,730
327751.182505,381098.65334,0,730
328078.562288,381038.345853,0,730
328217.790304,381020.007771,0,730
327920.284014,381084.253942,0,730
328003.614347,381103.757073,0,730
327963.741315,381102.324566,0,730
328307.523012,380985.885092,0,78
327940.935116,381085.801731,0,569
328223.995445,381037.337112,0,730
328307.994845,381028.770027,0,336
327798.588006,381074.042216,0,697
328259.963549,381010.263063,0,730
328203.58992,381060.391545,0,730
328291.780201,381034.252494,0,730
328257.169603,381016.708339,0,730
327828.981521,381094.638584,0,730
327710.867738,381163.481245,0,279
327811.375533,381054.953252,0,332
327901.76216,381043.628585,0,730
327824.369445,381076.244928,0,730
328050.219202,381049.129221,0,730
327729.774897,381109.632693,0,8
327954.48873,381089.379222,0,730
328301.883071,381030.221767,0,730
327984.686876,381017.971591,0,24
328302.198586,381041.909033,0,730
328301.305617,381023.372649,0,315
327880.227071,381106.788381,0,730
328316.270477,381011.888431,0,606
328286.185253,381035.921541,0,730
328237.461171,381049.14583,0,730
327878.283213,381092.993131,0,730
328003.677862,381122.239604,0,567
327652.268764,381127.493522,0,107
327763.438995,381118.035978,0,730
328280.755057,380991.404301,0,730
328075.232623,381065.20152,0,730
327893.749585,381084.108977,0,154
327758.980798,381096.706284,0,79
327893.970659,381118.657879,0,616
328226.147478,381032.085311,0,418
328228.978445,381011.274482,0,730
327915.701013,381042.705934,0,730
327941.724667,381117.710079,0,730
327676.663636,381162.0753,0,730
328210.941818,381054.367432,0,730
328024.67387,381109.044248,0,228
327909.733057,381095.660425,0,730
328311.71647,381018.571257,0,730
328309.312163,380995.874336,0,196
327974.111115,381134.820031,0,730
328231.054343,381006.194629,0,730
327963.557695,381129.867658,0,730
327825.802046,381068.466969,0,730
327993.067142,381036.417133,0,430
328015.562848,381046.395081,0,730
328007.956434,381042.781857,0,540
328255.836386,381019.374181,0,730
327960.088222,381105.258672,0,495
327905.933,381077.680397,0,730
328045.688168,381060.707187,0,338
327978.520158,381031.122487,0,730
327736.455102,381133.969755,0,730
328182.901216,381079.640671,0,7
327995.694345,381118.339482,0,730
328170.45917,381042.416278,0,730
327805.283061,381087.712885,0,290
327887.413681,381128.681108,0,730
327881.192823,381036.926366,0,730
327743.503739,381098.018688,0,730
328129.829097,381102.052617,0,730
327751.53629,381090.240256,0,730
327770.835638,381065.431752,0,730
327649.297739,381146.479915,0,730
327809.517662,381052.294712,0,700
327999.922553,381019.445543,0,730
328090.202801,381061.042421,0,433
327706.237357,381101.486294,0,730
328239.501943,381035.385752,0,730
327680.186486,381144.601752,0,115
327857.088242,381111.970337,0,521
327869.426254,381128.717,0,62
327991.876108,381116.371749,0,240
327760.253556,381089.820114,0,730
328027.106644,381037.116426,0,458
328049.326748,381108.448151,0,730
327943.700717,381055.373734,0,26
328107.365843,381046.471811,0,110
328103.690809,381067.358807,0,730
327785.27713,381068.979055,0,671
328163.21993,381069.086349,0,108
327954.718155,381132.084896,0,297
328113.094823,381091.27205,0,299
328226.516475,381016.530411,0,730
327961.579867,381070.820418,0,730
327962.009828,381067.74363,0,662
327787.562573,381143.82314,0,363
328247.101869,381036.441226,0,730
327986.072336,381129.568697,0,498
327901.450263,381124.979147,0,730
327726.345334,381088.833,0,414
327900.747136,381038.00601,0,730
328077.723346,381104.169728,0,730
328233.127006,381009.448221,0,29
328135.282446,381042.975978,0,568
328222.673328,381041.850595,0,730
327854.475327,381047.491094,0,730
328017.154466,381067.079202,0,730
328116.458484,381042.961135,0,730
327951.907786,381091.421586,0,18
328150.92047,381059.69362,0,730
328279.949394,381014.264222,0,730
328232.844927,381043.369013,0,730
327915.013249,381041.834755,0,730
327921.896788,381096.837809,0,730
327778.160604,381124.097752,0,730
328028.792295,381086.742217,0,561
328260.577216,381019.809938,0,730
327826.426288,381111.606895,0,730
327747.306608,381120.138001,0,436
328157.935142,381087.802944,0,730
328171.951645,381029.606754,0,730
327725.14475,381090.041675,0,419
327881.228229,381123.137443,0,591
328116.696389,381063.725851,0,730
328235.939638,381028.689869,0,273
327943.666591,381050.460597,0,274
328109.697813,381047.411712,0,559
328000.68363,381056.247746,0,377
327905.81297,381105.138658,0,730
328288.619889,381012.774884,0,344
328176.25316,381064.222186,0,730
327992.337105,381023.74551,0,346
327827.981117,381060.82835,0,730
328020.951146,381086.074266,0,730
327923.976423,381088.351023,0,730
328137.466273,381038.658704,0,181
328226.003242,381070.08994,0,730
328020.50576,381007.337455,0,730
327636.231376,381147.86179,0,536
327777.773979,381093.060119,0,730
327990.225415,381089.064481,0,485
328309.582707,381007.139663,0,83
327789.895775,381131.978209,0,668
328222.529136,381031.265929,0,730
328293.382316,381017.694387,0,730
328022.738243,381009.080655,0,730
327697.357935,381123.740086,0,592
327950.071947,381070.876886,0,681
328031.535106,381014.890476,0,730
327669.710217,381141.19488,0,677
327895.290825,381040.362602,0,418
327888.821966,381089.104953,0,730
328286.436709,381040.592653,0,645
327759.536349,381112.213099,0,395
327828.0997,381124.814111,0,730
327997.772669,381037.409043,0,730
327869.609711,381056.357994,0,314
328148.483517,381100.057693,0,730
327979.189113,381091.172428,0,342
328070.028855,381037.563947,0,730
328234.142028,381035.709526,0,730
327976.407832,381039.018403,0,730
327807.57271,381089.778603,0,210
327776.493319,381101.716603,0,730
328183.738294,381062.110499,0,730
327713.710488,381105.313818,0,730
328202.278935,381019.419611,0,730
328123.654873,381070.120977,0,730
328135.429893,381098.880011,0,730
327956.483296,381102.491917,0,493
328238.615561,381057.159592,0,730
327744.735846,381123.923783,0,730
327981.150848,381100.161714,0,730
328283.401555,381029.115442,0,57
328170.136629,381093.869509,0,730
328103.120945,381102.110672,0,730
328214.661615,381023.055576,0,730
328195.73511,381046.830152,0,730
328034.870016,381036.371896,0,730
327931.372264,381032.398877,0,730
328001.680336,381017.677135,0,730
328099.169349,381089.289382,0,522
328074.483261,381060.53816,0,730
327911.605948,381110.398592,0,730
327870.048734,381101.187827,0,730
328021.939229,381019.098552,0,71
327656.893652,381131.138258,0,730
328162.620841,381027.07017,0,398
327882.053707,381077.422782,0,613
328195.925008,381053.984871,0,730
328050.644008,381065.647727,0,730
327966.663981,381135.368693,0,434
327913.191366,381099.768941,0,730
328218.468313,381060.129869,0,359
328262.079594,381011.537411,0,219
327932.808943,381106.56977,0,425
328016.256575,381122.690656,0,690
328304.144161,380995.50604,0,730
328316.339878,381032.662307,0,730
327727.660876,381146.467639,0,730
328263.954111,381046.670363,0,641
328078.531754,381083.146734,0,550
327978.970499,381107.988692,0,330
328159.607425,381043.477045,0,730
328052.796092,381021.287609,0,730
328030.570889,381065.698849,0,730
328009.020821,381015.147555,0,713
327746.954182,381095.754836,0,730
327892.376376,381039.320578,0,555
327827.630271,381125.236568,0,439
327902.123483,381081.334926,0,218
328041.318642,381048.826509,0,157
327935.894549,381125.727191,0,730
328061.470112,381092.303574,0,730
328167.021775,381055.344869,0,730
328173.549209,381065.733033,0,730
328282.527251,381040.113469,0,730
327741.063052,381110.970604,0,730
327984.799865,381114.360065,0,34
328232.126758,381014.952524,0,730
327767.635693,381070.329661,0,730
328070.667655,381103.22503,0,730
327906.321603,381051.784145,0,590
328203.678009,381079.522723,0,730
327802.750499,381105.750437,0,730
328076.649209,381069.088569,0,690
328095.865063,381051.891597,0,730
328283.87841,381021.723773,0,730
327721.840641,381164.176797,0,116
328291.714443,381015.136939,0,730
327687.232858,381113.415777,0,645
328218.327092,381012.764768,0,730
328121.946598,381038.156659,0,730
327872.898146,381084.663336,0,730
327913.951811,381048.00216,0,730
328260.450746,381042.755716,0,429
327891.214471,381052.238358,0,716
328257.642479,381006.352544,0,730
327867.825808,381044.651005,0,730
328239.921988,381060.402501,0,730
328093.122471,381111.96641,0,396
327953.204696,381114.742853,0,511
327969.057899,381073.675544,0,730
327690.900359,381116.711886,0,730
327800.9708,381094.762789,0,730
327791.223822,381143.343554,0,323
327837.476753,381140.907566,0,730
327879.45722,381111.855122,0,730
327710.546217,381151.627155,0,730
327847.369681,381060.240011,0,730
327834.083124,381052.80348,0,730
327778.392808,381112.545066,0,487
327825.392871,381061.778481,0,730
327933.938094,381086.377315,0,613
327982.167833,381111.699104,0,730
327952.055761,381122.357531,0,717
327945.29523,381101.031676,0,535
327911.990538,381071.391738,0,718
328216.114641,381036.275333,0,56
327791.747216,381092.513557,0,384
327774.634946,381117.494992,0,730
328280.073684,380990.619208,0,730
327855.222579,381098.415962,0,730
327814.965001,381148.341587,0,730
328097.154721,381039.365954,0,85
327793.014571,381069.083753,0,730
327994.623224,381019.650585,0,730
328157.746866,381065.742105,0,730
327678.392532,381132.704467,0,730
328044.04625,381073.796131,0,730
327944.077474,381072.355777,0,730
327970.352416,381025.418099,0,541
327773.050154,381084.46305,0,558
327935.189789,381089.714345,0,374
328142.934499,381023.734218,0,730
328159.099239,381034.374445,0,459
327834.954164,381101.846365,0,730
327939.152594,381092.600532,0,730
328040.155806,381018.553444,0,730
327924.95621,381055.751386,0,730
327954.700604,381028.60066,0,730
327998.743311,381072.461297,0,224
327855.92102,381076.476266,0,730
328078.978688,381096.056962,0,730
328098.935175,381035.825398,0,730
328302.669605,381025.381578,0,730
327758.315177,381154.354812,0,730
327894.083763,381069.004857,0,9
328070.488432,381101.325668,0,162
327766.91415,381072.515403,0,369
327994.046495,381143.176973,0,730
328096.788164,381030.611083,0,730
328289.185369,381023.020132,0,53
327647.165907,381126.939233,0,730
327794.30941,381138.317781,0,726
327971.965422,381138.101123,0,730
327746.851957,381110.347345,0,730
327796.4412,381128.897068,0,730
327924.11793,381086.238486,0,730
327919.648433,381082.128909,0,730
327811.892941,381140.667365,0,614
327769.542086,381121.941238,0,730
327985.91756,381024.474765,0,730
328134.220689,381032.779276,0,481
327739.522363,381105.864648,0,706
328251.145997,381028.752785,0,730
328194.372293,381050.557741,0,619
327911.523677,381106.062563,0,730
328079.371967,381112.010659,0,296
328071.515089,381035.465987,0,402
328015.237075,381042.133605,0,307
328141.769251,381057.514782,0,134
327693.289254,381127.00198,0,730
328291.101132,381043.413524,0,730
327965.224951,381018.553076,0,631
327844.139204,381119.228992,0,708
327677.470236,381144.376564,0,730
327990.28911,381141.732553,0,481
328050.914084,381088.154643,0,730
327702.921624,381109.98029,0,550
328023.057753,381086.345876,0,730
327795.683979,381074.207294,0,730
327956.304363,381019.570327,0,730
328236.530117,381012.908153,0,331
328276.53542,381004.290669,0,696
327697.019212,381135.111846,0,513
328028.755073,381071.849509,0,667
328140.179342,381041.714107,0,730
328003.321792,381130.637969,0,617
327979.576134,381111.55586,0,730
327934.686165,381055.066535,0,730
328114.648816,381026.757512,0,730
328309.957905,380990.912865,0,290
327751.527119,381148.532088,0,351
328140.470382,381087.002086,0,730
327929.804104,381084.810512,0,730
327944.446012,381121.843674,0,730
328240.441724,381060.91684,0,98
328064.513336,381094.809301,0,730
327665.24852,381143.213482,0,678
328213.11716,381065.604846,0,668
328057.236793,381080.782552,0,50
327854.499494,381120.677815,0,425
327890.187117,381120.140842,0,730
327700.651472,381165.325587,0,730
327698.822722,381146.115873,0,58
327668.516953,381141.260209,0,730
328221.507328,381029.057525,0,79
328236.135918,381061.304786,0,730
327912.580499,381048.709104,0,330
328110.906281,381113.563501,0,730
328070.820381,381097.151989,0,730
327885.765319,381096.061054,0,730
327823.863364,381099.741274,0,19
328216.717737,381053.230353,0,730
327933.245794,381095.904454,0,545
327694.549025,381121.401229,0,142
328209.782926,381065.848525,0,100
327879.291941,381097.281685,0,730
327671.908126,381132.374403,0,730
327947.092301,381092.839903,0,730
328094.445414,381114.682757,0,730
327954.856073,381019.145526,0,597
328174.58094,381043.979984,0,730
327755.958917,381081.963335,0,730
327967.96009,381106.615397,0,730
327994.944719,381105.330474,0,730
327996.297774,381021.717624,0,730
328080.186645,381047.542668,0,730
327772.588687,381119.508907,0,730
327774.669207,381131.824387,0,730
328123.184311,381027.501041,0,525
328230.716768,381029.277817,0,198
328143.517707,381052.29413,0,730
328118.052204,381054.643705,0,118
328170.549659,381095.605001,0,730
328024.037366,381066.282144,0,730
328163.083532,381084.056763,0,730
328110.259612,381085.076516,0,730
327942.182721,381070.469817,0,730
328070.542606,381049.227962,0,730
328199.392502,381084.289861,0,730
328317.262478,381031.310192,0,231
328070.166985,381083.134898,0,676
327987.942771,381106.367034,0,362
327799.640301,381134.682776,0,638
328158.595124,381089.12825,0,32
327839.018505,381062.752481,0,730
328167.549048,381041.255075,0,730
328309.304132,381040.657352,0,730
327649.786586,381129.726248,0,730
327993.736855,381023.815456,0,730
327905.106572,381124.901141,0,236
328190.763731,381077.776143,0,730
328103.979972,381027.466787,0,730
327886.9337,381120.321661,0,730
328162.950468,381081.986519,0,730
328288.240809,381007.615912,0,730
327775.295489,381107.68063,0,730
328109.882272,381108.45392,0,730
328060.852577,381086.083749,0,730
327963.546055,381023.272546,0,367
328153.156734,381021.460822,0,421
327842.129048,381141.057262,0,730
328025.589782,381117.911043,0,472
328274.649719,381016.850301,0,730
328052.732835,381111.691093,0,730
328077.286922,381069.352783,0,730
328093.765846,381112.37229,0,728
327798.56574,381083.026388,0,730
327769.446826,381144.08418,0,692
327964.389989,381100.019549,0,727
327711.547552,381105.277146,0,730
327734.745186,381140.968787,0,704
328223.277447,381075.780836,0,730
328131.881794,381037.282336,0,500
327881.387229,381053.209584,0,201
328142.740197,381041.09954,0,338
328065.244636,381112.132789,0,730
327926.502753,381083.018106,0,730
327716.351997,381115.33169,0,519
328153.781912,381076.672575,0,730
328307.4611,380980.114387,0,730
327885.228404,381113.058697,0,730
327770.144587,381061.465438,0,730
328279.541716,381059.84276,0,730
328190.58132,381050.152495,0,730
327963.092866,381074.989897,0,730
327769.20692,381099.244142,0,730
328045.312782,381121.391503,0,21
328139.592626,381104.33159,0,730
327772.401864,381111.379375,0,730
327693.869982,381112.570049,0,214
328109.949053,381102.169461,0,403
328035.63547,381101.582611,0,730
328102.844537,381038.398848,0,230
327734.853309,381129.795466,0,730
327819.266878,381076.397716,0,117
328176.337574,381073.87874,0,730
328013.081057,381058.491878,0,730
328050.539722,381013.957545,0,730
327677.26382,381161.146571,0,730
327990.449162,381054.990069,0,730
327829.023995,381087.182024,0,730
327793.342762,381128.293233,0,301
327721.490335,381106.739955,0,730
327730.118973,381174.92967,0,730
327968.807525,381075.542655,0,148
328053.250975,381027.219262,0,730
328218.136474,381011.485413,0,707
327927.664554,381038.99873,0,370
327949.462442,381057.825183,0,227
328030.502788,381045.266664,0,516
328088.162441,381103.138719,0,730
328172.047082,381034.641713,0,730
327886.967846,381056.656199,0,730
327968.009153,381116.542489,0,334
327869.975471,381066.955863,0,730
328273.255621,381013.130956,0,730
327803.884078,381133.6593,0,631
327986.307594,381028.899603,0,632
328078.558692,381076.228238,0,498
327942.979676,381038.325066,0,461
328171.25418,381093.950076,0,292
327857.689698,381105.156788,0,730
327899.227369,381108.899303,0,730
328275.526942,381020.576345,0,591
327846.906762,381052.733065,0,730
328245.046359,381028.24787,0,730
328209.850139,381073.491399,0,643
328130.810584,381089.919852,0,309
327950.532014,381061.362385,0,730
328153.434363,381078.349509,0,589
328120.154773,381034.148636,0,730
327710.226231,381119.932293,0,730
328254.345277,381020.149657,0,357
327942.339292,381023.558846,0,730
327850.716498,381138.105125,0,537
328050.626779,381067.423693,0,730
327978.168397,381112.643148,0,687
327643.018033,381145.109044,0,730
328237.747817,381030.036225,0,730
328154.54555,381025.61184,0,730
328103.027557,381101.899615,0,463
327862.67585,381059.498253,0,730
328313.29213,381038.795878,0,730
328037.661625,381093.914481,0,730
327816.769455,381092.653651,0,370
328024.415372,381129.902472,0,386
327781.399617,381049.052097,0,730
328115.420582,381043.639897,0,730
327915.120742,381068.388277,0,69
328058.398841,381066.622265,0,705
328096.056628,381093.380859,0,80
327804.462714,381091.805198,0,730
328046.897921,381092.309556,0,730
327930.268998,381118.744342,0,648
328233.756159,381051.766381,0,479
328098.172589,381029.649286,0,699
327949.034635,381127.278727,0,527
327787.419573,381096.817011,0,730
327829.278895,381102.254484,0,730
327777.011621,381138.407638,0,730
327893.268144,381088.380891,0,730
328092.019171,381098.557252,0,730
328016.531263,381098.325437,0,730
328165.922665,381021.982971,0,695
327708.870191,381152.958428,0,730
327813.933379,381144.724485,0,574
328307.570993,381049.149811,0,311
327726.213259,381104.254786,0,730
328002.474173,381065.946569,0,36
327671.459868,381129.887814,0,730
327975.704778,381077.595552,0,56
328182.683096,381026.097649,0,146
327788.65941,381088.649501,0,730
327752.530426,381091.862235,0,730
328268.139187,380997.464279,0,730
327931.223814,381086.619464,0,68
327838.142964,381087.012911,0,730
328019.036324,381133.055522,0,720
327775.210283,381105.99155,0,730
327971.053171,381104.776179,0,585
328060.348122,381056.997957,0,730
327880.213805,381122.541944,0,465
327710.294662,381098.107331,0,53
328317.688297,381019.486482,0,730
328071.306039,381114.777548,0,730
328109.236541,381023.970358,0,150
327849.400557,381128.348977,0,730
328211.528257,381038.247304,0,730
328047.82946,381096.029043,0,730
327983.155427,381070.367693,0,730
327743.666681,381108.032756,0,578
328027.666689,381126.828081,0,266
327920.731019,381096.278153,0,730
327860.365922,381114.691199,0,221
327942.647157,381033.71111,0,730
328194.948028,381053.94662,0,730
327985.727714,381105.413726,0,630
328033.437755,381115.448088,0,730
328030.698507,381127.844984,0,730
327707.878684,381115.882964,0,730
328147.551513,381066.771886,0,730
328160.102601,381095.819681,0,730
327972.79081,381016.790061,0,730
327929.291132,381027.299714,0,730
327900.194189,381049.063479,0,367
327881.385944,381052.352725,0,730
327964.288743,381098.132565,0,730
327772.949114,381081.735986,0,730
328202.80408,381018.118108,0,730
327844.460888,381083.672009,0,453
327694.381295,381118.3637,0,730
327977.302534,381036.415823,0,615
328220.219588,381037.141241,0,387
328254.505432,381057.59262,0,730
327692.928324,381167.604514,0,152
327783.508394,381064.942663,0,730
328033.282875,381119.547345,0,695
327999.130434,381021.489591,0,730
328280.226969,381046.593325,0,730
327692.676291,381147.782492,0,193
327928.267636,381080.786407,0,730
327892.292274,381059.283685,0,730
328128.365739,381040.483324,0,411
328024.042029,381046.679951,0,730
327799.628046,381054.617438,0,106
327962.691484,381112.97452,0,730
327650.158829,381146.863469,0,730
327692.177459,381142.301663,0,226
328262.319735,381004.104997,0,730
328242.789986,381059.941947,0,730
327965.976977,381035.461874,0,730
327684.597906,381128.969078,0,730
327691.631677,381148.447722,0,633
327724.394845,381171.41973,0,730
328075.569516,381027.089007,0,730
327684.060888,381116.174312,0,492
328046.397497,381105.742663,0,730
328008.487366,381138.842545,0,730
328003.447851,381065.854441,0,730
327772.129733,381143.689358,0,730
328050.169292,381080.928487,0,730
328166.253881,381081.783967,0,475
328093.173508,381066.506228,0,730
328032.611061,381119.989385,0,730
328225.113372,381067.918873,0,730
327821.236936,381095.79889,0,730
327828.846092,381138.276882,0,730
328035.159608,381022.812119,0,730
327823.02826,381139.696505,0,730
327902.93534,381050.357972,0,730
328002.631153,381012.555453,0,730
327984.473398,381109.496385,0,730
328108.260549,381046.753411,0,730
327980.703279,381063.185418,0,673
327782.039401,381102.541401,0,730
327917.26277,381121.589616,0,663
327824.313756,381118.275896,0,730
327949.668075,381067.087494,0,730
328310.65578,381000.807915,0,730
328029.913795,381089.083095,0,164
328019.472755,381040.265657,0,730
327879.089126,381079.467929,0,730
328050.198942,381087.172218,0,730
328261.121454,381058.021261,0,730
328075.775665,381024.441607,0,646
327859.05512,381087.720862,0,516
327833.311076,381069.238253,0,94
328132.747822,381056.628976,0,730
328197.600803,381032.031368,0,730
328240.188651,381034.716801,0,730
328317.439069,381046.289486,0,730
328271.558305,381042.631945,0,730
327998.382159,381056.007437,0,730
327683.431756,381166.275637,0,603
328000.443419,381048.976245,0,486
328020.997589,381055.300369,0,730
327739.396618,381094.30078,0,502
327748.825447,381139.510422,0,730
328021.48691,381123.683119,0,509
327758.675917,381140.344632,0,725
327984.912927,381037.384489,0,730
328212.145256,381041.214645,0,730
328229.233797,381063.274557,0,730
327774.365595,381116.980165,0,278
328153.501128,381057.923128,0,553
327990.154863,381126.734592,0,730
328106.221004,381088.008006,0,454
328198.208553,381082.355101,0,168
327753.005049,381072.816843,0,730
327787.493553,381131.098275,0,730
328118.145449,381045.812517,0,730
327877.931081,381077.947966,0,730
328005.375757,381135.563728,0,353
327778.560119,381102.281135,0,679
328150.309541,381092.000364,0,377
327676.769051,381163.25193,0,442
328049.89882,381113.702942,0,410
328188.887014,381066.131404,0,730
327931.439556,381069.431171,0,730
328290.511065,380986.303778,0,33
328174.575612,381070.158991,0,730
327814.832134,381127.571194,0,730
328131.321613,381023.544648,0,307
328229.323673,381049.979062,0,471
327997.512961,381084.159295,0,730
327939.829128,381120.073998,0,676
328303.295612,380992.187183,0,730
328065.11361,381053.451765,0,673
327966.525332,381091.385163,0,730
327902.05101,381102.316003,0,730
328081.104446,381059.669635,0,381
327997.205052,381101.546687,0,730
327930.66617,381045.816005,0,730
328053.111225,381054.723482,0,730
328273.230705,381041.613841,0,730
327937.210406,381126.38185,0,730
327962.424323,381099.137056,0,285
328012.455974,381014.45924,0,730
327924.773447,381119.857405,0,583
327683.01414,381137.415391,0,409
327979.160597,381022.340679,0,590
327852.662569,381102.487426,0,730
327688.808249,381169.081433,0,468
328269.582612,381012.87933,0,730
327906.03364,381120.335138,0,232
328116.315118,381025.005739,0,373
327967.36657,381043.905583,0,177
328315.9628,381051.03157,0,654
328202.062174,381066.277102,0,730
328066.132211,381094.029811,0,730
328216.959735,381057.050388,0,730
327751.320041,381119.07958,0,221
327819.092313,381060.072752,0,730
327796.10211,381093.184022,0,476
328137.77684,381042.461378,0,213
328241.803057,381005.254217,0,140
327901.000098,381056.990701,0,238
328126.149386,381047.696855,0,730
327814.693527,381133.539945,0,730
328103.581323,381107.62548,0,730
327856.207033,381137.623603,0,584
327951.095092,381047.562562,0,730
327646.02885,381143.726863,0,730
328134.501874,381107.164733,0,543
328242.502419,381046.135556,0,730
328020.751546,381073.485166,0,730
328125.171433,381036.628508,0,730
327986.449222,381077.027689,0,510
328242.605652,381040.858589,0,730
328109.428289,381035.164283,0,730
327860.280648,381075.982502,0,521
328207.093312,381081.601896,0,730
327930.088613,381111.935609,0,730
328106.080718,381033.478229,0,726
327717.454957,381168.975693,0,730
327720.431312,381158.479519,0,258
327736.377727,381132.230891,0,730
327811.881495,381147.146173,0,571
328245.56172,381002.701575,0,113
327799.367598,381100.234025,0,688
328218.668876,381049.215079,0,201
328173.479892,381056.042856,0,672
327847.829338,381091.211755,0,52
327686.303918,381122.665581,0,513
328251.447556,381066.238184,0,730
327975.33576,381062.833774,0,730
327708.343866,381118.930467,0,124
328181.396745,381038.385838,0,539
328193.337631,381029.220049,0,730
327659.568245,381134.314389,0,490
327983.464083,381078.702042,0,327
328003.130559,381081.340307,0,730
328007.461594,381072.438247,0,730
327925.043851,381032.560082,0,730
327983.292143,381116.472386,0,730
328066.672327,381083.220241,0,730
328171.489384,381028.534837,0,207
328060.189433,381073.092079,0,391
327741.697162,381146.796902,0,730
328032.155258,381052.465254,0,578
328297.073842,381048.926184,0,730
327752.215758,381163.373235,0,730
328298.567536,381053.422728,0,730
328211.369339,381016.5846,0,702
327768.89754,381076.717319,0,448
328252.557753,381009.3302,0,714
327913.230588,381083.169514,0,729
327921.132275,381055.163498,0,730
327747.801926,381104.755102,0,709
327700.539056,381173.458501,0,137
328140.553646,381046.203193,0,730
327968.894237,381054.186418,0,730
328039.610471,381043.118228,0,118
327880.908567,381040.493787,0,308
327711.957429,381102.231787,0,714
327972.390137,381066.901287,0,730
327810.480186,381101.118267,0,294
327761.143289,381098.026267,0,189
327913.944305,381061.534567,0,103
328011.315498,381036.145759,0,727
328061.971199,381062.084669,0,730
328047.664786,381053.111827,0,581
327870.625008,381125.110346,0,526
328015.994768,381016.324085,0,623
328129.956719,381043.891547,0,703
328207.298822,381044.395086,0,365
327841.772029,381084.871463,0,730
327865.675505,381120.079273,0,730
328192.672326,381084.342112,0,730
327920.088813,381125.67275,0,730
328230.39621,381010.700751,0,661
327912.47503,381065.738013,0,730
328019.330703,381032.058053,0,730
328193.341166,381057.953146,0,730
328111.967833,381041.227441,0,730
328204.409349,381066.058765,0,730
328313.28922,381006.436788,0,730
327851.079097,381133.166834,0,730
327884.721894,381116.892962,0,175
328093.47802,381064.696187,0,730
328090.934495,381098.970365,0,464
328013.636815,381112.972272,0,196
327910.623914,381118.429402,0,474
327897.174477,381029.749942,0,730
328119.199308,381080.693473,0,730
328102.163509,381077.707151,0,730
327951.716728,381058.118634,0,648
327765.521867,381139.340521,0,315
327733.169591,381086.570504,0,545
327753.632828,381116.599307,0,49
327972.312342,381040.901036,0,530
327929.246751,381064.903264,0,180
328196.431581,381044.707632,0,570
327691.09075,381167.748388,0,730
328149.419871,381044.814166,0,730
328296.18703,381053.763628,0,730
327769.997426,381132.631044,0,682
328124.266914,381098.418748,0,683
328300.087152,381006.157441,0,202
328170.715424,381076.016959,0,149
327884.406729,381111.573583,0,730
328146.593374,381040.570272,0,730
327777.855529,381084.311388,0,215
328175.70023,381048.194226,0,730
327789.651175,381148.058775,0,730
328023.614715,381065.633938,0,730
327948.302709,381134.187101,0,628
327993.581928,381015.779161,0,730
328209.901657,381064.95365,0,730
328140.469779,381058.211303,0,162
328183.671076,381083.734275,0,730
327731.812864,381127.246908,0,730
327776.43427,381103.453875,0,730
328113.274847,381033.782796,0,638
327983.7361,381132.265619,0,730
328132.990556,381051.913538,0,257
328228.1302,381011.894674,0,259
328025.468793,381065.644851,0,730
327803.48439,381067.842908,0,145
327978.320921,381018.874019,0,105
327720.580113,381164.302347,0,630
327812.052189,381099.300951,0,277
327896.539034,381108.895943,0,475
327903.58365,381046.18351,0,148
327868.118639,381044.776319,0,318
328161.08355,381039.499725,0,730
327988.992127,381075.357761,0,730
327898.720691,381113.794776,0,730
328044.788516,381029.421674,0,197
328308.334697,381053.157809,0,730
328314.072102,381018.541981,0,90
328175.436125,381081.016975,0,730
328139.690561,381072.981556,0,131
327828.483438,381052.866462,0,730
328178.516922,381036.496463,0,730
328298.504206,381054.927624,0,523
327853.469958,381096.521423,0,269
327864.943636,381123.027195,0,730
327875.133223,381106.447528,0,730
327962.25593,381036.6839,0,730
327840.197492,381090.506315,0,596
328083.100414,381103.977312,0,730
328133.42196,381088.533437,0,730
328026.26621,381129.066857,0,730
327783.829466,381079.713554,0,4
327909.949498,381068.227015,0,226
328314.641627,381005.521728,0,188
327737.928381,381117.292571,0,45
328158.77607,381083.088066,0,730
328182.818758,381082.696495,0,659
327990.668299,381122.723084,0,455
327900.24825,381102.83106,0,337
328169.720613,381053.531328,0,730
328127.256306,381023.983507,0,698
327863.759756,381106.173553,0,730
327689.10195,381143.59556,0,192
327784.639708,381120.271894,0,730
328262.080143,381004.804504,0,348
327838.371243,381073.441031,0,730
327751.528861,381159.275467,0,730
327971.058015,381146.848238,0,147
328270.518631,381051.641528,0,730
328187.445009,381051.416452,0,730
328049.164229,381075.094843,0,349
327787.405333,381111.421172,0,730
327792.156866,381149.047296,0,441
327855.136185,381101.801072,0,88
328302.743049,380989.65403,0,730
327918.339604,381075.710878,0,730
327859.004919,381123.281349,0,730
328054.537136,381084.7473,0,730
327681.700378,381163.374247,0,730
328194.87874,381068.962707,0,92
327950.451531,381128.674274,0,320
327949.232568,381096.43491,0,439
328185.63975,381083.573233,0,466
327954.164867,381052.961988,0,730
327872.408995,381131.117336,0,32
328072.951375,381063.692598,0,730
327991.832744,381080.636807,0,730
327690.029825,381133.819565,0,692
327894.00498,381033.285762,0,730
327882.696706,381095.939342,0,730
327743.228348,381090.196557,0,730
327968.848045,381036.727691,0,637
327734.592249,381160.990274,0,730
327908.746888,381123.463843,0,730
327852.289676,381094.055145,0,730
327868.031526,381070.406336,0,74
328077.452282,381095.632405,0,730
328177.268523,381039.595232,0,730
327804.903361,381111.695638,0,730
327958.935841,381103.585824,0,730
327740.606476,381108.120519,0,730
327882.315316,381109.801067,0,730
327800.657408,381078.276355,0,730
328010.54359,381083.76062,0,730
327791.249229,381131.577522,0,730
328172.050665,381080.622211,0,379
328032.256658,381120.468028,0,730
328034.204779,381037.714865,0,730
328169.01472,381029.835262,0,326
327814.665392,381125.102684,0,730
327753.341288,381162.046987,0,730
328306.776853,381018.781085,0,332
327721.597754,381092.307851,0,624
328075.170469,381088.390883,0,665
327786.783864,381062.988502,0,440
327803.377378,381150.009274,0,730
328134.290889,381073.992187,0,730
328022.290623,381109.295497,0,730
327913.40429,381108.2084,0,730
327827.998291,381132.174263,0,730
327743.100905,381125.358898,0,730
327917.941677,381056.916624,0,66
328165.826191,381049.459837,0,182
327967.04657,381043.047411,0,730
328153.95139,381021.07547,0,515
327867.793212,381110.774398,0,730
327851.78821,381126.753832,0,730
328057.767927,381067.770787,0,730
327899.992163,381105.222084,0,730
328016.061042,381074.104159,0,730
328077.519891,381104.164307,0,199
327938.789019,381120.587199,0,730
328098.387024,381089.808711,0,730
327798.854847,381095.760997,0,730
328199.32369,381072.50736,0,730
327817.73785,381117.761562,0,725
328193.081175,381081.14082,0,730
328084.666971,381108.177423,0,730
328018.893014,381046.857142,0,129
328120.419222,381090.243351,0,657
327707.939376,381145.467891,0,438
328080.879011,381119.463527,0,68
327945.492577,381061.194061,0,389
327925.468505,381063.434101,0,730
327916.4026,381117.052318,0,612
327861.877558,381136.364257,0,730
327641.398152,381141.923249,0,730
327874.510794,381075.658394,0,730
327822.768696,381116.678647,0,730
327739.407963,381120.369313,0,730
328046.885536,381113.558794,0,386
327711.444757,381114.57765,0,730
328086.346795,381063.673932,0,730
328132.354438,381087.891989,0,612
328027.152865,381044.887496,0,320
327963.264942,381036.853527,0,730
327984.059459,381044.196962,0,683
328162.597234,381096.1339,0,123
327839.894626,381065.666886,0,730
327903.930227,381048.982014,0,730
327953.113853,381119.617505,0,730
327686.724436,381154.595231,0,200
328102.038224,381070.066915,0,119
327750.004785,381120.611204,0,730
327923.834221,381067.114905,0,730
327797.1339,381120.541101,0,730
328308.90192,381014.932819,0,699
327984.133677,381155.013818,0,730
327949.117896,381088.930987,0,730
327952.494523,381118.199071,0,730
327797.192108,381130.659557,0,494
327941.345753,381053.24266,0,611
328097.402575,381057.932484,0,730
328224.166358,381034.312076,0,449
327946.134113,381119.205518,0,730
327950.503936,381132.358707,0,235
327894.479881,381045.490953,0,730
327680.836564,381151.962994,0,730
328147.444826,381069.684496,0,730
327934.241437,381111.748435,0,730
328150.262922,381080.332899,0,730
327873.762665,381100.040474,0,428
327996.562396,381153.151204,0,414
328068.46885,381025.378199,0,641
327890.416922,381084.432046,0,586
328002.23664,381067.888145,0,528
327807.950798,381059.046278,0,730
327915.441586,381080.114635,0,730
328058.915231,381070.704657,0,730
327731.721938,381130.4925,0,730
328071.146218,381110.329155,0,730
328276.922363,381029.859475,0,204
327977.806186,381034.234651,0,730
327773.667458,381135.74445,0,730
327843.951721,381046.643795,0,426
328283.975838,381006.07112,0,669
328103.220704,381061.637135,0,730
327972.693482,381015.852795,0,730
328124.614888,381040.041937,0,730
328307.718179,380992.535333,0,730
328010.56019,381114.233059,0,730
328296.935384,381003.935142,0,730
327731.882494,381104.221472,0,730
328144.594026,381090.954642,0,730
328030.584337,381122.899551,0,730
327890.301541,381035.99876,0,415
328093.286062,381091.28004,0,730
327782.223106,381107.618035,0,496
327769.619036,381129.052178,0,730
327845.140348,381089.227144,0,730
327896.938167,381096.652039,0,83
328236.933206,381011.61051,0,410
327796.159912,381064.358319,0,730
327885.92805,381105.406195,0,702
328022.808315,381042.025358,0,711
328316.803146,381028.545464,0,730
328275.111359,381053.21645,0,64
327957.922391,381038.164406,0,730
327796.521692,381120.134031,0,730
328084.744825,381062.379594,0,262
327818.184225,381111.463806,0,730
328281.363343,381033.680238,0,730
327792.737733,381063.596229,0,730
328303.368927,381026.694031,0,354
328116.802042,381072.787996,0,730
327806.085587,381051.289358,0,730
327731.363974,381165.990539,0,730
327917.52572,381117.427099,0,435
328280.026288,381053.180566,0,163
327901.894046,381111.321108,0,279
327984.515648,381102.731422,0,730
327954.658123,381032.190524,0,372
328084.025874,381098.108222,0,335
328179.984526,381071.416985,0,730
327649.845151,381152.897948,0,615
327928.433396,381068.569546,0,730
328226.266943,381060.717398,0,342
327801.299537,381097.045113,0,730
328171.247972,381075.376873,0,38
328083.549404,381103.692363,0,355
327716.7707,381093.712865,0,730
327838.463396,381070.302248,0,730
327979.511868,381122.889944,0,549
327799.846966,381132.026418,0,730
327998.495892,381032.993136,0,600
328030.67546,381058.503903,0,730
327837.981633,381120.515149,0,730
328052.329854,381108.628704,0,730
328269.624514,381042.014733,0,582
328142.208089,381083.56832,0,730
327953.32014,381079.974688,0,730
327915.865351,381054.498955,0,730
328098.663099,381065.438069,0,730
328111.477175,381105.014394,0,730
327976.439546,381096.967723,0,730
328031.346449,381121.538268,0,580
327833.126503,381067.529954,0,730
328005.961349,381011.234946,0,730
327879.437192,381122.686698,0,467
327999.806285,381021.006473,0,506
327899.915287,381046.162326,0,730
327958.015426,381098.728549,0,730
328114.080379,381033.968772,0,451
328030.436391,381008.12122,0,730
327869.742553,381129.149714,0,730
327970.942607,381038.73477,0,730
327973.067841,381124.002039,0,283
328064.919968,381030.119112,0,730
328053.395462,381079.934862,0,730
327694.627117,381155.158373,0,730
328086.465316,381074.123947,0,730
328215.815597,381054.566327,0,556
328057.395307,381031.113381,0,730
327707.59065,381100.931956,0,730
328119.382267,381072.743945,0,730
328198.507988,381074.154777,0,730
328011.695739,381097.603183,0,438
328134.377031,381082.077281,0,640
328152.296072,381047.470093,0,730
328155.268762,381025.807557,0,730
327799.525919,381141.631451,0,715
327913.541286,381025.697357,0,730
327862.580002,381065.309771,0,238
327869.892227,381054.205992,0,730
328312.448207,380993.420202,0,730
327966.052069,381146.912197,0,730
328092.526598,381100.250129,0,602
328242.769163,381050.67669,0,122
328148.011007,381042.902053,0,730
327788.374952,381049.15374,0,187
328071.759053,381022.314137,0,730
328138.580258,381035.864387,0,43
327949.87457,381117.431359,0,489
327724.791432,381155.743019,0,730
328210.376135,381042.968919,0,364
327711.420338,381123.081646,0,730
328051.047414,381012.715832,0,730
328022.182825,381102.134829,0,730
327821.047006,381074.426241,0,647
327873.440145,381065.810958,0,623
328028.506346,381070.610845,0,507
327856.6366,381111.360684,0,730
328004.664633,381093.319262,0,730
328097.799734,381038.079005,0,730
328017.163596,381091.692326,0,675
327763.489997,381066.094644,0,730
327746.41025,381159.07365,0,718
327822.931535,381132.713454,0,730
327894.85969,381036.726732,0,730
328054.381524,381075.598535,0,667
327794.916628,381098.564552,0,723
327803.423846,381114.081747,0,730
328300.227491,381040.329345,0,730
328149.854082,381098.918321,0,730
327814.41083,381071.491743,0,730
327769.977661,381114.226481,0,730
328150.146058,381093.278435,0,366
328174.483386,381058.787985,0,730
327766.599167,381152.816257,0,730
327787.553185,381068.90307,0,625
328224.902313,381053.462718,0,730
328168.89437,381043.80277,0,724
327726.564559,381089.880225,0,272
328016.794399,381069.771485,0,729
328040.809107,381105.474543,0,380
327656.512083,381125.182226,0,643
327957.28244,381099.322608,0,730
327938.386955,381112.537722,0,730
327788.280654,381138.557611,0,724
327840.406582,381129.444182,0,251
327851.092209,381049.430415,0,730
327977.747922,381147.840672,0,730
327878.161222,381100.96972,0,730
328090.740261,381064.90503,0,730
